23;3121.0;2368.0;-2.74;7.54;-5.58;
23;3118.0;2355.0;-2.74;7.58;-5.54;
23;3129.0;2385.0;-2.75;7.56;-5.5;
23;3125.0;2367.0;-2.74;7.55;-5.61;
23;3105.0;2349.0;-2.74;7.55;-5.52;
23;3120.0;2376.0;-2.75;7.56;-5.55;
23;3114.0;2365.0;-2.73;7.56;-5.63;
23;3141.0;2391.0;-2.75;7.56;-5.59;
23;3115.0;2368.0;-2.75;7.56;-5.61;
23;3124.0;2386.0;-2.75;7.56;-5.61;
23;3118.0;2366.0;-2.74;7.55;-5.58;
23;3113.0;2344.0;-2.71;7.56;-5.59;
23;3138.0;2398.0;-2.73;7.59;-5.52;
23;3133.0;2389.0;-2.72;7.58;-5.52;
23;3123.0;2378.0;-2.75;7.57;-5.53;
23;3147.0;2373.0;-2.72;7.54;-5.48;
23;3120.0;2360.0;-2.74;7.57;-5.6;
23;3129.0;2389.0;-2.75;7.55;-5.54;
23;3124.0;2379.0;-2.73;7.59;-5.62;
23;3129.0;2367.0;-2.74;7.56;-5.64;
23;3116.0;2359.0;-2.75;7.55;-5.61;
23;3145.0;2358.0;-2.76;7.56;-5.54;
23;3168.0;2392.0;-2.74;7.57;-5.54;
23;3117.0;2368.0;-2.75;7.56;-5.58;
23;3121.0;2363.0;-2.73;7.58;-5.53;
23;3129.0;2360.0;-2.77;7.57;-5.54;
23;3125.0;2365.0;-2.74;7.56;-5.52;
23;3142.0;2401.0;-2.74;7.59;-5.52;
23;3122.0;2372.0;-2.74;7.55;-5.62;
23;3113.0;2373.0;-2.74;7.54;-5.49;
23;3125.0;2371.0;-2.75;7.57;-5.62;
23;3118.0;2366.0;-2.76;7.57;-5.56;
23;3130.0;2356.0;-2.76;7.56;-5.6;
23;3179.0;2393.0;-2.74;7.56;-5.54;
23;3142.0;2364.0;-2.73;7.57;-5.54;
23;3124.0;2370.0;-2.73;7.52;-5.5;
23;3122.0;2371.0;-2.74;7.57;-5.53;
23;3121.0;2369.0;-2.75;7.59;-5.57;
23;3125.0;2371.0;-2.73;7.56;-5.49;
23;3121.0;2368.0;-2.75;7.56;-5.56;
23;3137.0;2393.0;-2.76;7.57;-5.61;
23;3140.0;2389.0;-2.74;7.54;-5.52;
23;3110.0;2350.0;-2.75;7.58;-5.55;
23;3144.0;2400.0;-2.77;7.56;-5.51;
23;3137.0;2391.0;-2.75;7.56;-5.54;
23;3115.0;2366.0;-2.74;7.51;-5.5;
23;3127.0;2354.0;-2.72;7.59;-5.53;
23;3118.0;2367.0;-2.72;7.62;-5.5;
23;3128.0;2371.0;-2.7;7.63;-5.6;
23;3129.0;2380.0;-2.68;7.58;-5.68;
23;3135.0;2394.0;-2.72;7.55;-5.55;
23;3235.0;2364.0;-2.69;7.55;-5.6;
23;3127.0;2377.0;-2.72;7.55;-5.59;
23;3119.0;2362.0;-2.67;7.53;-5.57;
23;3129.0;2370.0;-2.71;7.57;-5.6;
23;3111.0;2355.0;-2.67;7.55;-5.57;
23;3122.0;2368.0;-2.66;7.53;-5.53;
23;3121.0;2363.0;-2.58;7.45;-5.38;
23;3146.0;2404.0;-2.53;7.46;-5.32;
23;3118.0;2355.0;-2.69;7.53;-5.59;
23;3116.0;2359.0;-2.25;7.2;-5.44;
23;3140.0;2402.0;-2.08;7.7;-5.57;
23;3106.0;2356.0;-2.58;7.31;-5.3;
23;3122.0;2341.0;-2.13;3.09;-3.87;
23;3137.0;2379.0;-2.47;7.91;-6.14;
23;3117.0;2365.0;-3.44;9.59;-6.23;
23;3132.0;2384.0;-2.04;8.01;-5.59;
23;3137.0;2371.0;-2.39;7.68;-5.03;
23;3147.0;2408.0;-1.77;7.89;-4.78;
23;3195.0;2400.0;-3.58;7.85;-7.14;
23;3121.0;2355.0;-2.3;7.45;-5.69;
23;3108.0;2345.0;-1.82;7.65;-5.37;
23;3150.0;2389.0;-1.93;7.63;-5.46;
23;3133.0;2394.0;-2.04;7.52;-5.32;
23;3097.0;2319.0;-2.89;7.11;-5.34;
23;3096.0;2306.0;-1.47;8.7;-5.34;
23;3154.0;2241.0;-1.13;8.53;-5.15;
23;3096.0;2291.0;-2.23;9.41;-5.27;
23;3087.0;2331.0;-2.35;9.48;-4.85;
23;2987.0;2196.0;-2.15;9.53;-4.64;
23;3395.0;2372.0;-2.0;9.87;-5.39;
23;3151.0;2372.0;-2.38;6.98;-4.81;
23;3139.0;2535.0;-2.38;6.98;-4.81;
23;3154.0;2369.0;-2.56;7.02;-3.8;
23;3070.0;2229.0;-1.88;7.73;-4.69;
23;3220.0;2520.0;-1.66;8.51;-6.36;
23;3290.0;2481.0;-2.53;10.19;-4.82;
23;3160.0;2286.0;2.85;7.52;-3.02;
23;3119.0;2370.0;1.78;7.28;-5.99;
23;3086.0;2316.0;2.76;7.99;-5.59;
23;3077.0;2210.0;2.07;9.33;-3.28;
23;3112.0;2345.0;-1.53;7.65;-8.82;
23;3136.0;2415.0;1.87;8.67;-7.01;
23;3109.0;2355.0;0.34;8.07;-6.83;
23;3136.0;2412.0;-0.09;8.44;-9.39;
23;3105.0;2337.0;-0.81;7.51;-6.34;
23;3117.0;2309.0;-2.1;6.65;-7.04;
23;3117.0;2336.0;0.29;7.66;-6.9;
23;3127.0;2385.0;-1.9;7.86;-7.32;
23;3063.0;2287.0;-2.02;8.01;-7.55;
23;4095.0;3748.0;-2.22;7.53;-6.3;
23;4095.0;4095.0;-1.22;7.54;-4.93;
23;2705.0;1516.0;-0.19;6.93;-4.49;
23;2516.0;1201.0;-2.09;6.04;-4.38;
23;4095.0;3337.0;-1.29;7.22;-5.57;
23;2626.0;1857.0;-0.79;6.94;-5.38;
23;1540.0;4.0;-2.47;5.7;-5.19;
23;1563.0;0.0;-1.59;6.96;-5.22;
23;2502.0;1042.0;-1.41;6.19;-5.26;
23;2792.0;1424.0;-3.6;5.85;-5.47;
23;3125.0;2383.0;-1.27;8.49;-5.65;
23;632.0;0.0;-1.21;8.33;-5.46;
23;3810.0;4095.0;-0.91;9.79;-5.96;
23;2206.0;0.0;-1.12;9.9;-5.67;
23;4095.0;4095.0;-1.21;9.93;-5.84;
23;2704.0;1204.0;-1.56;10.51;-6.54;
23;3650.0;4057.0;-1.76;12.08;-7.61;
23;3152.0;2445.0;-2.96;9.28;-7.36;
23;3139.0;2405.0;-3.05;9.28;-7.57;
23;3145.0;2428.0;-2.13;7.49;-5.74;
23;3128.0;2375.0;-1.53;5.87;-5.38;
23;3125.0;2354.0;-1.56;5.67;-5.35;
23;3095.0;2291.0;-3.16;4.24;-4.46;
23;3125.0;2376.0;-1.26;4.58;-5.14;
23;3145.0;2411.0;-1.58;4.22;-4.98;
23;3127.0;2369.0;-1.88;5.24;-5.6;
23;3135.0;2349.0;-2.14;5.41;-5.87;
23;3138.0;2368.0;-2.78;5.33;-6.02;
23;3120.0;2367.0;-2.12;6.38;-6.6;
23;3122.0;2356.0;-2.8;6.29;-6.82;
23;3099.0;2314.0;-3.05;6.4;-6.89;
23;3125.0;2353.0;-3.34;7.85;-7.48;
23;3114.0;2353.0;-4.71;10.67;-10.53;
23;3121.0;2331.0;-4.61;11.03;-10.87;
23;3138.0;2410.0;-4.25;8.8;-8.52;
23;3127.0;2379.0;-4.12;9.18;-9.29;
23;3118.0;2319.0;-3.83;8.95;-8.82;
23;3135.0;2402.0;-3.61;8.64;-8.43;
23;3118.0;2364.0;-2.8;5.38;-6.0;
23;3161.0;2354.0;-2.71;5.07;-5.88;
23;3160.0;2465.0;-2.58;4.5;-5.19;
23;3144.0;2375.0;-1.62;3.89;-4.5;
23;3305.0;2380.0;-1.54;3.09;-3.72;
23;3117.0;2361.0;-1.25;4.2;-4.29;
23;3118.0;2347.0;-2.52;4.89;-5.67;
23;3129.0;2330.0;-2.4;4.91;-5.51;
23;3130.0;2375.0;-3.03;7.01;-7.23;
23;3127.0;2395.0;-3.39;7.3;-7.43;
23;3113.0;2357.0;-3.39;7.3;-7.43;
23;3218.0;2367.0;-4.32;8.71;-9.19;
23;3103.0;2334.0;-3.65;8.73;-8.74;
23;3128.0;2361.0;-3.6;8.73;-8.79;
23;3133.0;2399.0;-3.76;10.05;-9.99;
23;3110.0;2322.0;-3.43;8.38;-8.34;
23;3159.0;2442.0;-3.36;7.92;-7.98;
23;3117.0;2349.0;-3.33;7.17;-7.41;
23;3133.0;2393.0;-2.61;5.17;-5.56;
23;3127.0;2369.0;-2.44;4.9;-5.39;
23;3127.0;2347.0;-2.16;4.61;-5.14;
23;3128.0;2396.0;-1.54;3.58;-4.36;
23;3133.0;2403.0;-1.45;3.31;-4.23;
23;3135.0;2385.0;-1.76;3.4;-4.59;
23;3131.0;2348.0;-1.58;4.25;-5.19;
23;3130.0;2367.0;-2.32;5.31;-5.68;
23;3150.0;2441.0;-2.43;5.65;-6.09;
23;3138.0;2396.0;-2.82;6.91;-7.55;
23;3136.0;2397.0;-2.85;7.18;-7.37;
23;3123.0;2364.0;-3.0;7.34;-7.57;
23;3135.0;2390.0;-3.89;8.48;-8.96;
23;3127.0;2386.0;-4.23;9.04;-9.5;
23;3176.0;2441.0;-4.74;9.51;-10.55;
23;3273.0;2397.0;-3.42;7.05;-7.53;
23;3138.0;2394.0;-4.13;8.24;-9.28;
23;3133.0;2406.0;-3.99;7.95;-8.86;
23;3125.0;2396.0;-2.19;4.56;-5.48;
23;3155.0;2440.0;-2.87;4.39;-6.13;
23;3154.0;2379.0;-2.28;3.98;-5.65;
23;3108.0;2334.0;-0.87;3.31;-4.26;
23;3128.0;2385.0;-1.03;3.6;-4.63;
23;3152.0;2432.0;-1.0;3.69;-4.77;
23;3094.0;2300.0;-1.66;4.14;-5.69;
23;3096.0;2307.0;-2.27;5.92;-7.61;
23;3138.0;2371.0;-2.63;5.78;-7.58;
23;3134.0;2374.0;-2.83;5.67;-7.53;
23;3118.0;2353.0;-3.64;7.16;-9.36;
23;3132.0;2364.0;-3.82;7.63;-9.82;
23;3125.0;2353.0;-3.13;7.81;-9.33;
23;3145.0;2431.0;-4.34;10.0;-11.84;
23;3136.0;2380.0;-4.04;7.66;-10.06;
23;3116.0;2353.0;-4.0;7.59;-9.83;
23;3214.0;2352.0;-3.5;7.09;-8.82;
23;3114.0;2352.0;-2.34;5.79;-6.81;
23;3116.0;2313.0;-2.09;5.39;-6.01;
23;3116.0;2314.0;-1.34;3.09;-4.87;
23;3119.0;2357.0;-0.89;2.76;-4.21;
23;3140.0;2398.0;-0.24;2.33;-3.67;
23;3145.0;2432.0;-0.47;4.22;-4.52;
23;3150.0;2428.0;-1.62;3.63;-5.95;
23;3131.0;2377.0;-1.49;3.62;-5.85;
23;3141.0;2356.0;-2.14;6.09;-8.02;
23;3104.0;2326.0;-2.25;7.68;-9.2;
23;3125.0;2368.0;-2.21;7.92;-9.01;
23;3099.0;2348.0;-2.74;9.66;-10.32;
23;3108.0;2351.0;-3.27;10.46;-10.52;
23;3125.0;2363.0;-3.15;10.48;-10.48;
23;3127.0;2363.0;-3.52;9.63;-10.31;
23;3090.0;2297.0;-3.71;7.77;-9.22;
23;3137.0;2388.0;-3.44;7.39;-8.43;
23;3145.0;2372.0;-3.18;7.18;-7.99;
23;3113.0;2351.0;-1.7;5.18;-5.55;
23;3149.0;2372.0;-1.28;3.25;-4.18;
23;3127.0;2370.0;-1.12;3.0;-4.01;
23;3133.0;2378.0;0.87;2.59;-3.05;
23;3116.0;2380.0;-0.08;3.01;-3.35;
23;3101.0;2310.0;-0.21;3.51;-3.68;
23;3149.0;2411.0;-2.3;5.68;-6.3;
23;3120.0;2348.0;-2.73;7.1;-7.75;
23;3157.0;2451.0;-2.53;7.78;-8.01;
23;3138.0;2389.0;-3.06;8.89;-9.05;
23;3123.0;2380.0;-3.55;8.72;-8.2;
23;3123.0;2366.0;-3.11;9.36;-8.66;
23;3121.0;2361.0;-2.11;7.02;-8.34;
23;3136.0;2398.0;-2.26;5.55;-10.86;
23;3128.0;2400.0;-2.32;5.31;-11.06;
23;3114.0;2364.0;-2.1;3.33;-8.87;
23;3170.0;2387.0;-1.97;5.7;-7.76;
23;3144.0;2437.0;-1.75;6.59;-6.62;
23;3128.0;2391.0;-3.17;9.97;-8.11;
23;3143.0;2432.0;-3.33;9.2;-7.62;
23;3144.0;2382.0;-1.37;6.96;-5.51;
23;3149.0;2437.0;-2.82;6.55;-5.82;
23;3159.0;2389.0;-2.58;6.3;-5.94;
23;3134.0;2399.0;-0.84;3.62;-5.11;
23;3109.0;2352.0;-1.48;1.95;-6.14;
23;3132.0;2395.0;-1.38;1.95;-6.2;
23;3147.0;2419.0;-1.35;2.06;-7.36;
23;3148.0;2432.0;-2.05;3.15;-8.94;
23;3135.0;2395.0;-1.99;3.38;-9.44;
23;3099.0;2312.0;-2.01;3.38;-9.69;
23;3153.0;2439.0;-3.0;5.42;-11.73;
23;3149.0;2369.0;-2.9;5.64;-11.76;
23;3125.0;2388.0;-3.23;8.53;-11.88;
23;3118.0;2352.0;-2.29;10.09;-11.55;
23;3123.0;2388.0;-1.24;8.8;-9.5;
23;3116.0;2363.0;-3.64;8.14;-8.88;
23;3145.0;2410.0;-2.01;6.94;-6.86;
23;3165.0;2388.0;-1.7;6.03;-5.75;
23;3116.0;2347.0;-2.43;5.61;-6.73;
23;3148.0;2440.0;-1.29;3.64;-4.95;
23;3124.0;2365.0;-0.9;2.84;-4.17;
23;3115.0;2353.0;0.19;2.44;-5.92;
23;3129.0;2362.0;-0.17;1.07;-5.77;
23;3134.0;2393.0;-0.67;1.05;-6.0;
23;3153.0;2430.0;-0.29;4.1;-9.22;
23;3110.0;2350.0;-0.85;4.67;-11.04;
23;3112.0;2320.0;-0.76;4.93;-11.52;
23;3109.0;2305.0;-1.64;1.39;-8.9;
23;3140.0;2426.0;-0.39;4.74;-12.54;
23;3134.0;2389.0;-0.5;4.77;-12.24;
23;3133.0;2384.0;0.27;4.84;-10.59;
23;3111.0;2360.0;0.01;6.93;-12.37;
23;3136.0;2381.0;-0.05;6.94;-11.96;
23;3136.0;2392.0;0.06;7.07;-11.53;
23;3108.0;2349.0;-0.42;7.45;-10.47;
23;3132.0;2420.0;-0.87;5.75;-8.24;
23;3118.0;2352.0;-0.85;5.57;-7.9;
23;3117.0;2316.0;-0.79;5.44;-7.6;
23;3123.0;2374.0;-0.59;5.03;-7.61;
23;3136.0;2397.0;0.06;3.11;-5.08;
23;3221.0;2386.0;-0.09;2.84;-4.96;
23;3150.0;2408.0;2.0;2.3;-5.21;
23;3132.0;2354.0;-1.3;2.96;-5.85;
23;3140.0;2311.0;-2.0;6.01;-9.46;
23;3134.0;2421.0;-2.55;9.2;-12.91;
23;3121.0;2373.0;1.32;3.76;-6.81;
23;3141.0;2349.0;1.65;2.62;-5.11;
23;3174.0;2365.0;1.95;1.34;-4.01;
23;3152.0;2372.0;2.41;0.87;-3.6;
23;3133.0;2402.0;-4.95;9.85;-13.81;
23;3124.0;2352.0;-5.26;11.72;-15.91;
23;3130.0;2357.0;-5.2;12.24;-16.52;
23;3106.0;2345.0;-0.15;5.44;-6.85;
23;3145.0;2434.0;3.93;0.24;-0.93;
23;3137.0;2401.0;3.7;0.18;-0.72;
23;3100.0;2310.0;-1.69;6.13;-9.16;
23;3133.0;2400.0;-4.0;11.01;-17.44;
23;3145.0;2442.0;-4.0;10.54;-17.1;
23;3107.0;2352.0;3.34;2.61;-3.33;
23;3124.0;2360.0;3.9;1.84;-3.07;
23;3108.0;2308.0;3.66;1.95;-3.22;
23;3148.0;2429.0;-3.64;5.9;-10.54;
23;3116.0;2368.0;-3.48;8.37;-13.91;
23;3150.0;2395.0;-2.46;7.68;-12.34;
23;3129.0;2385.0;-0.48;6.02;-8.83;
23;3216.0;2348.0;3.62;2.94;-3.82;
23;3130.0;2369.0;2.16;3.42;-5.13;
23;3109.0;2305.0;1.43;3.82;-5.9;
23;3146.0;2430.0;-4.95;8.24;-14.08;
23;3115.0;2361.0;-2.49;7.68;-12.07;
23;3134.0;2309.0;-1.6;7.03;-10.67;
23;3131.0;2382.0;3.53;3.65;-4.02;
23;3140.0;2425.0;2.3;3.56;-5.2;
23;3123.0;2359.0;1.43;3.78;-5.9;
23;3156.0;2394.0;-4.88;9.01;-14.65;
23;3128.0;2392.0;-0.6;6.34;-8.95;
23;3116.0;2361.0;1.37;5.05;-6.4;
23;3154.0;2429.0;2.51;3.77;-5.15;
23;3232.0;2422.0;0.34;4.09;-6.11;
23;3129.0;2384.0;-0.45;4.54;-7.0;
23;3102.0;2312.0;-4.57;9.2;-14.16;
23;3120.0;2363.0;1.19;4.74;-5.87;
23;3163.0;2385.0;1.9;4.52;-5.22;
23;3123.0;2353.0;3.24;3.24;-3.91;
23;3157.0;2405.0;-1.15;4.78;-7.74;
23;3126.0;2369.0;-2.87;5.81;-9.76;
23;3133.0;2367.0;-4.42;8.31;-13.21;
23;3105.0;2317.0;-0.54;5.98;-8.49;
23;3148.0;2425.0;0.22;5.43;-7.48;
23;3127.0;2386.0;3.49;3.2;-3.47;
23;3117.0;2361.0;1.36;4.67;-5.99;
23;3105.0;2326.0;-0.35;5.15;-7.42;
23;3211.0;2352.0;-5.02;9.37;-14.32;
23;3144.0;2434.0;-0.57;5.98;-7.97;
23;3136.0;2394.0;1.48;4.53;-5.32;
23;3106.0;2316.0;3.6;3.55;-3.94;
23;3112.0;2359.0;1.18;4.06;-5.46;
23;3151.0;2356.0;-1.08;4.71;-7.18;
23;3120.0;2327.0;-1.08;4.71;-7.18;
23;3130.0;2395.0;-3.75;8.53;-13.12;
23;3137.0;2398.0;1.17;4.59;-5.78;
23;3134.0;2379.0;2.13;4.31;-5.1;
23;3146.0;2420.0;3.51;3.32;-3.54;
23;3138.0;2402.0;-1.79;4.79;-7.39;
23;3133.0;2400.0;-4.36;5.59;-9.51;
23;3100.0;2306.0;-3.72;9.05;-13.75;
23;3133.0;2386.0;1.52;5.01;-5.89;
23;3123.0;2356.0;2.04;4.64;-5.36;
23;3142.0;2318.0;3.28;4.11;-4.43;
23;3106.0;2328.0;3.01;3.01;-3.64;
23;3141.0;2419.0;-3.09;5.21;-8.23;
23;3124.0;2367.0;-4.35;5.48;-8.93;
23;3098.0;2308.0;-3.98;9.35;-14.27;
23;3140.0;2399.0;4.22;2.78;-3.39;
23;3142.0;2423.0;4.17;2.73;-3.5;
23;3117.0;2355.0;-6.67;5.88;-11.49;
23;3134.0;2400.0;-7.64;10.05;-17.8;
23;3113.0;2356.0;1.48;5.12;-5.85;
23;3122.0;2352.0;4.82;2.51;-1.54;
23;3138.0;2421.0;4.13;2.29;-1.9;
23;3119.0;2383.0;-7.9;10.85;-19.76;
23;3125.0;2354.0;2.6;5.56;-5.7;
23;3143.0;2328.0;5.64;2.67;-1.18;
23;3123.0;2362.0;-4.06;4.95;-9.68;
23;3113.0;2315.0;-0.67;6.39;-9.63;
23;3149.0;2430.0;0.72;5.87;-8.11;
23;3226.0;2347.0;-1.92;4.79;-8.23;
23;3130.0;2409.0;1.13;7.45;-9.67;
23;3126.0;2382.0;2.54;6.33;-7.05;
23;3120.0;2327.0;-1.54;3.64;-7.1;
23;3126.0;2401.0;-1.25;7.11;-11.14;
23;3119.0;2368.0;-0.26;6.41;-8.98;
23;3142.0;2400.0;-2.64;6.41;-10.32;
23;3217.0;2347.0;-0.85;9.12;-13.05;
23;3141.0;2390.0;-0.01;8.21;-10.97;
23;3134.0;2311.0;-0.95;5.43;-8.26;
23;3126.0;2395.0;-0.66;7.0;-10.15;
23;3118.0;2360.0;0.58;5.92;-7.93;
23;3152.0;2450.0;-0.92;5.12;-7.84;
23;3141.0;2437.0;-0.57;5.79;-8.44;
23;3130.0;2383.0;-0.02;5.36;-7.97;
23;3117.0;2350.0;1.61;4.5;-5.9;
23;3118.0;2347.0;0.74;4.17;-5.88;
23;3149.0;2400.0;0.07;5.27;-7.47;
23;3129.0;2380.0;-2.84;8.03;-11.24;
23;3132.0;2385.0;-1.7;7.93;-10.68;
23;3133.0;2418.0;-1.39;7.53;-10.18;
23;3137.0;2436.0;3.23;2.95;-3.5;
23;3127.0;2384.0;-0.6;5.13;-7.34;
23;3213.0;2337.0;-0.82;6.39;-8.69;
23;3112.0;2354.0;-3.86;8.28;-12.48;
23;3151.0;2420.0;-1.19;7.19;-10.44;
23;3131.0;2404.0;-0.57;6.69;-9.37;
23;3091.0;2303.0;3.56;2.17;-2.81;
23;3121.0;2370.0;-0.32;4.83;-7.35;
23;3107.0;2353.0;-0.98;5.38;-8.22;
23;3110.0;2360.0;-4.74;9.85;-14.98;
23;3108.0;2312.0;-0.62;6.79;-9.16;
23;3147.0;2409.0;-0.62;6.79;-9.16;
23;3116.0;2368.0;2.83;3.14;-3.85;
23;3139.0;2379.0;1.6;3.59;-4.24;
23;3203.0;2362.0;-1.21;5.94;-8.13;
23;3115.0;2348.0;-4.84;9.28;-13.87;
23;3145.0;2384.0;-1.6;7.37;-10.2;
23;3140.0;2411.0;-0.58;6.5;-8.39;
23;3133.0;2364.0;3.77;2.72;-2.62;
23;3117.0;2362.0;0.57;3.94;-5.39;
23;3119.0;2375.0;-1.09;4.93;-7.49;
23;3131.0;2401.0;-4.16;10.05;-15.27;
23;3141.0;2433.0;2.16;4.84;-5.17;
23;3162.0;2369.0;3.19;4.04;-3.98;
23;3143.0;2441.0;4.01;3.46;-3.36;
23;3147.0;2429.0;-4.85;6.57;-10.97;
23;3138.0;2407.0;-6.15;8.7;-14.02;
23;3127.0;2349.0;-2.62;8.76;-13.01;
23;3131.0;2396.0;3.19;3.5;-3.91;
23;3143.0;2419.0;3.73;3.4;-3.39;
23;3151.0;2398.0;2.13;2.84;-3.72;
23;3090.0;2300.0;-5.09;6.64;-11.2;
23;3159.0;2436.0;-5.44;7.59;-12.11;
23;3135.0;2404.0;-0.64;6.74;-8.86;
23;3119.0;2355.0;3.81;3.82;-3.56;
23;3135.0;2373.0;4.15;3.32;-3.01;
23;3131.0;2397.0;0.73;4.14;-5.58;
23;3137.0;2396.0;-4.87;6.37;-11.17;
23;3140.0;2395.0;-5.76;8.03;-13.86;
23;3094.0;2313.0;-2.38;8.1;-12.01;
23;3089.0;2292.0;3.41;3.76;-3.91;
23;3152.0;2438.0;3.38;3.59;-3.96;
23;3123.0;2383.0;3.19;3.55;-3.91;
23;3142.0;2401.0;-5.02;6.72;-11.35;
23;3129.0;2392.0;-5.36;7.38;-12.49;
23;3120.0;2374.0;-1.13;6.86;-9.41;
23;3117.0;2355.0;3.21;3.65;-3.76;
23;3127.0;2353.0;3.72;2.88;-2.99;
23;3094.0;2315.0;0.06;4.55;-6.31;
23;3124.0;2342.0;-5.66;6.97;-12.18;
23;3152.0;2445.0;-5.81;9.06;-15.44;
23;3127.0;2342.0;-5.06;10.11;-16.48;
23;3176.0;2330.0;2.56;3.3;-4.51;
23;3136.0;2377.0;2.73;3.14;-4.3;
23;3116.0;2351.0;2.24;3.4;-4.48;
23;3269.0;2397.0;-5.1;6.75;-11.84;
23;3199.0;2381.0;-5.71;7.6;-13.5;
23;3134.0;2315.0;-6.31;9.63;-16.78;
23;3114.0;2372.0;-1.55;6.93;-10.15;
23;3289.0;2324.0;3.73;2.89;-3.09;
23;3112.0;2311.0;3.73;2.89;-3.09;
23;3196.0;2375.0;1.88;3.46;-4.37;
23;3130.0;2393.0;-5.43;7.17;-12.87;
23;3143.0;2369.0;-6.05;8.01;-14.32;
23;3119.0;2360.0;-2.12;7.55;-11.02;
23;3124.0;2363.0;2.51;3.97;-4.18;
23;3103.0;2326.0;3.39;3.46;-3.46;
23;3096.0;2309.0;2.17;3.63;-4.43;
23;3124.0;2375.0;-3.74;5.56;-9.59;
23;3104.0;2332.0;-5.35;7.59;-12.72;
23;3110.0;2347.0;-2.09;7.57;-10.79;
23;3106.0;2334.0;3.05;3.5;-4.04;
23;3120.0;2365.0;3.25;3.27;-3.62;
23;3145.0;2432.0;2.87;2.72;-3.39;
23;3110.0;2354.0;-4.03;5.99;-9.86;
23;3122.0;2320.0;-5.83;6.87;-11.49;
23;3121.0;2365.0;-5.44;8.18;-13.48;
23;3112.0;2356.0;2.89;3.72;-4.08;
23;3113.0;2325.0;3.67;2.92;-2.77;
23;3125.0;2391.0;1.52;4.21;-5.28;
23;3135.0;2406.0;-5.86;6.0;-11.25;
23;3122.0;2370.0;-6.57;8.18;-14.84;
23;3140.0;2397.0;1.82;5.84;-5.76;
23;3149.0;2428.0;6.13;2.83;-0.99;
23;3148.0;2433.0;3.41;3.48;-3.21;
23;3097.0;2309.0;-6.72;5.24;-11.14;
23;3126.0;2350.0;-2.12;9.36;-14.44;
23;3117.0;2339.0;-0.96;8.08;-11.61;
23;3104.0;2342.0;5.2;2.24;-1.34;
23;3126.0;2372.0;1.36;4.58;-5.71;
23;3119.0;2375.0;-0.22;4.2;-5.95;
23;3104.0;2314.0;-5.58;11.88;-20.32;
23;3114.0;2341.0;4.36;3.5;-2.89;
23;3098.0;2296.0;5.54;3.12;-1.99;
23;3091.0;2292.0;3.05;3.58;-3.69;
23;3112.0;2348.0;-8.18;6.69;-14.18;
23;3280.0;2266.0;-7.01;10.55;-18.76;
23;3088.0;2286.0;3.03;4.22;-4.56;
23;3122.0;2351.0;4.09;2.75;-2.3;
23;3116.0;2335.0;3.26;3.15;-3.23;
23;3071.0;2240.0;-6.89;9.41;-15.77;
23;3129.0;2406.0;1.72;5.64;-7.05;
23;3121.0;2380.0;3.18;4.8;-4.86;
23;3038.0;2150.0;3.32;3.39;-3.41;
23;3097.0;2314.0;-8.33;6.74;-13.49;
23;3229.0;2715.0;-4.59;12.14;-20.06;
23;3045.0;2148.0;2.52;3.29;-4.15;
23;3099.0;2351.0;6.8;3.15;-0.59;
23;3123.0;2497.0;6.8;3.15;-0.59;
23;3025.0;2181.0;-6.1;3.99;-9.25;
23;3134.0;2407.0;-5.03;10.79;-20.7;
23;3222.0;2726.0;-5.03;10.79;-20.7;
23;3139.0;2529.0;5.74;3.66;-3.93;
23;3128.0;2392.0;5.89;2.16;-3.07;
23;3217.0;2711.0;3.87;2.75;-4.7;
23;3101.0;2272.0;-1.45;6.5;-16.44;
23;3035.0;2180.0;0.73;4.23;-11.16;
23;3040.0;2159.0;2.43;1.72;-6.0;
23;3192.0;2511.0;-1.89;1.54;-7.33;
23;3126.0;2378.0;-3.19;1.87;-6.97;
23;3124.0;2388.0;-5.43;1.23;-8.09;
23;3019.0;2158.0;-3.35;1.78;-7.91;
23;3101.0;2341.0;-3.27;1.81;-5.65;
23;3256.0;2600.0;-3.37;2.3;-6.46;
23;3164.0;2588.0;-6.41;4.33;-7.89;
23;3107.0;2354.0;-6.5;5.09;-6.99;
23;3001.0;2142.0;-5.75;5.41;-7.07;
23;3063.0;2209.0;-7.08;5.62;-7.36;
23;3067.0;2259.0;-6.12;5.05;-6.17;
23;3123.0;2389.0;-5.92;4.76;-6.47;
23;3077.0;2253.0;-4.8;4.69;-7.42;
23;3253.0;2521.0;-4.41;5.98;-8.78;
23;3121.0;2370.0;-2.94;5.81;-8.24;
23;3335.0;2370.0;-2.11;5.54;-8.39;
23;3161.0;2499.0;-3.53;5.92;-8.43;
23;3120.0;2371.0;-1.7;4.68;-5.83;
23;3143.0;2416.0;-3.84;1.92;-5.87;
23;3094.0;2335.0;-7.44;4.32;-10.48;
23;3119.0;2359.0;-9.93;10.21;-7.11;
23;3115.0;2359.0;-6.34;4.02;-8.26;
23;3199.0;2372.0;-7.51;4.35;-7.89;
23;3129.0;2367.0;-5.07;4.18;-7.47;
23;3122.0;2377.0;-4.73;4.34;-7.33;
23;3121.0;2369.0;-5.36;3.66;-7.35;
23;3138.0;2392.0;-5.11;3.98;-7.52;
23;3141.0;2390.0;-4.99;4.04;-7.41;
23;3118.0;2365.0;-5.02;4.0;-7.49;
23;3111.0;2362.0;-5.28;3.8;-7.53;
23;3122.0;2372.0;-5.26;3.87;-7.55;
23;3119.0;2368.0;-5.28;3.75;-7.43;
23;3106.0;2343.0;-5.24;3.7;-7.49;
23;3113.0;2361.0;-5.16;3.68;-7.35;
23;3108.0;2360.0;-5.15;3.77;-7.38;
23;3117.0;2368.0;-5.28;3.45;-7.37;
23;3154.0;2365.0;-5.32;3.68;-7.43;
23;3119.0;2354.0;-5.37;3.48;-7.44;
23;3117.0;2371.0;-5.26;3.62;-7.39;
23;3121.0;2378.0;-5.44;3.5;-7.51;
23;3122.0;2369.0;-5.47;3.55;-7.5;
23;3114.0;2363.0;-5.32;3.57;-7.46;
23;3105.0;2346.0;-5.48;3.45;-7.48;
23;3127.0;2374.0;-5.45;3.41;-7.43;
23;3115.0;2362.0;-5.38;3.52;-7.39;
23;3117.0;2365.0;-5.37;3.53;-7.56;
23;3124.0;2364.0;-5.35;3.54;-7.55;
23;3133.0;2388.0;-5.41;3.42;-7.37;
23;3127.0;2374.0;-5.41;3.43;-7.4;
23;3141.0;2404.0;-5.4;3.47;-7.45;
23;3118.0;2364.0;-5.43;3.41;-7.47;
23;3192.0;2361.0;-5.43;3.38;-7.5;
23;3119.0;2360.0;-5.43;3.37;-7.49;
23;3140.0;2396.0;-5.44;3.36;-7.46;
23;3122.0;2366.0;-5.41;3.35;-7.47;
23;3108.0;2362.0;-5.46;3.42;-7.56;
23;3104.0;2357.0;-5.49;3.23;-7.43;
23;3141.0;2400.0;-5.49;3.3;-7.42;
23;3303.0;2380.0;-5.45;3.36;-7.55;
23;3130.0;2376.0;-5.49;3.29;-7.43;
23;3118.0;2353.0;-5.43;3.32;-7.45;
23;3157.0;2400.0;-5.44;3.32;-7.57;
23;3119.0;2373.0;-5.49;3.26;-7.46;
23;3142.0;2393.0;-5.43;3.32;-7.44;
23;3204.0;2391.0;-5.53;3.22;-7.49;
23;3151.0;2364.0;-5.49;3.26;-7.57;
23;3125.0;2376.0;-5.46;3.27;-7.57;
23;3209.0;2362.0;-5.47;3.3;-7.43;
23;3111.0;2356.0;-5.5;3.22;-7.49;
23;3202.0;2372.0;-5.47;3.23;-7.45;
23;3127.0;2384.0;-5.49;3.22;-7.47;
23;3115.0;2366.0;-5.52;3.21;-7.46;
23;3134.0;2386.0;-5.46;3.21;-7.44;
23;3108.0;2359.0;-5.5;3.17;-7.52;
23;3174.0;2398.0;-5.49;3.19;-7.58;
23;3114.0;2359.0;-5.5;3.17;-7.49;
23;3134.0;2370.0;-5.51;3.18;-7.47;
23;3127.0;2369.0;-5.51;3.2;-7.5;
23;3130.0;2383.0;-5.5;3.16;-7.52;
23;3100.0;2347.0;-5.5;3.17;-7.49;
23;3141.0;2397.0;-5.52;3.13;-7.49;
23;3279.0;2378.0;-5.52;3.15;-7.56;
23;3121.0;2347.0;-5.48;3.15;-7.49;
23;3117.0;2368.0;-5.47;3.15;-7.47;
23;3142.0;2380.0;-5.51;3.15;-7.46;
23;3129.0;2378.0;-5.49;3.1;-7.57;
23;3138.0;2365.0;-5.53;3.1;-7.46;
23;3103.0;2342.0;-5.56;3.11;-7.52;
23;3099.0;2345.0;-5.54;3.08;-7.56;
23;3142.0;2391.0;-5.56;3.06;-7.53;
23;3113.0;2365.0;-5.55;3.07;-7.58;
23;3122.0;2375.0;-5.56;3.07;-7.52;
23;3115.0;2367.0;-5.55;3.05;-7.45;
23;3127.0;2373.0;-5.56;3.05;-7.5;
23;3160.0;2405.0;-5.58;3.03;-7.59;
23;3109.0;2353.0;-5.59;3.01;-7.57;
23;3127.0;2384.0;-5.56;3.03;-7.57;
23;3115.0;2365.0;-5.61;2.97;-7.52;
23;3124.0;2367.0;-5.57;2.94;-7.53;
23;3113.0;2362.0;-5.56;3.0;-7.55;
23;3111.0;2359.0;-5.61;2.95;-7.53;
23;3110.0;2350.0;-5.6;2.94;-7.51;
23;3139.0;2399.0;-5.61;2.91;-7.49;
23;3126.0;2379.0;-5.59;2.91;-7.51;
23;3107.0;2362.0;-5.58;2.89;-7.48;
23;3108.0;2351.0;-5.62;2.84;-7.48;
23;3139.0;2403.0;-5.62;2.87;-7.58;
23;3112.0;2365.0;-5.62;2.9;-7.48;
23;3125.0;2350.0;-5.64;2.85;-7.58;
23;3142.0;2394.0;-5.63;2.84;-7.56;
23;3126.0;2394.0;-5.67;2.79;-7.52;
23;3112.0;2365.0;-5.65;2.74;-7.48;
23;3129.0;2369.0;-5.63;2.77;-7.46;
23;3121.0;2368.0;-5.64;2.89;-7.61;
23;3110.0;2359.0;-5.73;2.66;-7.39;
23;3109.0;2350.0;-5.38;2.67;-7.81;
23;3185.0;2355.0;-5.7;2.76;-7.59;
23;3197.0;2217.0;-5.07;3.73;-8.12;
23;3222.0;2777.0;-10.81;3.29;-6.45;
23;3299.0;3047.0;-5.52;2.52;-8.36;
23;2911.0;2003.0;-6.03;4.57;-8.61;
23;3252.0;2514.0;-6.03;4.57;-8.61;
23;3077.0;2296.0;-8.08;4.7;-9.34;
23;3114.0;2755.0;-11.02;9.33;-11.09;
23;3023.0;2218.0;-12.31;9.2;-11.89;
23;3102.0;2245.0;1.23;-1.9;-3.41;
23;3082.0;2346.0;-6.61;1.99;-6.04;
23;2893.0;1990.0;-2.49;0.09;-4.06;
23;3109.0;2327.0;-10.75;8.71;-10.42;
23;3118.0;2335.0;-13.47;10.02;-9.75;
23;3144.0;2460.0;-14.38;11.62;-11.4;
23;3245.0;2358.0;-5.98;6.18;-6.32;
23;3103.0;2351.0;1.95;0.06;-3.31;
23;3125.0;2325.0;2.85;-0.29;-3.46;
23;3136.0;2404.0;-9.75;6.35;-9.13;
23;3130.0;2430.0;-6.55;7.38;-7.84;
23;3110.0;2367.0;-8.48;8.23;-8.71;
23;3091.0;2307.0;-1.28;2.36;-5.63;
23;3112.0;2352.0;0.57;1.43;-4.26;
23;3109.0;2362.0;2.28;0.75;-4.22;
23;3110.0;2363.0;-5.75;4.48;-6.51;
23;3102.0;2330.0;-7.74;7.73;-7.88;
23;3180.0;2421.0;-10.61;9.56;-10.13;
23;3137.0;2418.0;-11.24;10.48;-11.41;
23;3077.0;2310.0;-0.53;2.33;-4.91;
23;3047.0;2275.0;-3.23;3.48;-5.98;
23;3126.0;2350.0;-0.82;2.16;-4.75;
23;3152.0;2445.0;1.58;1.31;-4.05;
23;3082.0;2359.0;-9.12;7.68;-11.23;
23;3323.0;2960.0;-2.24;5.61;-7.92;
23;3141.0;2350.0;-4.88;6.02;-7.78;
23;3131.0;2411.0;-4.01;5.07;-5.99;
23;3221.0;2868.0;-4.26;5.32;-7.07;
23;3087.0;2313.0;-4.13;5.07;-6.92;
23;3111.0;2355.0;-4.03;3.06;-5.85;
23;3117.0;2370.0;-4.88;4.45;-7.28;
23;3111.0;2361.0;-4.86;4.37;-7.35;
23;3121.0;2376.0;-4.61;4.61;-7.39;
23;3099.0;2359.0;-4.73;4.53;-7.43;
23;3116.0;2359.0;-4.78;4.47;-7.4;
23;3132.0;2389.0;-4.76;4.54;-7.35;
23;3112.0;2360.0;-4.73;4.45;-7.24;
23;3118.0;2375.0;-4.75;4.36;-7.2;
23;3108.0;2368.0;-4.76;4.49;-7.44;
23;3104.0;2349.0;-4.8;4.44;-7.36;
23;3111.0;2367.0;-4.81;4.37;-7.32;
23;3266.0;2373.0;-4.83;4.32;-7.3;
23;3128.0;2390.0;-4.78;4.39;-7.33;
23;3114.0;2378.0;-4.8;4.36;-7.37;
23;3101.0;2356.0;-4.79;4.37;-7.35;
23;3117.0;2367.0;-4.82;4.37;-7.34;
23;3113.0;2375.0;-4.84;4.38;-7.35;
23;3111.0;2372.0;-4.81;4.39;-7.4;
23;3102.0;2345.0;-4.83;4.34;-7.35;
23;3132.0;2387.0;-4.82;4.35;-7.32;
23;3113.0;2374.0;-4.84;4.32;-7.44;
23;3112.0;2380.0;-4.85;4.31;-7.39;
23;3130.0;2389.0;-4.85;4.34;-7.35;
23;3108.0;2366.0;-4.83;4.34;-7.38;
23;3103.0;2348.0;-4.85;4.29;-7.33;
23;3099.0;2358.0;-4.83;4.28;-7.37;
23;3116.0;2360.0;-4.85;4.28;-7.36;
23;3138.0;2397.0;-4.87;4.33;-7.33;
23;3135.0;2389.0;-4.83;4.3;-7.37;
23;3125.0;2369.0;-4.86;4.32;-7.44;
23;3122.0;2375.0;-4.84;4.29;-7.41;
23;3118.0;2381.0;-4.86;4.28;-7.41;
23;3109.0;2360.0;-4.92;4.24;-7.44;
23;3146.0;2373.0;-4.88;4.27;-7.37;
23;3128.0;2386.0;-4.87;4.27;-7.36;
23;3103.0;2369.0;-4.86;4.27;-7.42;
23;3143.0;2367.0;-4.91;4.3;-7.39;
23;3094.0;2343.0;-4.89;4.23;-7.46;
23;3132.0;2379.0;-4.89;4.23;-7.46;
23;3134.0;2381.0;-4.89;4.24;-7.37;
23;3117.0;2364.0;-4.89;4.23;-7.37;
23;3116.0;2372.0;-4.89;4.22;-7.47;
23;3123.0;2380.0;-4.87;4.24;-7.4;
23;3148.0;2380.0;-4.88;4.26;-7.36;
23;3144.0;2374.0;-4.86;4.26;-7.37;
23;3124.0;2377.0;-4.87;4.25;-7.37;
23;3119.0;2361.0;-4.87;4.25;-7.46;
23;3112.0;2360.0;-4.88;4.22;-7.38;
23;3141.0;2397.0;-4.87;4.24;-7.39;
23;3122.0;2378.0;-4.87;4.21;-7.34;
23;3132.0;2398.0;-4.87;4.21;-7.36;
23;3116.0;2376.0;-4.88;4.21;-7.44;
23;3104.0;2356.0;-4.9;4.24;-7.43;
23;3134.0;2383.0;-4.88;4.26;-7.38;
23;3121.0;2377.0;-4.89;4.26;-7.38;
23;3113.0;2364.0;-4.85;4.23;-7.46;
23;3123.0;2377.0;-4.87;4.23;-7.42;
23;3115.0;2363.0;-4.89;4.21;-7.4;
23;3108.0;2359.0;-4.9;4.22;-7.33;
23;3141.0;2401.0;-4.88;4.21;-7.39;
23;3121.0;2379.0;-4.89;4.22;-7.47;
23;3134.0;2403.0;-4.9;4.22;-7.43;
23;3123.0;2384.0;-4.9;4.22;-7.43;
23;3142.0;2410.0;-4.91;4.24;-7.39;
23;3126.0;2385.0;-4.89;4.21;-7.36;
23;3122.0;2379.0;-4.89;4.23;-7.38;
23;3120.0;2366.0;-4.89;4.21;-7.46;
23;3130.0;2355.0;-4.9;4.22;-7.38;
23;3139.0;2393.0;-4.89;4.23;-7.39;
23;3124.0;2380.0;-4.89;4.22;-7.41;
23;3144.0;2404.0;-4.89;4.24;-7.44;
23;3149.0;2378.0;-4.89;4.22;-7.48;
23;3174.0;2407.0;-4.88;4.22;-7.4;
23;3145.0;2395.0;-4.89;4.23;-7.37;
23;3124.0;2379.0;-4.88;4.23;-7.34;
23;3139.0;2404.0;-4.89;4.24;-7.33;
23;3124.0;2370.0;-4.89;4.23;-7.43;
23;3112.0;2361.0;-4.89;4.2;-7.39;
23;3146.0;2394.0;-4.93;4.2;-7.39;
23;3130.0;2386.0;-4.92;4.21;-7.36;
23;3143.0;2399.0;-4.89;4.21;-7.42;
23;3119.0;2375.0;-4.89;4.21;-7.42;
23;3131.0;2380.0;-4.92;4.23;-7.49;
23;3124.0;2363.0;-4.9;4.21;-7.45;
23;3183.0;2401.0;-4.88;4.23;-7.4;
23;3127.0;2382.0;-4.89;4.24;-7.35;
23;3157.0;2395.0;-4.9;4.23;-7.4;
23;3123.0;2368.0;-4.92;4.22;-7.44;
23;3115.0;2371.0;-4.89;4.19;-7.39;
23;3129.0;2376.0;-4.89;4.19;-7.39;
23;3127.0;2376.0;-4.9;4.22;-7.41;
23;3119.0;2358.0;-4.9;4.22;-7.41;
23;3133.0;2380.0;-4.91;4.22;-7.46;
23;3124.0;2368.0;-4.9;4.21;-7.41;
23;3147.0;2394.0;-4.88;4.22;-7.36;
23;3128.0;2386.0;-4.87;4.2;-7.38;
23;3134.0;2395.0;-4.9;4.23;-7.37;
23;3146.0;2382.0;-4.89;4.22;-7.46;
23;3133.0;2376.0;-4.92;4.2;-7.39;
23;3147.0;2408.0;-4.9;4.18;-7.37;
23;3128.0;2386.0;-4.9;4.17;-7.36;
23;3145.0;2389.0;-4.9;4.2;-7.42;
23;3122.0;2369.0;-4.9;4.2;-7.42;
23;3137.0;2386.0;-4.88;4.21;-7.45;
23;3128.0;2368.0;-4.91;4.22;-7.39;
23;3150.0;2405.0;-4.9;4.19;-7.37;
23;3150.0;2398.0;-4.92;4.22;-7.35;
23;3136.0;2382.0;-4.9;4.23;-7.48;
23;3151.0;2413.0;-4.89;4.22;-7.42;
23;3132.0;2374.0;-4.89;4.22;-7.42;
23;3129.0;2373.0;-4.92;4.21;-7.4;
23;3131.0;2381.0;-4.91;4.19;-7.39;
23;3146.0;2367.0;-4.9;4.21;-7.42;
23;3133.0;2369.0;-4.9;4.23;-7.45;
23;3124.0;2367.0;-4.89;4.23;-7.45;
23;3156.0;2393.0;-4.89;4.25;-7.39;
23;3155.0;2377.0;-4.88;4.23;-7.35;
23;3153.0;2398.0;-4.89;4.19;-7.41;
23;3152.0;2374.0;-4.89;4.19;-7.41;
23;3151.0;2402.0;-4.91;4.2;-7.49;
23;3138.0;2384.0;-4.92;4.23;-7.41;
23;3157.0;2407.0;-4.9;4.19;-7.39;
23;3132.0;2367.0;-4.9;4.19;-7.39;
23;3135.0;2362.0;-4.87;4.16;-7.47;
23;3158.0;2404.0;-4.87;4.16;-7.47;
23;3140.0;2386.0;-4.9;4.21;-7.39;
23;3152.0;2396.0;-4.88;4.21;-7.37;
23;3133.0;2366.0;-4.91;4.2;-7.37;
23;3136.0;2394.0;-4.93;4.19;-7.33;
23;3135.0;2369.0;-4.92;4.16;-7.44;
23;3144.0;2375.0;-4.95;4.18;-7.39;
23;3130.0;2376.0;-4.92;4.24;-7.38;
23;3132.0;2388.0;-4.92;4.24;-7.38;
23;3133.0;2379.0;-4.91;4.21;-7.38;
23;3127.0;2380.0;-4.92;4.22;-7.4;
23;3131.0;2370.0;-4.91;4.22;-7.48;
23;3124.0;2362.0;-4.87;4.21;-7.48;
23;3132.0;2371.0;-4.9;4.22;-7.42;
23;3124.0;2378.0;-4.9;4.22;-7.42;
23;3159.0;2398.0;-4.87;4.18;-7.41;
23;3135.0;2367.0;-4.89;4.19;-7.45;
23;3122.0;2361.0;-4.94;4.19;-7.41;
23;3145.0;2381.0;-4.92;4.2;-7.43;
23;3143.0;2378.0;-4.92;4.2;-7.41;
23;3161.0;2408.0;-4.92;4.2;-7.43;
23;3140.0;2377.0;-4.91;4.19;-7.53;
23;3162.0;2420.0;-4.91;4.19;-7.53;
23;3159.0;2383.0;-4.92;4.2;-7.44;
23;3155.0;2397.0;-4.89;4.21;-7.41;
23;3149.0;2390.0;-4.88;4.21;-7.31;
23;3157.0;2415.0;-4.89;4.21;-7.32;
23;3147.0;2394.0;-4.89;4.21;-7.32;
23;3158.0;2406.0;-4.88;4.18;-7.38;
23;3141.0;2380.0;-4.93;4.16;-7.36;
23;3162.0;2411.0;-4.92;4.11;-7.34;
23;3142.0;2387.0;-4.93;4.12;-7.32;
23;3150.0;2399.0;-4.93;4.12;-7.32;
23;3132.0;2372.0;-4.95;4.13;-7.35;
23;3132.0;2359.0;-4.92;4.18;-7.46;
23;3150.0;2378.0;-4.92;4.2;-7.43;
23;3170.0;2378.0;-4.89;4.26;-7.39;
23;3153.0;2397.0;-4.87;4.27;-7.42;
23;3143.0;2390.0;-4.86;4.26;-7.5;
23;3133.0;2375.0;-4.89;4.21;-7.44;
23;3143.0;2385.0;-4.89;4.21;-7.44;
23;3145.0;2395.0;-4.92;4.15;-7.42;
23;3151.0;2392.0;-4.94;4.16;-7.4;
23;3187.0;2431.0;-4.92;4.14;-7.38;
23;3145.0;2389.0;-4.92;4.14;-7.38;
23;3165.0;2398.0;-4.91;4.18;-7.52;
23;3146.0;2381.0;-4.89;4.21;-7.46;
23;3163.0;2403.0;-4.88;4.19;-7.43;
23;3149.0;2388.0;-4.89;4.23;-7.38;
23;3163.0;2415.0;-4.88;4.22;-7.36;
23;3140.0;2384.0;-4.88;4.22;-7.36;
23;3150.0;2378.0;-4.88;4.17;-7.43;
23;3166.0;2419.0;-4.93;4.13;-7.37;
23;3146.0;2386.0;-4.95;4.11;-7.32;
23;3243.0;2410.0;-4.95;4.1;-7.34;
23;3145.0;2380.0;-4.92;4.15;-7.46;
23;3147.0;2394.0;-4.92;4.2;-7.46;
23;3141.0;2368.0;-4.92;4.2;-7.46;
23;3130.0;2355.0;-4.91;4.23;-7.41;
23;3140.0;2393.0;-4.9;4.23;-7.38;
23;3131.0;2381.0;-4.91;4.21;-7.41;
23;3156.0;2397.0;-4.91;4.19;-7.5;
23;3170.0;2436.0;-4.91;4.19;-7.5;
23;3147.0;2390.0;-4.91;4.19;-7.43;
23;3156.0;2407.0;-4.94;4.13;-7.39;
23;3137.0;2385.0;-4.94;4.13;-7.39;
23;3168.0;2392.0;-4.92;4.1;-7.37;
23;3138.0;2382.0;-4.92;4.12;-7.38;
23;3154.0;2391.0;-4.92;4.16;-7.45;
23;3158.0;2421.0;-4.92;4.16;-7.45;
23;3145.0;2393.0;-4.86;4.23;-7.45;
23;3136.0;2356.0;-4.91;4.24;-7.43;
23;3146.0;2375.0;-4.91;4.24;-7.43;
23;3135.0;2373.0;-4.9;4.19;-7.46;
23;3163.0;2393.0;-4.92;4.2;-7.51;
23;3148.0;2384.0;-4.94;4.16;-7.43;
23;3158.0;2405.0;-4.97;4.15;-7.34;
23;3135.0;2380.0;-4.97;4.15;-7.34;
23;3146.0;2404.0;-4.94;4.14;-7.4;
23;3147.0;2402.0;-4.93;4.13;-7.33;
23;3150.0;2399.0;-4.93;4.13;-7.33;
23;3169.0;2415.0;-4.91;4.12;-7.43;
23;3155.0;2392.0;-4.91;4.14;-7.38;
23;3166.0;2406.0;-4.92;4.17;-7.33;
23;3153.0;2398.0;-4.95;4.17;-7.35;
23;3148.0;2407.0;-4.95;4.17;-7.35;
23;3154.0;2379.0;-4.9;4.13;-7.4;
23;3170.0;2423.0;-4.91;4.18;-7.49;
23;3168.0;2401.0;-4.93;4.16;-7.41;
23;3149.0;2394.0;-4.95;4.16;-7.41;
23;3169.0;2400.0;-4.92;4.2;-7.43;
23;3159.0;2383.0;-4.92;4.2;-7.43;
23;3177.0;2415.0;-4.91;4.19;-7.46;
23;3150.0;2379.0;-4.9;4.18;-7.39;
23;3154.0;2371.0;-4.92;4.21;-7.41;
23;3148.0;2379.0;-4.91;4.21;-7.39;
23;3139.0;2358.0;-4.94;4.19;-7.43;
23;3173.0;2378.0;-4.93;4.17;-7.5;
23;3138.0;2363.0;-4.92;4.14;-7.44;
23;3178.0;2375.0;-4.92;4.13;-7.41;
23;3150.0;2377.0;-4.92;4.13;-7.41;
23;3174.0;2380.0;-4.92;4.16;-7.39;
23;3141.0;2359.0;-4.9;4.15;-7.38;
23;3162.0;2390.0;-4.91;4.16;-7.4;
23;3146.0;2368.0;-4.9;4.17;-7.38;
23;3142.0;2360.0;-4.88;4.16;-7.35;
23;3150.0;2381.0;-4.94;4.16;-7.46;
23;3218.0;2361.0;-4.94;4.16;-7.46;
23;3178.0;2405.0;-4.93;4.14;-7.53;
23;3154.0;2381.0;-4.97;4.11;-7.46;
23;3141.0;2365.0;-4.93;4.11;-7.44;
23;3178.0;2374.0;-4.89;4.16;-7.41;
23;3146.0;2386.0;-4.9;4.19;-7.36;
23;3151.0;2395.0;-4.85;4.21;-7.45;
23;3168.0;2419.0;-4.85;4.21;-7.45;
23;3154.0;2390.0;-4.89;4.2;-7.39;
23;3170.0;2405.0;-4.91;4.17;-7.35;
23;3164.0;2400.0;-4.92;4.12;-7.38;
23;3170.0;2415.0;-4.92;4.12;-7.38;
23;3171.0;2375.0;-4.98;4.13;-7.35;
23;3163.0;2393.0;-4.97;4.12;-7.52;
23;3151.0;2371.0;-4.93;4.12;-7.5;
23;3151.0;2366.0;-4.94;4.15;-7.45;
23;3153.0;2391.0;-4.91;4.18;-7.38;
23;3149.0;2368.0;-4.88;4.24;-7.47;
23;3249.0;2404.0;-4.88;4.24;-7.47;
23;3156.0;2382.0;-4.9;4.19;-7.35;
23;3139.0;2364.0;-4.91;4.12;-7.33;
23;3170.0;2390.0;-4.95;4.11;-7.34;
23;3172.0;2430.0;-4.94;4.11;-7.36;
23;3160.0;2392.0;-4.94;4.11;-7.36;
23;3175.0;2410.0;-4.96;4.09;-7.46;
23;3157.0;2382.0;-4.96;4.13;-7.47;
23;3165.0;2398.0;-4.96;4.15;-7.5;
23;3157.0;2395.0;-4.88;4.21;-7.44;
23;3203.0;2419.0;-4.88;4.21;-7.44;
23;3186.0;2386.0;-4.92;4.23;-7.42;
23;3173.0;2401.0;-4.91;4.17;-7.49;
23;3154.0;2385.0;-4.91;4.22;-7.43;
23;3161.0;2393.0;-4.92;4.13;-7.34;
23;3168.0;2396.0;-4.93;4.09;-7.32;
23;3159.0;2381.0;-4.93;4.09;-7.32;
23;3144.0;2360.0;-4.95;4.11;-7.43;
23;3152.0;2385.0;-4.99;4.15;-7.4;
23;3224.0;2361.0;-4.99;4.15;-7.4;
23;3163.0;2381.0;-4.94;4.18;-7.39;
23;3144.0;2370.0;-4.91;4.16;-7.42;
23;3166.0;2387.0;-4.88;4.18;-7.47;
23;3139.0;2371.0;-4.88;4.19;-7.46;
23;3151.0;2380.0;-4.88;4.19;-7.46;
23;3156.0;2383.0;-4.9;4.2;-7.43;
23;3177.0;2411.0;-4.91;4.16;-7.38;
23;3159.0;2386.0;-4.94;4.11;-7.4;
23;3177.0;2403.0;-4.92;4.1;-7.45;
23;3185.0;2384.0;-4.93;4.1;-7.38;
23;3158.0;2386.0;-4.94;4.11;-7.41;
23;3154.0;2377.0;-4.91;4.17;-7.4;
23;3156.0;2390.0;-4.91;4.14;-7.49;
23;3143.0;2369.0;-4.91;4.14;-7.49;
23;3255.0;2394.0;-4.93;4.18;-7.42;
23;3158.0;2382.0;-4.92;4.16;-7.43;
23;3177.0;2418.0;-4.92;4.16;-7.43;
23;3156.0;2392.0;-4.94;4.15;-7.4;
23;3170.0;2401.0;-4.94;4.1;-7.47;
23;3158.0;2376.0;-4.93;4.11;-7.43;
23;3154.0;2386.0;-4.97;4.14;-7.39;
23;3157.0;2387.0;-4.94;4.17;-7.39;
23;3168.0;2408.0;-4.93;4.17;-7.41;
23;3163.0;2394.0;-4.93;4.17;-7.41;
23;3178.0;2395.0;-4.93;4.16;-7.46;
23;3162.0;2380.0;-4.95;4.12;-7.46;
23;3192.0;2387.0;-4.94;4.11;-7.37;
23;3185.0;2384.0;-4.92;4.15;-7.35;
23;3325.0;2390.0;-4.92;4.16;-7.45;
23;3158.0;2369.0;-4.92;4.16;-7.45;
23;3156.0;2381.0;-4.88;4.2;-7.37;
23;3219.0;2360.0;-4.88;4.2;-7.37;
23;3179.0;2402.0;-4.89;4.16;-7.34;
23;3157.0;2386.0;-4.93;4.12;-7.42;
23;3170.0;2397.0;-4.96;4.1;-7.47;
23;3162.0;2384.0;-4.94;4.08;-7.43;
23;3166.0;2391.0;-4.95;4.15;-7.44;
23;3187.0;2386.0;-4.95;4.16;-7.42;
23;3195.0;2400.0;-4.91;4.15;-7.42;
23;3159.0;2396.0;-4.91;4.15;-7.42;
23;3173.0;2410.0;-4.9;4.16;-7.49;
23;3160.0;2378.0;-4.92;4.23;-7.44;
23;3166.0;2395.0;-4.92;4.21;-7.41;
23;3161.0;2392.0;-4.93;4.16;-7.4;
23;3205.0;2417.0;-4.93;4.16;-7.4;
23;3184.0;2385.0;-4.99;4.09;-7.42;
23;3158.0;2382.0;-4.98;4.13;-7.45;
23;3167.0;2390.0;-4.92;4.14;-7.39;
23;3158.0;2369.0;-4.92;4.12;-7.37;
23;3144.0;2364.0;-4.93;4.14;-7.36;
23;3157.0;2375.0;-4.91;4.17;-7.44;
23;3165.0;2379.0;-4.93;4.14;-7.4;
23;3178.0;2410.0;-4.95;4.14;-7.41;
23;3157.0;2375.0;-4.95;4.12;-7.39;
23;3170.0;2375.0;-4.93;4.09;-7.42;
23;3155.0;2383.0;-4.93;4.09;-7.42;
23;3161.0;2393.0;-4.98;4.14;-7.47;
23;3168.0;2367.0;-4.96;4.17;-7.46;
23;3147.0;2361.0;-4.96;4.15;-7.41;
23;3155.0;2379.0;-4.93;4.12;-7.35;
23;3142.0;2371.0;-4.92;4.12;-7.38;
23;3162.0;2389.0;-4.92;4.12;-7.38;
23;3178.0;2395.0;-4.92;4.14;-7.46;
23;3172.0;2380.0;-4.92;4.16;-7.45;
23;3159.0;2372.0;-4.92;4.14;-7.43;
23;3157.0;2380.0;-4.96;4.11;-7.45;
23;3137.0;2355.0;-4.94;4.09;-7.44;
23;3151.0;2370.0;-4.92;4.19;-7.39;
23;3141.0;2366.0;-4.91;4.14;-7.35;
23;3150.0;2376.0;-4.91;4.14;-7.35;
23;3147.0;2375.0;-4.93;4.1;-7.45;
23;3148.0;2373.0;-4.95;4.13;-7.39;
23;3148.0;2366.0;-4.96;4.14;-7.37;
23;3157.0;2383.0;-4.96;4.15;-7.37;
23;3145.0;2368.0;-4.95;4.1;-7.46;
23;3162.0;2386.0;-4.96;4.11;-7.48;
23;3148.0;2368.0;-4.96;4.11;-7.48;
23;3152.0;2357.0;-4.96;4.15;-7.39;
23;3157.0;2384.0;-4.93;4.18;-7.42;
23;3156.0;2374.0;-4.91;4.14;-7.38;
23;3182.0;2403.0;-4.9;4.12;-7.44;
23;3163.0;2384.0;-4.91;4.12;-7.42;
23;3144.0;2357.0;-4.92;4.16;-7.39;
23;3162.0;2384.0;-4.93;4.13;-7.35;
23;3163.0;2387.0;-4.95;4.11;-7.35;
23;3164.0;2395.0;-4.95;4.1;-7.48;
23;3158.0;2372.0;-4.95;4.13;-7.45;
23;3148.0;2366.0;-4.97;4.14;-7.44;
23;3171.0;2383.0;-4.96;4.15;-7.42;
23;3146.0;2372.0;-4.94;4.13;-7.41;
23;3179.0;2383.0;-4.94;4.13;-7.41;
23;3158.0;2379.0;-4.94;4.13;-7.46;
23;3166.0;2386.0;-4.95;4.16;-7.4;
23;3170.0;2375.0;-4.95;4.16;-7.37;
23;3162.0;2374.0;-4.97;4.13;-7.37;
23;3172.0;2391.0;-4.97;4.08;-7.45;
23;3161.0;2385.0;-4.98;4.08;-7.43;
23;3148.0;2370.0;-4.98;4.1;-7.43;
23;3160.0;2383.0;-4.93;4.14;-7.36;
23;3168.0;2396.0;-4.93;4.14;-7.36;
23;3158.0;2380.0;-4.93;4.14;-7.44;
23;3163.0;2382.0;-4.94;4.16;-7.49;
23;3151.0;2375.0;-4.91;4.14;-7.47;
23;3150.0;2364.0;-4.94;4.12;-7.37;
23;3188.0;2388.0;-4.92;4.15;-7.34;
23;3165.0;2404.0;-4.92;4.15;-7.34;
23;3167.0;2391.0;-4.95;4.13;-7.35;
23;3157.0;2384.0;-4.96;4.11;-7.46;
23;3151.0;2373.0;-4.97;4.11;-7.44;
23;3182.0;2397.0;-4.94;4.11;-7.37;
23;3255.0;2381.0;-4.93;4.11;-7.42;
23;3182.0;2398.0;-4.93;4.14;-7.51;
23;3162.0;2382.0;-4.93;4.18;-7.48;
23;3177.0;2395.0;-4.92;4.14;-7.37;
23;3165.0;2376.0;-4.92;4.1;-7.37;
23;3151.0;2354.0;-4.95;4.12;-7.38;
23;3174.0;2401.0;-4.96;4.11;-7.45;
23;3166.0;2387.0;-4.97;4.09;-7.41;
23;3178.0;2409.0;-4.95;4.09;-7.41;
23;3159.0;2383.0;-4.95;4.09;-7.41;
23;3194.0;2393.0;-4.96;4.1;-7.37;
23;3155.0;2375.0;-4.94;4.11;-7.44;
23;3173.0;2356.0;-4.94;4.14;-7.48;
23;3169.0;2382.0;-4.93;4.13;-7.48;
23;3178.0;2387.0;-4.92;4.14;-7.41;
23;3159.0;2384.0;-4.95;4.13;-7.38;
23;3175.0;2401.0;-4.95;4.11;-7.46;
23;3160.0;2377.0;-4.94;4.09;-7.41;
23;3156.0;2377.0;-4.97;4.1;-7.4;
23;3159.0;2375.0;-4.95;4.09;-7.37;
23;3156.0;2384.0;-4.95;4.09;-7.37;
23;3173.0;2395.0;-4.92;4.13;-7.48;
23;3156.0;2376.0;-4.92;4.13;-7.48;
23;3177.0;2399.0;-4.94;4.14;-7.48;
23;3162.0;2382.0;-4.93;4.15;-7.4;
23;3210.0;2411.0;-4.94;4.14;-7.41;
23;3166.0;2378.0;-4.92;4.12;-7.41;
23;3164.0;2391.0;-4.96;4.08;-7.47;
23;3159.0;2368.0;-4.96;4.1;-7.41;
23;3156.0;2362.0;-4.97;4.15;-7.43;
23;3148.0;2366.0;-4.97;4.11;-7.43;
23;3180.0;2402.0;-4.96;4.11;-7.49;
23;3163.0;2387.0;-4.96;4.14;-7.44;
23;3167.0;2388.0;-4.97;4.11;-7.4;
23;3161.0;2372.0;-4.96;4.11;-7.39;
23;3148.0;2360.0;-4.95;4.11;-7.4;
23;3182.0;2387.0;-4.95;4.11;-7.4;
23;3146.0;2365.0;-4.94;4.1;-7.47;
23;3167.0;2375.0;-4.93;4.11;-7.42;
23;3167.0;2380.0;-4.94;4.12;-7.4;
23;3181.0;2402.0;-4.96;4.12;-7.39;
23;3160.0;2374.0;-4.96;4.1;-7.46;
23;3151.0;2360.0;-4.95;4.09;-7.46;
23;3176.0;2373.0;-4.97;4.11;-7.44;
23;3163.0;2367.0;-4.95;4.1;-7.42;
23;3166.0;2373.0;-4.93;4.14;-7.36;
23;3176.0;2401.0;-4.94;4.11;-7.46;
23;3165.0;2383.0;-4.92;4.12;-7.42;
23;3175.0;2390.0;-4.94;4.12;-7.39;
23;3169.0;2390.0;-4.94;4.11;-7.38;
23;3148.0;2361.0;-4.94;4.11;-7.38;
23;3158.0;2390.0;-4.97;4.06;-7.44;
23;3171.0;2362.0;-5.0;4.11;-7.51;
23;3180.0;2386.0;-4.97;4.11;-7.44;
23;3162.0;2377.0;-4.97;4.05;-7.41;
23;3180.0;2402.0;-4.96;4.12;-7.4;
23;3167.0;2385.0;-4.95;4.11;-7.42;
23;3177.0;2402.0;-4.95;4.13;-7.48;
23;3169.0;2387.0;-4.96;4.11;-7.41;
23;3187.0;2407.0;-4.96;4.11;-7.41;
23;3169.0;2390.0;-4.95;4.1;-7.4;
23;3182.0;2417.0;-4.97;4.08;-7.37;
23;3160.0;2368.0;-4.98;4.1;-7.52;
23;3166.0;2366.0;-4.98;4.1;-7.52;
23;3179.0;2391.0;-4.96;4.1;-7.41;
23;3164.0;2378.0;-4.95;4.11;-7.43;
23;3183.0;2395.0;-4.95;4.11;-7.43;
23;3170.0;2383.0;-4.94;4.13;-7.38;
23;3169.0;2396.0;-4.94;4.11;-7.48;
23;3162.0;2391.0;-4.96;4.11;-7.43;
23;3181.0;2413.0;-4.96;4.11;-7.43;
23;3166.0;2390.0;-4.96;4.13;-7.43;
23;3186.0;2419.0;-4.95;4.11;-7.39;
23;3167.0;2392.0;-4.96;4.07;-7.39;
23;3182.0;2401.0;-4.96;4.07;-7.39;
23;3162.0;2372.0;-4.99;4.1;-7.5;
23;3184.0;2396.0;-4.96;4.1;-7.46;
23;3165.0;2381.0;-4.97;4.09;-7.41;
23;3178.0;2404.0;-4.95;4.13;-7.42;
23;3160.0;2373.0;-4.89;4.07;-7.34;
23;3168.0;2383.0;-4.89;4.07;-7.34;
23;3174.0;2379.0;-5.0;4.14;-7.46;
23;3153.0;2369.0;-4.88;4.09;-7.34;
23;3184.0;2400.0;-4.9;4.1;-7.33;
23;3173.0;2381.0;-5.0;4.12;-7.44;
23;3183.0;2403.0;-5.05;4.12;-7.56;
23;3164.0;2380.0;-5.0;4.16;-7.48;
23;3176.0;2396.0;-5.0;4.16;-7.48;
23;3163.0;2386.0;-4.95;4.15;-7.48;
23;3178.0;2408.0;-5.02;3.97;-7.35;
23;3169.0;2391.0;-4.93;3.94;-7.32;
23;3178.0;2424.0;-4.86;4.09;-7.4;
23;3158.0;2379.0;-4.86;4.09;-7.4;
23;3273.0;2408.0;-4.86;4.16;-7.41;
23;3165.0;2389.0;-4.87;4.02;-7.34;
23;3183.0;2416.0;-4.92;4.03;-7.4;
23;3156.0;2382.0;-4.93;4.12;-7.43;
23;3162.0;2375.0;-4.95;4.17;-7.53;
23;3150.0;2355.0;-4.97;4.21;-7.54;
23;3182.0;2397.0;-4.94;3.98;-7.39;
23;3164.0;2383.0;-4.94;3.97;-7.4;
23;3167.0;2386.0;-4.94;3.97;-7.4;
23;3154.0;2364.0;-5.01;4.06;-7.54;
23;3173.0;2387.0;-5.0;4.14;-7.55;
23;3164.0;2376.0;-4.91;4.13;-7.43;
23;3173.0;2360.0;-4.96;4.16;-7.44;
23;3191.0;2377.0;-4.96;4.16;-7.44;
23;3190.0;2371.0;-4.95;4.1;-7.46;
23;3162.0;2380.0;-4.99;4.06;-7.37;
23;3151.0;2366.0;-5.03;4.02;-7.4;
23;3154.0;2370.0;-5.01;4.0;-7.39;
23;3153.0;2368.0;-4.98;4.12;-7.52;
23;3164.0;2381.0;-4.92;4.09;-7.51;
23;3177.0;2403.0;-4.92;4.09;-7.51;
23;3195.0;2383.0;-4.92;4.11;-7.36;
23;3248.0;2406.0;-4.92;4.11;-7.36;
23;3179.0;2379.0;-4.92;4.11;-7.36;
23;3159.0;2374.0;-4.97;4.04;-7.45;
23;3167.0;2394.0;-4.97;4.0;-7.42;
23;3211.0;2423.0;-4.97;4.0;-7.42;
23;3168.0;2385.0;-4.97;3.98;-7.43;
23;3186.0;2422.0;-4.95;3.99;-7.39;
23;3163.0;2384.0;-4.95;3.99;-7.39;
23;3168.0;2387.0;-4.98;4.08;-7.49;
23;3154.0;2370.0;-4.98;4.11;-7.59;
23;3163.0;2375.0;-4.93;4.12;-7.56;
23;3153.0;2364.0;-4.9;4.1;-7.44;
23;3164.0;2381.0;-4.9;4.1;-7.44;
23;3155.0;2372.0;-4.9;4.11;-7.43;
23;3155.0;2364.0;-4.95;4.03;-7.44;
23;3188.0;2395.0;-4.98;4.05;-7.41;
23;3177.0;2382.0;-4.99;4.05;-7.41;
23;3178.0;2390.0;-4.98;4.04;-7.4;
23;3172.0;2382.0;-4.98;4.05;-7.46;
23;3197.0;2385.0;-4.97;4.04;-7.53;
23;3198.0;2386.0;-4.95;4.07;-7.5;
23;3198.0;2392.0;-4.95;4.07;-7.5;
23;3168.0;2378.0;-4.89;4.12;-7.43;
23;3173.0;2401.0;-4.9;4.14;-7.39;
23;3197.0;2392.0;-4.91;4.11;-7.4;
23;3178.0;2400.0;-4.93;4.11;-7.46;
23;3171.0;2403.0;-4.93;4.11;-7.46;
23;3175.0;2389.0;-4.96;4.06;-7.39;
23;3168.0;2384.0;-4.99;4.04;-7.43;
23;3180.0;2410.0;-5.01;4.04;-7.44;
23;3170.0;2390.0;-5.0;3.99;-7.47;
23;3195.0;2423.0;-4.96;4.01;-7.56;
23;3190.0;2370.0;-4.98;4.07;-7.54;
23;3179.0;2381.0;-4.92;4.11;-7.45;
23;3190.0;2403.0;-4.91;4.12;-7.43;
23;3171.0;2379.0;-4.92;4.16;-7.44;
23;3169.0;2389.0;-4.92;4.13;-7.51;
23;3169.0;2372.0;-4.95;4.07;-7.4;
23;3174.0;2373.0;-4.95;4.03;-7.37;
23;3183.0;2393.0;-4.97;3.97;-7.36;
23;3161.0;2375.0;-4.97;3.97;-7.36;
23;3201.0;2393.0;-4.97;3.99;-7.45;
23;3198.0;2391.0;-4.96;4.05;-7.52;
23;3201.0;2384.0;-4.97;4.08;-7.51;
23;3166.0;2388.0;-4.97;4.08;-7.51;
23;3195.0;2389.0;-4.97;4.17;-7.52;
23;3181.0;2415.0;-4.9;4.13;-7.44;
23;3166.0;2401.0;-4.92;4.1;-7.45;
23;3182.0;2408.0;-4.92;4.1;-7.45;
23;3177.0;2368.0;-4.93;4.11;-7.53;
23;3159.0;2367.0;-4.95;4.04;-7.37;
23;3167.0;2390.0;-4.98;4.03;-7.36;
23;3238.0;2376.0;-4.98;4.03;-7.36;
23;3184.0;2388.0;-4.99;4.0;-7.41;
23;3158.0;2401.0;-5.0;4.06;-7.46;
23;3163.0;2379.0;-4.96;4.07;-7.45;
23;3172.0;2396.0;-4.96;4.07;-7.45;
23;3168.0;2379.0;-4.97;4.08;-7.44;
23;3159.0;2373.0;-4.97;4.03;-7.45;
23;3167.0;2385.0;-4.98;4.08;-7.48;
23;3164.0;2380.0;-4.97;4.11;-7.56;
23;3176.0;2411.0;-4.97;4.11;-7.56;
23;3215.0;2416.0;-4.92;4.1;-7.47;
23;3185.0;2382.0;-4.89;4.11;-7.41;
23;3212.0;2423.0;-4.94;4.09;-7.41;
23;3170.0;2389.0;-4.94;4.09;-7.41;
23;3178.0;2393.0;-4.97;4.12;-7.43;
23;3155.0;2373.0;-4.93;4.01;-7.42;
23;3344.0;2376.0;-5.0;4.01;-7.46;
23;3173.0;2369.0;-5.0;4.01;-7.46;
23;3163.0;2385.0;-4.96;4.02;-7.39;
23;3168.0;2376.0;-4.95;4.05;-7.41;
23;3176.0;2369.0;-4.94;4.08;-7.49;
23;3183.0;2386.0;-4.91;4.07;-7.44;
23;3167.0;2367.0;-4.93;4.11;-7.43;
23;3194.0;2399.0;-4.93;4.11;-7.43;
23;3171.0;2388.0;-4.92;4.1;-7.42;
23;3175.0;2398.0;-4.93;4.07;-7.42;
23;3192.0;2431.0;-4.93;4.07;-7.42;
23;3175.0;2388.0;-4.98;4.0;-7.49;
23;3188.0;2399.0;-4.99;3.99;-7.44;
23;3177.0;2379.0;-4.97;4.0;-7.42;
23;3182.0;2392.0;-4.99;4.07;-7.44;
23;3170.0;2376.0;-4.95;4.08;-7.43;
23;3169.0;2373.0;-4.95;4.08;-7.52;
23;3176.0;2396.0;-4.95;4.08;-7.47;
23;3178.0;2379.0;-4.95;4.05;-7.42;
23;3181.0;2386.0;-4.94;4.08;-7.42;
23;3179.0;2379.0;-4.98;4.08;-7.43;
23;3202.0;2376.0;-4.97;4.07;-7.48;
23;3184.0;2388.0;-4.96;4.04;-7.44;
23;3169.0;2378.0;-4.94;4.01;-7.43;
23;3174.0;2379.0;-4.96;4.07;-7.38;
23;3174.0;2377.0;-4.96;4.07;-7.38;
23;3171.0;2377.0;-4.95;4.09;-7.47;
23;3177.0;2396.0;-4.95;4.09;-7.47;
23;3186.0;2398.0;-4.98;4.08;-7.48;
23;3176.0;2384.0;-4.97;4.05;-7.43;
23;3187.0;2406.0;-4.98;4.02;-7.42;
23;3178.0;2392.0;-5.0;4.06;-7.47;
23;3193.0;2421.0;-5.0;4.06;-7.47;
23;3178.0;2393.0;-4.94;4.04;-7.57;
23;3183.0;2375.0;-4.92;4.08;-7.44;
23;3195.0;2398.0;-4.93;4.09;-7.39;
23;3241.0;2385.0;-4.96;4.13;-7.51;
23;3163.0;2370.0;-4.94;4.08;-7.48;
23;3168.0;2381.0;-4.99;4.08;-7.46;
23;3175.0;2368.0;-5.02;4.02;-7.43;
23;3186.0;2389.0;-5.02;4.02;-7.43;
23;3168.0;2372.0;-5.01;4.03;-7.43;
23;3176.0;2384.0;-5.0;4.02;-7.39;
23;3162.0;2368.0;-4.96;4.06;-7.49;
23;3172.0;2376.0;-4.93;4.11;-7.46;
23;3168.0;2380.0;-4.93;4.11;-7.46;
23;3173.0;2375.0;-4.93;4.11;-7.41;
23;3165.0;2374.0;-4.91;4.06;-7.38;
23;3174.0;2374.0;-4.96;4.06;-7.44;
23;3169.0;2377.0;-4.95;4.09;-7.5;
23;3177.0;2379.0;-4.95;4.09;-7.5;
23;3178.0;2390.0;-4.95;4.09;-7.48;
23;3176.0;2377.0;-5.02;3.99;-7.38;
23;3174.0;2389.0;-5.01;4.01;-7.43;
23;3162.0;2359.0;-4.99;4.02;-7.52;
23;3183.0;2377.0;-4.96;4.05;-7.49;
23;3169.0;2380.0;-4.94;4.09;-7.47;
23;3193.0;2416.0;-4.95;4.08;-7.46;
23;3177.0;2388.0;-4.95;4.08;-7.46;
23;3199.0;2407.0;-4.94;4.07;-7.46;
23;3194.0;2385.0;-4.94;4.05;-7.52;
23;3215.0;2405.0;-4.97;4.08;-7.48;
23;3178.0;2385.0;-4.97;4.05;-7.42;
23;3187.0;2410.0;-4.98;4.02;-7.41;
23;3179.0;2399.0;-4.98;4.02;-7.41;
23;3210.0;2415.0;-4.98;4.05;-7.43;
23;3180.0;2387.0;-4.99;4.03;-7.5;
23;3192.0;2400.0;-4.96;4.04;-7.43;
23;3205.0;2380.0;-4.95;4.06;-7.45;
23;3182.0;2381.0;-4.95;4.06;-7.44;
23;3229.0;2402.0;-4.96;4.09;-7.55;
23;3258.0;2389.0;-4.96;4.09;-7.55;
23;3184.0;2391.0;-4.98;4.07;-7.46;
23;3172.0;2378.0;-4.97;4.04;-7.43;
23;3173.0;2366.0;-4.97;4.04;-7.43;
23;3186.0;2386.0;-5.0;4.03;-7.45;
23;3169.0;2372.0;-4.97;4.04;-7.5;
23;3194.0;2400.0;-4.99;4.04;-7.44;
23;3200.0;2379.0;-4.96;4.03;-7.46;
23;3173.0;2382.0;-4.96;4.03;-7.46;
23;3173.0;2374.0;-4.95;4.07;-7.45;
23;3190.0;2405.0;-4.94;4.06;-7.41;
23;3174.0;2383.0;-4.94;4.05;-7.54;
23;3175.0;2389.0;-4.95;4.07;-7.46;
23;3173.0;2378.0;-5.01;4.03;-7.43;
23;3179.0;2376.0;-4.97;4.03;-7.45;
23;3183.0;2396.0;-4.98;4.05;-7.51;
23;3170.0;2376.0;-4.98;4.05;-7.51;
23;3162.0;2358.0;-4.98;4.06;-7.44;
23;3176.0;2377.0;-4.95;4.05;-7.41;
23;3179.0;2385.0;-4.95;4.05;-7.41;
23;3211.0;2407.0;-4.95;4.1;-7.44;
23;3181.0;2387.0;-4.94;4.08;-7.5;
23;3174.0;2385.0;-4.95;4.03;-7.46;
23;3167.0;2373.0;-5.0;4.02;-7.45;
23;3179.0;2400.0;-5.0;4.01;-7.43;
23;3178.0;2393.0;-5.0;4.01;-7.43;
23;3192.0;2420.0;-5.0;4.02;-7.47;
23;3182.0;2387.0;-4.99;4.07;-7.56;
23;3201.0;2407.0;-4.93;4.05;-7.44;
23;3173.0;2378.0;-4.94;4.09;-7.46;
23;3187.0;2418.0;-4.96;4.08;-7.43;
23;3192.0;2399.0;-4.98;4.02;-7.49;
23;3179.0;2384.0;-4.98;4.02;-7.49;
23;3185.0;2394.0;-5.01;4.02;-7.43;
23;3178.0;2368.0;-5.01;4.02;-7.43;
23;3175.0;2376.0;-4.98;4.0;-7.42;
23;3222.0;2401.0;-4.98;4.01;-7.47;
23;3179.0;2385.0;-5.0;4.05;-7.53;
23;3185.0;2400.0;-4.95;4.07;-7.46;
23;3179.0;2375.0;-4.95;4.09;-7.42;
23;3192.0;2417.0;-4.94;4.06;-7.38;
23;3202.0;2384.0;-4.94;4.06;-7.38;
23;3191.0;2411.0;-4.94;4.07;-7.4;
23;3206.0;2387.0;-4.96;4.03;-7.48;
23;3185.0;2394.0;-4.98;4.02;-7.43;
23;3188.0;2377.0;-4.99;4.0;-7.45;
23;3192.0;2414.0;-4.99;4.01;-7.42;
23;3177.0;2393.0;-4.99;4.01;-7.42;
23;3336.0;2372.0;-4.98;4.05;-7.52;
23;3258.0;2393.0;-4.98;4.07;-7.51;
23;3181.0;2369.0;-4.93;4.07;-7.42;
23;3341.0;2361.0;-4.92;4.04;-7.41;
23;3203.0;2396.0;-4.94;4.08;-7.38;
23;3181.0;2385.0;-4.96;4.05;-7.46;
23;3192.0;2393.0;-4.98;4.05;-7.44;
23;3176.0;2381.0;-5.02;4.06;-7.43;
23;3191.0;2412.0;-4.95;3.96;-7.32;
23;3178.0;2402.0;-4.95;3.96;-7.32;
23;3193.0;2420.0;-4.95;3.93;-7.36;
23;3206.0;2381.0;-5.03;4.03;-7.56;
23;3190.0;2393.0;-5.02;4.08;-7.53;
23;3201.0;2373.0;-5.02;4.08;-7.53;
23;3175.0;2380.0;-4.91;4.04;-7.38;
23;3174.0;2366.0;-4.99;4.07;-7.44;
23;3188.0;2398.0;-5.02;4.1;-7.51;
23;3166.0;2374.0;-4.99;4.05;-7.52;
23;3163.0;2360.0;-4.99;4.05;-7.52;
23;3181.0;2383.0;-5.03;3.91;-7.43;
23;3253.0;2382.0;-5.03;3.91;-7.43;
23;3189.0;2386.0;-4.95;4.01;-7.35;
23;3178.0;2384.0;-4.9;4.05;-7.4;
23;3168.0;2364.0;-4.96;4.05;-7.43;
23;3170.0;2378.0;-4.91;4.03;-7.31;
23;3158.0;2364.0;-4.93;4.03;-7.35;
23;3203.0;2377.0;-5.0;3.99;-7.39;
23;3167.0;2364.0;-5.03;3.99;-7.58;
23;3171.0;2392.0;-5.03;3.99;-7.58;
23;3189.0;2374.0;-5.0;3.98;-7.51;
23;3188.0;2379.0;-4.99;4.0;-7.45;
23;3164.0;2375.0;-4.99;3.97;-7.47;
23;3172.0;2389.0;-4.96;4.11;-7.51;
23;3182.0;2410.0;-4.96;4.11;-7.51;
23;3199.0;2383.0;-4.93;4.15;-7.55;
23;3173.0;2377.0;-4.97;4.1;-7.41;
23;3161.0;2365.0;-5.0;4.05;-7.41;
23;3173.0;2379.0;-5.02;3.99;-7.36;
23;3174.0;2376.0;-5.04;3.93;-7.46;
23;3191.0;2401.0;-5.04;3.97;-7.46;
23;3170.0;2371.0;-5.0;3.98;-7.46;
23;3182.0;2393.0;-4.96;4.0;-7.4;
23;3175.0;2393.0;-4.96;4.0;-7.4;
23;3190.0;2418.0;-4.92;4.07;-7.44;
23;3180.0;2385.0;-4.93;4.09;-7.5;
23;3190.0;2403.0;-4.93;4.08;-7.46;
23;3178.0;2391.0;-4.97;4.05;-7.41;
23;3197.0;2416.0;-4.97;4.05;-7.41;
23;3177.0;2382.0;-5.01;4.01;-7.39;
23;3164.0;2373.0;-5.03;4.01;-7.46;
23;3194.0;2376.0;-5.01;3.95;-7.53;
23;3171.0;2378.0;-4.98;3.98;-7.44;
23;3162.0;2361.0;-4.99;4.06;-7.46;
23;3172.0;2381.0;-4.92;4.09;-7.47;
23;3159.0;2374.0;-4.92;4.09;-7.47;
23;3177.0;2378.0;-4.86;4.12;-7.52;
23;3236.0;2377.0;-4.97;3.97;-7.39;
23;3158.0;2361.0;-5.02;4.0;-7.54;
23;3173.0;2391.0;-5.02;4.0;-7.54;
23;3176.0;2378.0;-4.97;4.09;-7.48;
23;3219.0;2418.0;-4.97;4.09;-7.48;
23;3202.0;2388.0;-4.97;4.1;-7.47;
23;3184.0;2394.0;-4.96;4.05;-7.46;
23;3178.0;2386.0;-4.96;4.06;-7.49;
23;3185.0;2409.0;-4.98;4.05;-7.47;
23;3176.0;2391.0;-4.96;4.04;-7.4;
23;3176.0;2383.0;-5.0;3.97;-7.38;
23;3195.0;2408.0;-4.98;3.97;-7.38;
23;3180.0;2385.0;-5.01;4.0;-7.48;
23;3183.0;2393.0;-4.99;4.02;-7.42;
23;3173.0;2377.0;-4.97;4.05;-7.45;
23;3187.0;2373.0;-4.97;4.02;-7.43;
23;3167.0;2374.0;-4.96;4.0;-7.45;
23;3160.0;2372.0;-4.96;4.0;-7.45;
23;3173.0;2377.0;-4.98;4.04;-7.5;
23;3162.0;2366.0;-4.97;4.05;-7.48;
23;3173.0;2377.0;-4.95;4.11;-7.48;
23;3164.0;2384.0;-4.95;4.03;-7.4;
23;3175.0;2386.0;-4.95;4.03;-7.4;
23;3173.0;2390.0;-4.98;4.02;-7.39;
23;3164.0;2376.0;-4.99;4.02;-7.52;
23;3161.0;2375.0;-5.0;4.0;-7.46;
23;3157.0;2362.0;-4.99;4.01;-7.44;
23;3174.0;2374.0;-4.99;4.03;-7.46;
23;3168.0;2361.0;-4.94;4.01;-7.47;
23;3181.0;2385.0;-4.88;4.08;-7.45;
23;3183.0;2386.0;-4.88;4.08;-7.45;
23;3190.0;2407.0;-5.03;3.95;-7.44;
23;3175.0;2375.0;-5.03;3.95;-7.44;
23;3186.0;2403.0;-4.93;3.94;-7.43;
23;3174.0;2381.0;-4.95;4.05;-7.57;
23;3173.0;2384.0;-4.95;4.0;-7.42;
23;3172.0;2386.0;-4.94;4.0;-7.37;
23;3188.0;2404.0;-4.95;4.05;-7.41;
23;3182.0;2390.0;-4.95;4.05;-7.41;
23;3186.0;2405.0;-4.99;4.08;-7.41;
23;3170.0;2381.0;-4.99;3.98;-7.46;
23;3175.0;2387.0;-5.01;4.0;-7.48;
23;3178.0;2385.0;-5.03;4.03;-7.46;
23;3347.0;2403.0;-4.99;4.03;-7.47;
23;3285.0;2401.0;-4.99;4.03;-7.47;
23;3183.0;2382.0;-4.96;4.05;-7.53;
23;3168.0;2378.0;-4.97;4.02;-7.48;
23;3183.0;2373.0;-4.95;4.06;-7.45;
23;3177.0;2368.0;-4.98;4.05;-7.44;
23;3193.0;2406.0;-4.97;4.02;-7.39;
23;3180.0;2387.0;-4.99;4.01;-7.51;
23;3228.0;2403.0;-4.99;4.01;-7.51;
23;3167.0;2374.0;-5.0;3.99;-7.48;
23;3195.0;2393.0;-4.99;3.98;-7.45;
23;3195.0;2375.0;-5.0;3.98;-7.44;
23;3172.0;2388.0;-5.0;3.98;-7.44;
23;3169.0;2381.0;-4.98;4.02;-7.49;
23;3177.0;2380.0;-4.98;4.05;-7.55;
23;3164.0;2376.0;-4.95;4.04;-7.52;
23;3171.0;2374.0;-4.98;4.03;-7.43;
23;3196.0;2386.0;-4.97;4.02;-7.43;
23;3175.0;2387.0;-4.97;4.02;-7.43;
23;3176.0;2384.0;-4.99;4.0;-7.47;
23;3192.0;2395.0;-5.0;4.0;-7.45;
23;3173.0;2368.0;-4.98;4.0;-7.4;
23;3168.0;2368.0;-4.99;4.0;-7.41;
23;3194.0;2399.0;-4.97;4.01;-7.43;
23;3181.0;2387.0;-5.0;4.01;-7.49;
23;3198.0;2405.0;-5.0;4.01;-7.49;
23;3177.0;2378.0;-5.0;4.01;-7.51;
23;3194.0;2393.0;-5.0;4.01;-7.46;
23;3169.0;2373.0;-4.98;4.02;-7.44;
23;3180.0;2380.0;-4.95;4.02;-7.43;
23;3166.0;2387.0;-4.95;4.02;-7.43;
23;3171.0;2374.0;-4.96;4.06;-7.51;
23;3163.0;2362.0;-4.97;4.02;-7.46;
23;3210.0;2379.0;-4.96;4.0;-7.41;
23;3208.0;2364.0;-4.98;3.97;-7.37;
23;3171.0;2366.0;-4.97;3.97;-7.53;
23;3192.0;2372.0;-4.97;3.97;-7.53;
23;3169.0;2369.0;-4.99;4.03;-7.45;
23;3201.0;2402.0;-4.99;4.03;-7.45;
23;3202.0;2378.0;-4.99;4.04;-7.46;
23;3179.0;2392.0;-4.98;4.04;-7.45;
23;3175.0;2372.0;-4.94;4.02;-7.49;
23;3160.0;2363.0;-4.97;4.02;-7.45;
23;3207.0;2378.0;-4.97;4.01;-7.45;
23;3195.0;2365.0;-4.98;4.01;-7.44;
23;3207.0;2379.0;-4.99;4.03;-7.42;
23;3194.0;2369.0;-4.99;4.03;-7.42;
23;3183.0;2378.0;-5.0;3.99;-7.5;
23;3176.0;2368.0;-4.98;3.99;-7.46;
23;3188.0;2400.0;-5.0;3.99;-7.42;
23;3184.0;2393.0;-4.98;3.99;-7.45;
23;3192.0;2404.0;-4.96;4.02;-7.42;
23;3238.0;2389.0;-4.96;4.01;-7.48;
23;3183.0;2388.0;-4.96;4.01;-7.48;
23;3198.0;2402.0;-5.01;4.03;-7.43;
23;3186.0;2379.0;-5.01;4.03;-7.43;
23;3182.0;2396.0;-4.97;3.96;-7.39;
23;3173.0;2378.0;-5.02;4.02;-7.54;
23;3175.0;2371.0;-5.0;4.05;-7.56;
23;3194.0;2396.0;-4.99;3.91;-7.35;
23;3175.0;2374.0;-5.01;3.91;-7.39;
23;3178.0;2386.0;-5.01;4.04;-7.47;
23;3163.0;2374.0;-5.01;4.04;-7.47;
23;3174.0;2376.0;-5.0;4.06;-7.6;
23;3161.0;2367.0;-4.94;4.03;-7.43;
23;3214.0;2377.0;-4.96;4.0;-7.38;
23;3166.0;2374.0;-4.98;4.02;-7.44;
23;3173.0;2381.0;-4.98;4.02;-7.44;
23;3194.0;2370.0;-4.96;4.05;-7.48;
23;3178.0;2377.0;-5.01;3.93;-7.46;
23;3194.0;2406.0;-5.03;3.96;-7.44;
23;3179.0;2385.0;-4.96;4.0;-7.41;
23;3246.0;2380.0;-4.96;4.0;-7.41;
23;3178.0;2372.0;-4.96;3.99;-7.52;
23;3162.0;2363.0;-4.97;4.05;-7.46;
23;3209.0;2374.0;-4.96;4.03;-7.43;
23;3180.0;2381.0;-4.97;4.0;-7.4;
23;3180.0;2382.0;-5.0;4.01;-7.48;
23;3181.0;2378.0;-5.0;3.99;-7.52;
23;3185.0;2394.0;-4.99;3.98;-7.47;
23;3178.0;2383.0;-4.99;3.98;-7.47;
23;3188.0;2401.0;-5.03;3.96;-7.45;
23;3182.0;2391.0;-4.99;3.98;-7.4;
23;3190.0;2398.0;-4.99;4.02;-7.46;
23;3174.0;2380.0;-5.0;4.04;-7.53;
23;3222.0;2399.0;-4.97;4.01;-7.44;
23;3194.0;2405.0;-4.98;3.98;-7.4;
23;3258.0;2381.0;-4.98;3.98;-7.4;
23;3179.0;2380.0;-4.98;3.99;-7.41;
23;3181.0;2383.0;-4.99;3.97;-7.52;
23;3177.0;2360.0;-5.02;3.99;-7.46;
23;3179.0;2376.0;-5.01;4.0;-7.43;
23;3166.0;2370.0;-4.98;4.0;-7.44;
23;3175.0;2385.0;-4.98;4.0;-7.44;
23;3168.0;2365.0;-5.0;4.0;-7.43;
23;3183.0;2373.0;-4.97;4.03;-7.54;
23;3169.0;2367.0;-4.97;4.02;-7.46;
23;3194.0;2395.0;-4.99;4.0;-7.45;
23;3194.0;2379.0;-4.98;4.01;-7.39;
23;3206.0;2381.0;-4.98;4.01;-7.39;
23;3199.0;2372.0;-5.0;4.0;-7.4;
23;3189.0;2384.0;-5.0;4.0;-7.51;
23;3177.0;2373.0;-5.01;3.97;-7.48;
23;3167.0;2359.0;-5.02;3.99;-7.39;
23;3181.0;2379.0;-4.98;4.02;-7.44;
23;3185.0;2377.0;-4.98;4.02;-7.44;
23;3203.0;2406.0;-4.98;4.02;-7.52;
23;3181.0;2387.0;-4.96;4.0;-7.43;
23;3172.0;2372.0;-4.96;4.0;-7.43;
23;3175.0;2382.0;-4.98;4.0;-7.42;
23;3172.0;2379.0;-4.99;4.0;-7.39;
23;3204.0;2375.0;-5.0;3.99;-7.52;
23;3170.0;2365.0;-5.0;3.99;-7.49;
23;3187.0;2390.0;-5.01;3.99;-7.46;
23;3168.0;2374.0;-4.98;3.99;-7.42;
23;3178.0;2377.0;-4.98;3.99;-7.42;
23;3179.0;2369.0;-4.99;4.0;-7.45;
23;3177.0;2375.0;-5.0;4.04;-7.5;
23;3167.0;2362.0;-4.96;4.03;-7.47;
23;3190.0;2394.0;-4.95;4.02;-7.42;
23;3273.0;2372.0;-5.0;3.98;-7.42;
23;3181.0;2365.0;-5.0;3.98;-7.42;
23;3197.0;2394.0;-5.0;3.88;-7.46;
23;3185.0;2378.0;-5.0;4.01;-7.44;
23;3195.0;2402.0;-5.0;4.01;-7.44;
23;3182.0;2380.0;-4.92;3.98;-7.35;
23;3173.0;2379.0;-5.04;3.98;-7.53;
23;3175.0;2373.0;-5.03;3.99;-7.62;
23;3168.0;2371.0;-4.99;4.05;-7.5;
23;3175.0;2374.0;-5.03;4.0;-7.48;
23;3170.0;2381.0;-5.03;4.0;-7.48;
23;3182.0;2385.0;-5.03;3.95;-7.5;
23;3188.0;2403.0;-4.99;3.95;-7.45;
23;3182.0;2389.0;-4.9;4.1;-7.44;
23;3225.0;2425.0;-4.9;4.1;-7.44;
23;3180.0;2379.0;-4.95;4.05;-7.46;
23;3190.0;2395.0;-5.0;4.03;-7.4;
23;3172.0;2376.0;-4.98;3.99;-7.35;
23;3173.0;2375.0;-5.08;3.9;-7.49;
23;3176.0;2382.0;-5.1;3.9;-7.57;
23;3175.0;2379.0;-4.99;3.92;-7.44;
23;3266.0;2360.0;-4.97;3.97;-7.47;
23;3201.0;2405.0;-5.01;4.04;-7.47;
23;3174.0;2382.0;-4.9;4.09;-7.57;
23;3200.0;2374.0;-4.96;4.07;-7.47;
23;3163.0;2359.0;-5.01;4.0;-7.46;
23;3193.0;2379.0;-5.07;3.96;-7.48;
23;3169.0;2372.0;-5.05;3.95;-7.51;
23;3175.0;2379.0;-5.05;3.92;-7.49;
23;3176.0;2379.0;-4.98;4.0;-7.41;
23;3180.0;2376.0;-4.99;4.06;-7.51;
23;3174.0;2401.0;-4.94;4.03;-7.46;
23;3175.0;2375.0;-4.93;3.97;-7.4;
23;3177.0;2375.0;-4.99;3.98;-7.42;
23;3173.0;2374.0;-5.0;3.92;-7.49;
23;3161.0;2360.0;-5.03;3.94;-7.48;
23;3196.0;2400.0;-5.04;3.97;-7.46;
23;3176.0;2375.0;-4.98;3.96;-7.4;
23;3165.0;2359.0;-4.97;4.0;-7.42;
23;3176.0;2365.0;-4.96;4.01;-7.49;
23;3169.0;2377.0;-4.96;4.0;-7.43;
23;3184.0;2384.0;-5.02;3.95;-7.49;
23;3174.0;2373.0;-5.02;3.98;-7.54;
23;3203.0;2362.0;-5.0;3.96;-7.47;
23;3190.0;2394.0;-5.01;3.98;-7.41;
23;3183.0;2382.0;-4.98;3.98;-7.39;
23;3199.0;2414.0;-4.99;4.0;-7.44;
23;3177.0;2379.0;-4.98;4.0;-7.55;
23;3190.0;2398.0;-4.98;4.0;-7.55;
23;3177.0;2381.0;-4.98;4.0;-7.47;
23;3187.0;2401.0;-5.0;4.02;-7.47;
23;3185.0;2392.0;-4.98;4.01;-7.48;
23;3191.0;2403.0;-5.01;3.97;-7.49;
23;3182.0;2400.0;-5.01;3.97;-7.49;
23;3195.0;2405.0;-5.0;3.96;-7.52;
23;3183.0;2392.0;-4.99;3.97;-7.51;
23;3192.0;2407.0;-4.98;4.01;-7.46;
23;3207.0;2368.0;-5.0;4.03;-7.52;
23;3272.0;2404.0;-5.0;4.03;-7.52;
23;3181.0;2381.0;-5.02;4.0;-7.46;
23;3183.0;2394.0;-5.02;3.93;-7.46;
23;3175.0;2378.0;-5.02;3.93;-7.46;
23;3171.0;2360.0;-5.03;3.96;-7.46;
23;3195.0;2398.0;-4.98;3.96;-7.54;
23;3184.0;2383.0;-5.0;4.0;-7.49;
23;3197.0;2407.0;-4.99;4.04;-7.46;
23;3185.0;2392.0;-4.97;4.0;-7.36;
23;3193.0;2408.0;-4.97;4.0;-7.36;
23;3180.0;2375.0;-4.99;3.98;-7.4;
23;3196.0;2400.0;-5.04;4.0;-7.52;
23;3182.0;2386.0;-5.01;3.94;-7.46;
23;3188.0;2394.0;-5.05;3.93;-7.44;
23;3174.0;2376.0;-5.05;3.92;-7.47;
23;3199.0;2369.0;-4.99;3.91;-7.39;
23;3184.0;2381.0;-4.98;4.05;-7.53;
23;3198.0;2408.0;-4.92;4.03;-7.45;
23;3181.0;2382.0;-5.03;4.04;-7.44;
23;3252.0;2383.0;-4.98;3.98;-7.49;
23;3177.0;2376.0;-5.03;3.92;-7.51;
23;3174.0;2372.0;-5.0;3.92;-7.43;
23;3177.0;2365.0;-5.0;4.0;-7.44;
23;3179.0;2387.0;-4.95;4.05;-7.5;
23;3180.0;2384.0;-4.99;4.0;-7.41;
23;3346.0;2394.0;-5.02;3.9;-7.52;
23;3276.0;2400.0;-5.02;3.9;-7.52;
23;3192.0;2378.0;-5.03;3.89;-7.51;
23;3245.0;2384.0;-5.0;3.96;-7.45;
23;3193.0;2380.0;-4.97;4.01;-7.42;
23;3165.0;2376.0;-4.96;4.03;-7.41;
23;3197.0;2401.0;-4.95;4.02;-7.51;
23;3180.0;2382.0;-4.96;3.98;-7.42;
23;3188.0;2390.0;-4.98;3.98;-7.41;
23;3205.0;2394.0;-4.98;3.94;-7.39;
23;3222.0;2405.0;-5.04;3.94;-7.47;
23;3211.0;2395.0;-5.04;3.94;-7.47;
23;3188.0;2397.0;-5.01;3.93;-7.54;
23;3182.0;2381.0;-5.04;3.95;-7.5;
23;3189.0;2396.0;-4.99;3.94;-7.44;
23;3180.0;2389.0;-4.99;3.99;-7.43;
23;3197.0;2422.0;-4.99;3.99;-7.43;
23;3197.0;2388.0;-4.99;4.02;-7.43;
23;3341.0;2366.0;-4.97;4.0;-7.46;
23;3179.0;2375.0;-5.0;3.96;-7.39;
23;3165.0;2361.0;-5.04;3.92;-7.46;
23;3165.0;2357.0;-5.01;3.93;-7.48;
23;3157.0;2355.0;-5.01;3.96;-7.43;
23;3164.0;2355.0;-4.97;4.0;-7.43;
23;3169.0;2364.0;-5.0;4.01;-7.47;
23;3175.0;2354.0;-4.98;3.97;-7.43;
23;3180.0;2375.0;-5.04;4.0;-7.58;
23;3169.0;2375.0;-5.04;4.0;-7.58;
23;3160.0;2359.0;-4.98;3.89;-7.38;
23;3161.0;2358.0;-5.03;4.1;-7.56;
23;3162.0;2359.0;-5.03;3.9;-7.38;
23;3204.0;2389.0;-5.03;3.95;-7.46;
23;3179.0;2362.0;-4.98;3.97;-7.46;
23;3188.0;2391.0;-5.01;3.88;-7.49;
23;3173.0;2379.0;-4.99;3.91;-7.46;
23;3179.0;2371.0;-4.96;4.01;-7.41;
23;3262.0;2374.0;-4.99;3.99;-7.45;
23;3262.0;2395.0;-5.01;3.99;-7.55;
23;3175.0;2382.0;-5.0;3.96;-7.43;
23;3165.0;2370.0;-5.02;3.96;-7.44;
23;3173.0;2375.0;-5.01;3.98;-7.45;
23;3166.0;2364.0;-5.01;3.94;-7.48;
23;3218.0;2402.0;-5.01;3.96;-7.5;
23;3193.0;2383.0;-5.0;3.95;-7.47;
23;3176.0;2383.0;-4.99;3.97;-7.44;
23;3190.0;2404.0;-4.98;3.98;-7.45;
23;3169.0;2374.0;-5.03;3.95;-7.51;
23;3172.0;2377.0;-5.0;3.97;-7.48;
23;3194.0;2403.0;-5.03;3.95;-7.48;
23;3176.0;2383.0;-4.97;3.97;-7.51;
23;3181.0;2381.0;-5.01;3.97;-7.45;
23;3176.0;2381.0;-5.0;3.96;-7.39;
23;3180.0;2384.0;-5.02;3.97;-7.44;
23;3158.0;2359.0;-5.01;3.98;-7.5;
23;3176.0;2382.0;-5.02;3.95;-7.43;
23;3216.0;2405.0;-5.02;3.95;-7.43;
23;3175.0;2384.0;-5.02;3.92;-7.44;
23;3186.0;2393.0;-4.98;4.0;-7.44;
23;3181.0;2388.0;-5.02;3.95;-7.44;
23;3164.0;2368.0;-5.03;3.99;-7.46;
23;3171.0;2371.0;-5.04;3.95;-7.51;
23;3187.0;2359.0;-5.03;3.92;-7.48;
23;3191.0;2399.0;-5.01;3.93;-7.44;
23;3175.0;2382.0;-5.04;3.95;-7.41;
23;3163.0;2357.0;-4.97;3.98;-7.5;
23;3180.0;2381.0;-4.98;4.0;-7.44;
23;3217.0;2377.0;-5.0;3.99;-7.45;
23;3165.0;2362.0;-5.03;3.93;-7.46;
23;3187.0;2373.0;-5.03;3.92;-7.51;
23;3178.0;2380.0;-5.05;3.94;-7.53;
23;3178.0;2379.0;-5.03;3.95;-7.46;
23;3183.0;2388.0;-5.01;3.94;-7.44;
23;3259.0;2376.0;-5.0;3.99;-7.51;
23;3169.0;2367.0;-5.0;3.99;-7.51;
23;3183.0;2381.0;-4.98;3.98;-7.46;
23;3177.0;2382.0;-5.0;3.92;-7.36;
23;3164.0;2362.0;-5.05;3.95;-7.44;
23;3177.0;2385.0;-5.01;3.96;-7.55;
23;3171.0;2377.0;-5.04;3.95;-7.48;
23;3176.0;2380.0;-5.04;3.97;-7.45;
23;3179.0;2385.0;-5.01;3.94;-7.45;
23;3178.0;2372.0;-4.98;3.96;-7.48;
23;3179.0;2393.0;-4.98;3.96;-7.48;
23;3178.0;2378.0;-5.0;3.98;-7.45;
23;3192.0;2404.0;-5.0;3.97;-7.45;
23;3275.0;2376.0;-5.04;3.94;-7.49;
23;3176.0;2380.0;-5.04;3.93;-7.5;
23;3203.0;2382.0;-5.01;3.92;-7.44;
23;3164.0;2372.0;-4.99;4.0;-7.46;
23;3171.0;2376.0;-4.99;4.0;-7.46;
23;3170.0;2387.0;-4.99;3.96;-7.51;
23;3175.0;2371.0;-4.99;3.96;-7.46;
23;3160.0;2361.0;-4.98;3.96;-7.44;
23;3184.0;2387.0;-5.02;3.96;-7.43;
23;3169.0;2369.0;-5.03;3.93;-7.48;
23;3158.0;2364.0;-5.02;3.93;-7.5;
23;3194.0;2385.0;-5.02;3.93;-7.5;
23;3176.0;2378.0;-5.03;3.94;-7.45;
23;3195.0;2398.0;-5.02;3.97;-7.46;
23;3180.0;2381.0;-5.01;3.99;-7.45;
23;3182.0;2395.0;-5.02;3.99;-7.55;
23;3204.0;2376.0;-5.0;3.97;-7.46;
23;3165.0;2369.0;-4.99;3.95;-7.45;
23;3208.0;2394.0;-5.01;3.96;-7.45;
23;3183.0;2402.0;-5.01;3.96;-7.45;
23;3205.0;2383.0;-5.03;3.96;-7.46;
23;3182.0;2380.0;-5.03;3.96;-7.53;
23;3177.0;2382.0;-5.05;3.94;-7.5;
23;3170.0;2377.0;-5.01;3.89;-7.43;
23;3178.0;2381.0;-5.01;3.95;-7.44;
23;3185.0;2393.0;-5.01;3.95;-7.44;
23;3337.0;2404.0;-5.0;3.99;-7.58;
23;3209.0;2373.0;-5.01;3.97;-7.48;
23;3177.0;2369.0;-4.99;3.96;-7.46;
23;3200.0;2406.0;-5.01;3.96;-7.43;
23;3178.0;2381.0;-5.01;3.96;-7.48;
23;3174.0;2378.0;-5.03;3.96;-7.54;
23;3183.0;2372.0;-5.03;3.95;-7.5;
23;3173.0;2362.0;-5.03;3.94;-7.46;
23;3182.0;2381.0;-5.03;3.94;-7.43;
23;3166.0;2368.0;-5.04;3.95;-7.42;
23;3183.0;2391.0;-5.05;3.96;-7.54;
23;3176.0;2378.0;-5.01;3.93;-7.47;
23;3171.0;2355.0;-5.02;3.95;-7.44;
23;3184.0;2382.0;-5.0;3.94;-7.43;
23;3205.0;2376.0;-5.01;3.93;-7.47;
23;3163.0;2357.0;-5.03;3.95;-7.49;
23;3201.0;2399.0;-5.03;3.95;-7.49;
23;3187.0;2384.0;-5.03;3.93;-7.43;
23;3171.0;2356.0;-5.04;3.94;-7.44;
23;3191.0;2386.0;-5.0;3.92;-7.51;
23;3199.0;2375.0;-5.0;3.92;-7.51;
23;3188.0;2392.0;-5.02;3.99;-7.48;
23;3178.0;2377.0;-4.99;3.97;-7.45;
23;3202.0;2403.0;-5.01;3.96;-7.46;
23;3184.0;2387.0;-5.02;3.94;-7.43;
23;3186.0;2395.0;-5.01;3.92;-7.52;
23;3178.0;2381.0;-5.04;3.89;-7.47;
23;3175.0;2386.0;-5.05;3.89;-7.49;
23;3174.0;2374.0;-5.01;3.94;-7.45;
23;3178.0;2383.0;-5.01;3.94;-7.45;
23;3182.0;2381.0;-5.0;3.95;-7.49;
23;3183.0;2384.0;-4.99;3.96;-7.48;
23;3201.0;2413.0;-4.99;3.96;-7.48;
23;3181.0;2390.0;-5.01;3.98;-7.42;
23;3276.0;2413.0;-5.03;3.96;-7.39;
23;3187.0;2385.0;-4.99;3.92;-7.39;
23;3196.0;2405.0;-5.02;3.9;-7.5;
23;3181.0;2378.0;-5.03;3.9;-7.45;
23;3187.0;2380.0;-5.03;3.93;-7.46;
23;3227.0;2404.0;-5.03;3.95;-7.48;
23;3181.0;2387.0;-5.02;3.95;-7.46;
23;3194.0;2399.0;-5.02;3.91;-7.54;
23;3180.0;2390.0;-5.01;3.96;-7.48;
23;3178.0;2362.0;-5.01;3.96;-7.48;
23;3193.0;2402.0;-5.01;3.97;-7.44;
23;3180.0;2384.0;-5.01;3.97;-7.46;
23;3183.0;2390.0;-5.02;3.89;-7.5;
23;3166.0;2363.0;-5.05;3.94;-7.47;
23;3181.0;2379.0;-5.03;3.96;-7.46;
23;3168.0;2364.0;-5.04;3.92;-7.48;
23;3197.0;2399.0;-5.01;3.91;-7.52;
23;3181.0;2386.0;-5.03;3.92;-7.48;
23;3189.0;2392.0;-5.03;3.96;-7.46;
23;3185.0;2390.0;-5.03;3.96;-7.46;
23;3182.0;2390.0;-5.02;3.98;-7.43;
23;3176.0;2377.0;-5.0;3.93;-7.42;
23;3167.0;2369.0;-5.01;3.95;-7.53;
23;3175.0;2377.0;-5.02;3.93;-7.49;
23;3176.0;2368.0;-5.03;3.92;-7.44;
23;3186.0;2383.0;-5.01;3.92;-7.44;
23;3206.0;2378.0;-5.03;3.94;-7.48;
23;3176.0;2379.0;-5.03;3.94;-7.48;
23;3171.0;2362.0;-5.02;3.93;-7.54;
23;3184.0;2367.0;-5.03;3.94;-7.45;
23;3191.0;2387.0;-5.03;3.93;-7.43;
23;3182.0;2381.0;-5.03;3.95;-7.43;
23;3205.0;2408.0;-5.03;3.94;-7.55;
23;3190.0;2384.0;-5.01;3.97;-7.5;
23;3195.0;2358.0;-5.03;3.93;-7.46;
23;3185.0;2378.0;-5.03;3.92;-7.46;
23;3167.0;2371.0;-5.04;3.91;-7.46;
23;3181.0;2380.0;-5.04;3.91;-7.46;
23;3172.0;2363.0;-5.03;3.92;-7.53;
23;3186.0;2381.0;-5.04;3.95;-7.48;
23;3180.0;2372.0;-5.02;3.94;-7.42;
23;3190.0;2386.0;-5.0;3.95;-7.42;
23;3171.0;2375.0;-5.0;3.95;-7.42;
23;3179.0;2382.0;-5.01;3.93;-7.41;
23;3170.0;2365.0;-5.0;3.94;-7.52;
23;3234.0;2377.0;-5.01;3.95;-7.5;
23;3205.0;2400.0;-5.03;3.91;-7.45;
23;3184.0;2394.0;-5.03;3.9;-7.46;
23;3201.0;2401.0;-5.03;3.94;-7.53;
23;3184.0;2377.0;-5.03;3.96;-7.54;
23;3209.0;2380.0;-5.01;3.96;-7.45;
23;3182.0;2372.0;-5.02;3.96;-7.45;
23;3174.0;2379.0;-5.02;3.96;-7.45;
23;3179.0;2373.0;-5.0;3.94;-7.46;
23;3172.0;2369.0;-5.03;3.92;-7.53;
23;3201.0;2394.0;-5.01;3.93;-7.47;
23;3225.0;2381.0;-5.03;3.93;-7.46;
23;3181.0;2379.0;-5.03;3.9;-7.47;
23;3183.0;2375.0;-5.03;3.94;-7.49;
23;3181.0;2383.0;-5.03;3.98;-7.47;
23;3184.0;2377.0;-5.03;3.91;-7.46;
23;3184.0;2373.0;-5.01;3.94;-7.46;
23;3171.0;2371.0;-5.03;3.93;-7.48;
23;3174.0;2372.0;-5.0;3.96;-7.47;
23;3174.0;2369.0;-5.02;3.95;-7.5;
23;3166.0;2362.0;-5.03;3.92;-7.42;
23;3159.0;2358.0;-5.04;3.93;-7.51;
23;3182.0;2380.0;-5.02;3.98;-7.46;
23;3205.0;2383.0;-5.02;3.95;-7.45;
23;3191.0;2382.0;-5.02;3.95;-7.45;
23;3199.0;2384.0;-5.02;3.92;-7.48;
23;3203.0;2403.0;-5.02;3.92;-7.46;
23;3184.0;2378.0;-5.04;3.93;-7.46;
23;3167.0;2360.0;-5.06;3.9;-7.44;
23;3177.0;2372.0;-5.05;3.9;-7.47;
23;3195.0;2364.0;-5.04;3.94;-7.58;
23;3200.0;2404.0;-5.02;3.94;-7.46;
23;3183.0;2384.0;-5.01;3.97;-7.46;
23;3200.0;2414.0;-5.01;3.97;-7.43;
23;3182.0;2383.0;-5.03;3.97;-7.45;
23;3192.0;2393.0;-5.03;3.97;-7.45;
23;3172.0;2370.0;-5.03;3.92;-7.47;
23;3191.0;2392.0;-5.04;3.91;-7.46;
23;3207.0;2378.0;-5.03;3.9;-7.44;
23;3227.0;2402.0;-5.06;3.89;-7.43;
23;3179.0;2375.0;-5.05;3.9;-7.46;
23;3200.0;2361.0;-5.05;3.91;-7.57;
23;3196.0;2387.0;-5.0;3.97;-7.46;
23;3181.0;2385.0;-5.01;3.99;-7.46;
23;3203.0;2407.0;-4.99;3.96;-7.46;
23;3207.0;2375.0;-5.01;3.95;-7.43;
23;3168.0;2365.0;-5.05;3.91;-7.51;
23;3187.0;2387.0;-5.03;3.9;-7.45;
23;3168.0;2371.0;-5.04;3.91;-7.44;
23;3179.0;2381.0;-5.04;3.91;-7.44;
23;3172.0;2383.0;-5.05;3.89;-7.44;
23;3183.0;2376.0;-5.05;3.92;-7.5;
23;3175.0;2370.0;-5.03;3.93;-7.53;
23;3179.0;2376.0;-5.02;3.93;-7.47;
23;3176.0;2381.0;-5.02;3.91;-7.43;
23;3183.0;2383.0;-5.01;3.95;-7.43;
23;3212.0;2367.0;-5.04;3.91;-7.5;
23;3178.0;2373.0;-5.05;3.94;-7.48;
23;3171.0;2372.0;-5.04;3.91;-7.47;
23;3192.0;2386.0;-5.05;3.9;-7.39;
23;3174.0;2368.0;-5.06;3.91;-7.48;
23;3212.0;2384.0;-5.02;3.95;-7.57;
23;3200.0;2398.0;-5.04;3.94;-7.49;
23;3186.0;2388.0;-5.04;3.91;-7.44;
23;3183.0;2379.0;-5.02;3.93;-7.46;
23;3178.0;2378.0;-5.0;3.93;-7.47;
23;3205.0;2377.0;-5.02;3.91;-7.47;
23;3177.0;2373.0;-5.05;3.91;-7.46;
23;3192.0;2367.0;-5.04;3.89;-7.41;
23;3195.0;2400.0;-5.03;3.89;-7.46;
23;3178.0;2371.0;-5.05;3.92;-7.53;
23;3181.0;2364.0;-5.02;3.95;-7.5;
23;3176.0;2379.0;-5.03;3.93;-7.44;
23;3164.0;2362.0;-5.03;3.93;-7.53;
23;3178.0;2376.0;-5.03;3.93;-7.47;
23;3176.0;2368.0;-5.01;3.94;-7.47;
23;3187.0;2389.0;-5.05;3.92;-7.41;
23;3182.0;2378.0;-5.04;3.91;-7.46;
23;3178.0;2376.0;-5.04;3.93;-7.54;
23;3185.0;2383.0;-5.04;3.94;-7.51;
23;3178.0;2378.0;-5.04;3.93;-7.48;
23;3181.0;2372.0;-5.01;3.94;-7.46;
23;3185.0;2375.0;-5.02;3.91;-7.5;
23;3204.0;2404.0;-5.03;3.92;-7.5;
23;3186.0;2384.0;-5.03;3.92;-7.43;
23;3180.0;2375.0;-5.03;3.92;-7.43;
23;3202.0;2396.0;-5.04;3.91;-7.46;
23;3187.0;2390.0;-5.04;3.91;-7.54;
23;3179.0;2382.0;-5.03;3.92;-7.48;
23;3179.0;2377.0;-5.03;3.92;-7.46;
23;3171.0;2375.0;-5.03;3.95;-7.44;
23;3180.0;2371.0;-5.04;3.96;-7.45;
23;3186.0;2364.0;-5.05;3.93;-7.54;
23;3195.0;2382.0;-5.03;3.91;-7.47;
23;3171.0;2372.0;-5.03;3.92;-7.44;
23;3174.0;2381.0;-5.03;3.92;-7.44;
23;3171.0;2372.0;-5.03;3.9;-7.43;
23;3169.0;2360.0;-5.03;3.91;-7.51;
23;3180.0;2378.0;-5.03;3.89;-7.46;
23;3180.0;2367.0;-5.02;3.9;-7.45;
23;3204.0;2401.0;-5.06;3.92;-7.44;
23;3189.0;2393.0;-5.04;3.91;-7.46;
23;3198.0;2398.0;-5.04;3.91;-7.46;
23;3187.0;2390.0;-5.07;3.91;-7.53;
23;3197.0;2400.0;-5.05;3.9;-7.48;
23;3180.0;2383.0;-5.02;3.92;-7.44;
23;3184.0;2386.0;-5.04;3.91;-7.44;
23;3181.0;2379.0;-5.03;3.95;-7.49;
23;3178.0;2389.0;-5.02;3.91;-7.51;
23;3180.0;2384.0;-5.02;3.91;-7.51;
23;3185.0;2385.0;-5.05;3.92;-7.5;
23;3178.0;2381.0;-5.06;3.9;-7.45;
23;3184.0;2376.0;-5.06;3.86;-7.43;
23;3185.0;2384.0;-5.05;3.93;-7.56;
23;3169.0;2365.0;-5.04;3.95;-7.49;
23;3171.0;2368.0;-5.04;3.89;-7.46;
23;3195.0;2393.0;-4.93;3.97;-7.45;
23;3182.0;2385.0;-5.14;3.76;-7.48;
23;3197.0;2408.0;-5.14;3.76;-7.48;
23;3181.0;2382.0;-5.01;3.74;-7.55;
23;3187.0;2397.0;-5.07;3.99;-7.58;
23;3208.0;2381.0;-5.02;3.97;-7.54;
23;3187.0;2399.0;-4.91;4.05;-7.49;
23;3198.0;2403.0;-5.01;3.97;-7.53;
23;3183.0;2381.0;-5.01;3.97;-7.53;
23;3174.0;2367.0;-5.03;3.85;-7.43;
23;3183.0;2373.0;-5.14;3.76;-7.45;
23;3173.0;2364.0;-5.14;3.76;-7.45;
23;3189.0;2385.0;-5.09;3.72;-7.43;
23;3190.0;2372.0;-5.05;3.77;-7.52;
23;3197.0;2394.0;-4.98;4.01;-7.51;
23;3168.0;2378.0;-4.98;4.01;-7.51;
23;3178.0;2379.0;-4.92;4.06;-7.49;
23;3174.0;2364.0;-4.93;4.06;-7.49;
23;3182.0;2378.0;-4.95;4.02;-7.47;
23;3185.0;2393.0;-5.03;3.87;-7.57;
23;3215.0;2402.0;-5.03;3.87;-7.57;
23;3174.0;2367.0;-5.07;3.84;-7.54;
23;3208.0;2376.0;-5.1;3.83;-7.51;
23;3374.0;2367.0;-5.04;3.88;-7.47;
23;3259.0;2382.0;-5.03;3.91;-7.52;
23;3196.0;2404.0;-4.96;3.94;-7.45;
23;3185.0;2381.0;-4.98;3.93;-7.41;
23;3201.0;2383.0;-5.0;3.95;-7.4;
23;3279.0;2389.0;-5.04;3.88;-7.44;
23;3195.0;2367.0;-5.07;3.88;-7.54;
23;3258.0;2385.0;-5.08;3.9;-7.49;
23;3201.0;2403.0;-5.02;3.92;-7.48;
23;3213.0;2397.0;-5.02;3.92;-7.48;
23;3195.0;2401.0;-5.0;3.94;-7.5;
23;3186.0;2380.0;-5.01;3.95;-7.54;
23;3208.0;2383.0;-5.0;3.91;-7.47;
23;3182.0;2376.0;-4.99;3.88;-7.42;
23;3170.0;2362.0;-5.03;3.89;-7.41;
23;3177.0;2377.0;-5.04;3.88;-7.42;
23;3182.0;2373.0;-5.04;3.86;-7.53;
23;3184.0;2390.0;-5.07;3.89;-7.52;
23;3180.0;2377.0;-5.02;3.93;-7.46;
23;3173.0;2364.0;-5.02;3.93;-7.46;
23;3200.0;2402.0;-5.01;3.97;-7.51;
23;3175.0;2376.0;-5.0;3.97;-7.59;
23;3193.0;2387.0;-5.0;3.92;-7.55;
23;3168.0;2376.0;-5.0;3.92;-7.55;
23;3202.0;2403.0;-5.03;3.89;-7.46;
23;3192.0;2392.0;-5.03;3.89;-7.46;
23;3204.0;2407.0;-5.05;3.86;-7.51;
23;3188.0;2383.0;-5.05;3.87;-7.54;
23;3215.0;2405.0;-5.05;3.88;-7.53;
23;3189.0;2386.0;-5.04;3.91;-7.5;
23;3193.0;2394.0;-5.03;3.93;-7.47;
23;3184.0;2375.0;-5.03;3.9;-7.49;
23;3164.0;2357.0;-5.05;3.89;-7.54;
23;3175.0;2365.0;-5.05;3.89;-7.54;
23;3178.0;2372.0;-5.0;3.92;-7.41;
23;3193.0;2383.0;-5.0;3.92;-7.41;
23;3200.0;2407.0;-5.05;3.87;-7.5;
23;3277.0;2388.0;-5.05;3.87;-7.5;
23;3183.0;2376.0;-5.04;3.85;-7.4;
23;3208.0;2377.0;-5.05;3.88;-7.45;
23;3209.0;2374.0;-5.05;3.84;-7.45;
23;3207.0;2377.0;-5.04;3.87;-7.49;
23;3174.0;2368.0;-5.03;3.88;-7.57;
23;3185.0;2379.0;-5.03;3.88;-7.57;
23;3176.0;2383.0;-5.03;3.89;-7.56;
23;3183.0;2377.0;-5.01;3.9;-7.52;
23;3176.0;2368.0;-5.03;3.93;-7.5;
23;3191.0;2374.0;-5.01;3.92;-7.48;
23;3182.0;2385.0;-5.01;3.91;-7.56;
23;3186.0;2389.0;-5.01;3.91;-7.56;
23;3186.0;2377.0;-5.05;3.88;-7.49;
23;3190.0;2379.0;-5.04;3.9;-7.5;
23;3196.0;2381.0;-5.06;3.86;-7.52;
23;3181.0;2375.0;-5.03;3.87;-7.57;
23;3200.0;2403.0;-5.04;3.9;-7.52;
23;3187.0;2384.0;-5.04;3.89;-7.46;
23;3180.0;2378.0;-5.02;3.93;-7.43;
23;3185.0;2399.0;-5.02;3.93;-7.43;
23;3205.0;2420.0;-5.01;3.91;-7.46;
23;3215.0;2383.0;-5.04;3.93;-7.54;
23;3186.0;2386.0;-5.02;3.88;-7.46;
23;3199.0;2376.0;-5.04;3.86;-7.42;
23;3195.0;2393.0;-5.06;3.86;-7.44;
23;3194.0;2405.0;-5.06;3.86;-7.44;
23;3203.0;2408.0;-5.04;3.85;-7.5;
23;3193.0;2383.0;-5.04;3.88;-7.49;
23;3181.0;2366.0;-5.01;3.89;-7.48;
23;3201.0;2403.0;-5.01;3.89;-7.48;
23;3190.0;2385.0;-5.0;3.92;-7.44;
23;3191.0;2380.0;-5.0;3.92;-7.44;
23;3187.0;2371.0;-5.01;3.95;-7.57;
23;3275.0;2362.0;-5.03;3.89;-7.46;
23;3201.0;2392.0;-5.03;3.88;-7.49;
23;3182.0;2379.0;-5.03;3.88;-7.47;
23;3198.0;2389.0;-5.02;3.88;-7.51;
23;3181.0;2369.0;-5.02;3.87;-7.58;
23;3186.0;2382.0;-5.02;3.87;-7.58;
23;3172.0;2372.0;-5.02;3.89;-7.51;
23;3183.0;2376.0;-5.02;3.87;-7.47;
23;3181.0;2393.0;-5.0;3.93;-7.46;
23;3193.0;2389.0;-5.0;3.92;-7.49;
23;3222.0;2409.0;-5.0;3.92;-7.49;
23;3187.0;2378.0;-5.04;3.92;-7.56;
23;3190.0;2379.0;-5.06;3.9;-7.47;
23;3189.0;2368.0;-5.04;3.8;-7.43;
23;3202.0;2401.0;-5.06;3.89;-7.55;
23;3190.0;2378.0;-5.03;3.97;-7.59;
23;3311.0;2388.0;-5.01;3.92;-7.53;
23;3191.0;2375.0;-5.0;3.87;-7.46;
23;3180.0;2379.0;-5.02;3.86;-7.45;
23;3186.0;2377.0;-5.03;3.91;-7.45;
23;3194.0;2404.0;-5.03;3.91;-7.45;
23;3189.0;2380.0;-5.02;3.9;-7.54;
23;3198.0;2380.0;-5.02;3.88;-7.5;
23;3180.0;2372.0;-5.05;3.86;-7.47;
23;3176.0;2375.0;-5.1;3.85;-7.47;
23;3185.0;2372.0;-5.04;3.89;-7.47;
23;3219.0;2391.0;-5.04;3.89;-7.47;
23;3181.0;2388.0;-5.05;3.94;-7.62;
23;3174.0;2373.0;-5.04;3.91;-7.57;
23;3183.0;2377.0;-5.0;3.91;-7.43;
23;3183.0;2375.0;-5.06;3.93;-7.52;
23;3191.0;2382.0;-5.05;3.9;-7.59;
23;3203.0;2407.0;-4.99;3.86;-7.46;
23;3190.0;2376.0;-5.03;3.88;-7.41;
23;3188.0;2382.0;-5.03;3.87;-7.47;
23;3181.0;2375.0;-5.03;3.86;-7.44;
23;3208.0;2377.0;-5.03;3.86;-7.44;
23;3183.0;2376.0;-5.03;3.89;-7.5;
23;3178.0;2362.0;-5.04;3.89;-7.48;
23;3190.0;2382.0;-5.01;3.84;-7.46;
23;3175.0;2378.0;-5.02;3.95;-7.5;
23;3182.0;2382.0;-5.03;3.93;-7.5;
23;3187.0;2397.0;-5.03;3.93;-7.5;
23;3185.0;2380.0;-5.03;3.93;-7.58;
23;3246.0;2379.0;-5.04;3.86;-7.44;
23;3193.0;2363.0;-5.02;3.84;-7.4;
23;3202.0;2401.0;-5.03;3.84;-7.41;
23;3190.0;2384.0;-5.04;3.89;-7.52;
23;3223.0;2384.0;-5.03;3.89;-7.49;
23;3184.0;2374.0;-5.03;3.88;-7.49;
23;3192.0;2384.0;-5.05;3.86;-7.49;
23;3223.0;2399.0;-5.07;3.88;-7.54;
23;3186.0;2380.0;-5.06;3.89;-7.64;
23;3183.0;2378.0;-5.02;3.93;-7.58;
23;3194.0;2374.0;-5.02;3.89;-7.49;
23;3205.0;2387.0;-5.01;3.89;-7.46;
23;3214.0;2375.0;-5.01;3.91;-7.42;
23;3181.0;2383.0;-5.01;3.91;-7.42;
23;3187.0;2371.0;-5.01;3.91;-7.49;
23;3178.0;2363.0;-5.04;3.9;-7.43;
23;3190.0;2373.0;-5.05;3.87;-7.43;
23;3195.0;2381.0;-5.08;3.89;-7.46;
23;3180.0;2362.0;-5.06;3.83;-7.46;
23;3184.0;2379.0;-5.07;3.81;-7.56;
23;3266.0;2362.0;-5.07;3.81;-7.56;
23;3208.0;2395.0;-4.97;3.95;-7.48;
23;3188.0;2373.0;-4.96;3.96;-7.43;
23;3205.0;2382.0;-4.96;3.96;-7.43;
23;3185.0;2370.0;-5.01;3.93;-7.49;
23;3179.0;2365.0;-5.02;3.88;-7.48;
23;3193.0;2384.0;-5.02;3.87;-7.46;
23;3175.0;2372.0;-5.07;3.84;-7.46;
23;3185.0;2377.0;-5.07;3.84;-7.46;
23;3185.0;2392.0;-5.11;3.8;-7.47;
23;3191.0;2383.0;-5.06;3.81;-7.6;
23;3188.0;2379.0;-5.05;3.86;-7.5;
23;3193.0;2383.0;-5.03;3.95;-7.52;
23;3200.0;2405.0;-5.03;3.95;-7.52;
23;3209.0;2397.0;-4.98;3.94;-7.46;
23;3187.0;2384.0;-4.99;3.9;-7.53;
23;3197.0;2396.0;-5.03;3.87;-7.46;
23;3193.0;2382.0;-5.03;3.88;-7.45;
23;3184.0;2378.0;-5.07;3.85;-7.43;
23;3205.0;2372.0;-5.09;3.84;-7.47;
23;3180.0;2380.0;-5.09;3.84;-7.47;
23;3186.0;2374.0;-5.07;3.81;-7.53;
23;3199.0;2364.0;-5.08;3.84;-7.51;
23;3220.0;2386.0;-5.04;3.89;-7.5;
23;3188.0;2379.0;-5.03;3.91;-7.49;
23;3194.0;2391.0;-5.0;3.92;-7.5;
23;3178.0;2369.0;-5.0;3.92;-7.5;
23;3187.0;2377.0;-5.01;3.91;-7.55;
23;3179.0;2363.0;-5.03;3.9;-7.5;
23;3197.0;2390.0;-5.03;3.88;-7.47;
23;3195.0;2384.0;-5.03;3.91;-7.45;
23;3222.0;2396.0;-5.07;3.86;-7.49;
23;3187.0;2381.0;-5.08;3.84;-7.51;
23;3274.0;2362.0;-5.08;3.84;-7.51;
23;3206.0;2386.0;-5.07;3.86;-7.5;
23;3196.0;2379.0;-5.06;3.91;-7.46;
23;3206.0;2401.0;-5.01;3.89;-7.47;
23;3196.0;2396.0;-5.01;3.9;-7.56;
23;3241.0;2417.0;-5.01;3.9;-7.56;
23;3224.0;2383.0;-5.02;3.94;-7.49;
23;3208.0;2406.0;-5.04;3.92;-7.47;
23;3189.0;2391.0;-5.04;3.88;-7.43;
23;3202.0;2400.0;-5.03;3.86;-7.5;
23;3203.0;2371.0;-5.03;3.86;-7.5;
23;3181.0;2379.0;-5.08;3.82;-7.55;
23;3188.0;2371.0;-5.09;3.85;-7.48;
23;3208.0;2394.0;-5.08;3.82;-7.43;
23;3186.0;2381.0;-5.03;3.89;-7.43;
23;3198.0;2390.0;-5.04;3.89;-7.47;
23;3186.0;2375.0;-4.99;3.91;-7.52;
23;3258.0;2360.0;-5.01;3.93;-7.5;
23;3199.0;2383.0;-5.05;3.89;-7.51;
23;3179.0;2372.0;-5.02;3.86;-7.49;
23;3220.0;2401.0;-5.04;3.83;-7.42;
23;3196.0;2381.0;-5.06;3.88;-7.54;
23;3212.0;2417.0;-5.06;3.88;-7.54;
23;3189.0;2384.0;-5.03;3.89;-7.53;
23;3207.0;2410.0;-5.03;3.87;-7.45;
23;3190.0;2384.0;-5.03;3.9;-7.43;
23;3207.0;2402.0;-5.06;3.87;-7.46;
23;3195.0;2383.0;-5.06;3.87;-7.57;
23;3208.0;2408.0;-5.01;3.85;-7.5;
23;3197.0;2391.0;-5.01;3.85;-7.5;
23;3204.0;2401.0;-5.03;3.86;-7.52;
23;3196.0;2392.0;-5.06;3.92;-7.52;
23;3204.0;2412.0;-5.08;3.87;-7.49;
23;3194.0;2393.0;-5.04;3.89;-7.55;
23;3205.0;2408.0;-5.04;3.89;-7.55;
23;3192.0;2371.0;-5.03;3.96;-7.5;
23;3195.0;2377.0;-5.03;3.87;-7.42;
23;3297.0;2405.0;-5.05;3.81;-7.43;
23;3187.0;2378.0;-5.09;3.79;-7.53;
23;3206.0;2420.0;-5.02;3.78;-7.45;
23;3194.0;2382.0;-5.06;3.85;-7.46;
23;3204.0;2401.0;-5.06;3.85;-7.46;
23;3195.0;2395.0;-5.06;3.87;-7.48;
23;3210.0;2416.0;-5.04;3.92;-7.48;
23;3194.0;2391.0;-5.04;3.92;-7.48;
23;3208.0;2396.0;-5.03;3.89;-7.52;
23;3192.0;2382.0;-5.05;3.91;-7.51;
23;3205.0;2406.0;-5.03;3.9;-7.53;
23;3189.0;2376.0;-5.04;3.82;-7.43;
23;3188.0;2384.0;-5.04;3.82;-7.43;
23;3212.0;2396.0;-5.05;3.84;-7.47;
23;3185.0;2373.0;-5.06;3.86;-7.57;
23;3177.0;2360.0;-5.06;3.87;-7.56;
23;3232.0;2393.0;-5.04;3.84;-7.45;
23;3299.0;2382.0;-5.05;3.88;-7.47;
23;3192.0;2376.0;-5.03;3.88;-7.54;
23;3206.0;2402.0;-5.03;3.88;-7.54;
23;3202.0;2390.0;-4.99;3.89;-7.47;
23;3201.0;2395.0;-4.99;3.89;-7.47;
23;3190.0;2377.0;-5.12;3.92;-7.48;
23;3182.0;2358.0;-5.16;3.83;-7.56;
23;3195.0;2378.0;-5.07;3.73;-7.5;
23;3177.0;2363.0;-5.0;3.76;-7.51;
23;3238.0;2390.0;-5.03;3.93;-7.5;
23;3223.0;2377.0;-4.94;3.84;-7.39;
23;3225.0;2388.0;-4.94;3.84;-7.39;
23;3215.0;2369.0;-5.0;3.89;-7.38;
23;3208.0;2396.0;-5.1;3.92;-7.54;
23;3191.0;2383.0;-5.02;3.77;-7.42;
23;3236.0;2409.0;-5.03;3.79;-7.39;
23;3204.0;2383.0;-5.02;3.78;-7.47;
23;3189.0;2376.0;-5.0;3.9;-7.56;
23;3214.0;2407.0;-5.0;3.9;-7.56;
23;3199.0;2390.0;-5.03;3.94;-7.58;
23;3200.0;2393.0;-5.02;3.82;-7.53;
23;3192.0;2374.0;-5.02;3.82;-7.53;
23;3180.0;2366.0;-5.01;3.92;-7.46;
23;3216.0;2373.0;-5.02;3.89;-7.54;
23;3188.0;2374.0;-5.03;3.89;-7.56;
23;3209.0;2398.0;-5.02;3.87;-7.5;
23;3191.0;2380.0;-5.04;3.83;-7.45;
23;3235.0;2407.0;-5.05;3.83;-7.51;
23;3226.0;2385.0;-5.05;3.83;-7.51;
23;3235.0;2406.0;-5.05;3.87;-7.55;
23;3196.0;2381.0;-5.05;3.83;-7.51;
23;3200.0;2396.0;-5.05;3.88;-7.5;
23;3191.0;2379.0;-5.03;3.86;-7.42;
23;3186.0;2374.0;-5.03;3.81;-7.57;
23;3180.0;2366.0;-5.01;3.86;-7.53;
23;3205.0;2390.0;-5.03;3.89;-7.48;
23;3198.0;2382.0;-5.03;3.87;-7.45;
23;3192.0;2382.0;-5.01;3.81;-7.49;
23;3184.0;2377.0;-5.04;3.86;-7.54;
23;3186.0;2378.0;-5.07;3.9;-7.54;
23;3221.0;2391.0;-5.07;3.9;-7.54;
23;3188.0;2384.0;-5.04;3.82;-7.48;
23;3188.0;2374.0;-5.07;3.84;-7.52;
23;3185.0;2375.0;-5.06;3.85;-7.53;
23;3189.0;2374.0;-5.01;3.86;-7.56;
23;3177.0;2368.0;-5.05;3.85;-7.5;
23;3184.0;2374.0;-5.04;3.89;-7.53;
23;3188.0;2397.0;-5.04;3.89;-7.53;
23;3189.0;2384.0;-5.03;3.85;-7.51;
23;3190.0;2384.0;-5.05;3.84;-7.55;
23;3181.0;2362.0;-5.04;3.83;-7.52;
23;3192.0;2379.0;-5.07;3.82;-7.48;
23;3199.0;2381.0;-5.06;3.86;-7.47;
23;3211.0;2409.0;-5.05;3.84;-7.49;
23;3200.0;2387.0;-5.05;3.84;-7.49;
23;3212.0;2407.0;-5.03;3.86;-7.58;
23;3196.0;2384.0;-4.99;3.88;-7.52;
23;3264.0;2408.0;-5.0;3.89;-7.51;
23;3238.0;2389.0;-5.05;3.89;-7.45;
23;3239.0;2407.0;-5.03;3.83;-7.44;
23;3240.0;2392.0;-5.03;3.83;-7.44;
23;3234.0;2404.0;-5.03;3.79;-7.55;
23;3195.0;2385.0;-5.06;3.8;-7.55;
23;3204.0;2406.0;-5.05;3.85;-7.49;
23;3199.0;2391.0;-5.05;3.85;-7.46;
23;3201.0;2396.0;-5.04;3.86;-7.5;
23;3203.0;2392.0;-5.04;3.89;-7.59;
23;3190.0;2375.0;-5.01;3.89;-7.47;
23;3186.0;2384.0;-5.03;3.87;-7.47;
23;3200.0;2376.0;-5.03;3.87;-7.47;
23;3179.0;2368.0;-5.03;3.83;-7.55;
23;3206.0;2400.0;-5.03;3.83;-7.55;
23;3199.0;2386.0;-5.04;3.83;-7.47;
23;3202.0;2401.0;-5.04;3.82;-7.48;
23;3198.0;2391.0;-5.06;3.84;-7.47;
23;3195.0;2395.0;-5.03;3.86;-7.5;
23;3223.0;2390.0;-5.03;3.88;-7.57;
23;3244.0;2403.0;-5.03;3.88;-7.57;
23;3195.0;2388.0;-5.05;3.89;-7.54;
23;3193.0;2387.0;-5.01;3.88;-7.49;
23;3194.0;2386.0;-5.0;3.87;-7.48;
23;3183.0;2378.0;-5.05;3.86;-7.47;
23;3202.0;2391.0;-5.05;3.83;-7.47;
23;3188.0;2372.0;-5.05;3.83;-7.47;
23;3183.0;2376.0;-5.04;3.84;-7.48;
23;3188.0;2374.0;-5.04;3.82;-7.46;
23;3278.0;2361.0;-5.04;3.82;-7.46;
23;3272.0;2394.0;-5.03;3.85;-7.57;
23;3194.0;2378.0;-5.08;3.87;-7.52;
23;3190.0;2380.0;-5.04;3.89;-7.48;
23;3186.0;2379.0;-5.04;3.89;-7.47;
23;3174.0;2363.0;-5.05;3.87;-7.5;
23;3193.0;2374.0;-5.01;3.85;-7.55;
23;3184.0;2365.0;-5.04;3.83;-7.51;
23;3193.0;2382.0;-5.04;3.85;-7.49;
23;3179.0;2367.0;-5.04;3.85;-7.49;
23;3188.0;2378.0;-5.02;3.82;-7.47;
23;3220.0;2362.0;-5.04;3.85;-7.48;
23;3214.0;2399.0;-5.03;3.85;-7.56;
23;3213.0;2400.0;-5.04;3.87;-7.54;
23;3211.0;2385.0;-5.04;3.84;-7.48;
23;3201.0;2396.0;-5.04;3.85;-7.48;
23;3196.0;2388.0;-5.03;3.85;-7.58;
23;3177.0;2361.0;-5.03;3.87;-7.53;
23;3189.0;2377.0;-5.03;3.87;-7.53;
23;3185.0;2373.0;-5.01;3.84;-7.51;
23;3192.0;2385.0;-5.02;3.84;-7.47;
23;3177.0;2364.0;-5.03;3.84;-7.48;
23;3206.0;2385.0;-5.03;3.85;-7.54;
23;3188.0;2371.0;-5.03;3.85;-7.5;
23;3217.0;2370.0;-5.03;3.86;-7.47;
23;3197.0;2382.0;-5.05;3.83;-7.46;
23;3205.0;2375.0;-5.05;3.86;-7.47;
23;3233.0;2402.0;-5.04;3.85;-7.55;
23;3195.0;2388.0;-5.06;3.86;-7.52;
23;3201.0;2383.0;-5.04;3.85;-7.51;
23;3212.0;2413.0;-5.04;3.86;-7.51;
23;3190.0;2377.0;-5.04;3.83;-7.57;
23;3180.0;2359.0;-5.04;3.85;-7.54;
23;3195.0;2384.0;-5.02;3.85;-7.49;
23;3192.0;2374.0;-5.04;3.87;-7.46;
23;3212.0;2395.0;-5.04;3.87;-7.46;
23;3191.0;2376.0;-5.03;3.86;-7.5;
23;3208.0;2401.0;-5.04;3.83;-7.57;
23;3196.0;2386.0;-5.03;3.84;-7.49;
23;3209.0;2402.0;-5.03;3.84;-7.51;
23;3193.0;2384.0;-5.04;3.86;-7.48;
23;3232.0;2403.0;-5.01;3.84;-7.52;
23;3222.0;2386.0;-5.01;3.84;-7.52;
23;3232.0;2407.0;-5.04;3.84;-7.56;
23;3195.0;2380.0;-5.04;3.84;-7.48;
23;3194.0;2381.0;-5.06;3.85;-7.48;
23;3207.0;2404.0;-5.03;3.86;-7.5;
23;3192.0;2379.0;-5.04;3.81;-7.55;
23;3201.0;2394.0;-5.04;3.81;-7.55;
23;3221.0;2384.0;-5.03;3.83;-7.46;
23;3204.0;2372.0;-5.03;3.83;-7.48;
23;3187.0;2379.0;-5.04;3.86;-7.49;
23;3179.0;2369.0;-5.01;3.86;-7.48;
23;3192.0;2384.0;-5.04;3.84;-7.56;
23;3199.0;2394.0;-5.04;3.84;-7.56;
23;3198.0;2383.0;-5.05;3.85;-7.53;
23;3222.0;2389.0;-5.05;3.82;-7.47;
23;3237.0;2398.0;-5.05;3.83;-7.47;
23;3202.0;2404.0;-5.05;3.85;-7.5;
23;3200.0;2391.0;-5.05;3.85;-7.5;
23;3208.0;2414.0;-5.06;3.85;-7.57;
23;3192.0;2388.0;-5.03;3.85;-7.5;
23;3222.0;2389.0;-5.04;3.84;-7.48;
23;3224.0;2402.0;-5.02;3.85;-7.51;
23;3197.0;2380.0;-5.02;3.85;-7.51;
23;3200.0;2397.0;-5.03;3.85;-7.55;
23;3200.0;2384.0;-5.04;3.84;-7.53;
23;3180.0;2370.0;-5.05;3.81;-7.48;
23;3191.0;2376.0;-5.04;3.84;-7.47;
23;3182.0;2366.0;-5.04;3.85;-7.48;
23;3208.0;2393.0;-5.05;3.85;-7.6;
23;3191.0;2370.0;-5.04;3.85;-7.5;
23;3195.0;2380.0;-5.04;3.85;-7.5;
23;3186.0;2368.0;-5.03;3.84;-7.49;
23;3212.0;2403.0;-5.03;3.85;-7.46;
23;3194.0;2388.0;-5.06;3.85;-7.52;
23;3209.0;2409.0;-5.04;3.85;-7.55;
23;3196.0;2382.0;-5.03;3.86;-7.53;
23;3202.0;2393.0;-5.06;3.82;-7.49;
23;3212.0;2400.0;-5.04;3.81;-7.5;
23;3207.0;2386.0;-5.04;3.81;-7.5;
23;3210.0;2408.0;-5.04;3.85;-7.54;
23;3285.0;2381.0;-5.04;3.88;-7.51;
23;3189.0;2372.0;-5.04;3.84;-7.46;
23;3196.0;2372.0;-5.04;3.85;-7.46;
23;3193.0;2370.0;-5.04;3.82;-7.5;
23;3212.0;2398.0;-5.05;3.81;-7.56;
23;3197.0;2380.0;-5.03;3.83;-7.5;
23;3196.0;2387.0;-5.03;3.83;-7.51;
23;3192.0;2383.0;-5.02;3.84;-7.44;
23;3202.0;2406.0;-5.03;3.85;-7.47;
23;3200.0;2387.0;-5.03;3.85;-7.47;
23;3205.0;2400.0;-5.04;3.86;-7.54;
23;3238.0;2381.0;-5.05;3.84;-7.49;
23;3183.0;2367.0;-5.05;3.85;-7.49;
23;3187.0;2388.0;-5.06;3.84;-7.52;
23;3200.0;2398.0;-5.04;3.83;-7.49;
23;3242.0;2401.0;-5.04;3.81;-7.57;
23;3207.0;2382.0;-5.06;3.85;-7.54;
23;3272.0;2378.0;-5.05;3.85;-7.52;
23;3190.0;2372.0;-5.03;3.88;-7.47;
23;3181.0;2365.0;-5.04;3.85;-7.46;
23;3208.0;2389.0;-5.01;3.82;-7.54;
23;3200.0;2381.0;-5.06;3.83;-7.47;
23;3201.0;2391.0;-5.04;3.82;-7.49;
23;3195.0;2394.0;-5.07;3.85;-7.47;
23;3198.0;2392.0;-5.04;3.82;-7.42;
23;3196.0;2386.0;-5.04;3.82;-7.42;
23;3195.0;2392.0;-5.03;3.83;-7.54;
23;3192.0;2378.0;-5.03;3.8;-7.49;
23;3187.0;2385.0;-5.03;3.83;-7.48;
23;3197.0;2387.0;-5.07;3.86;-7.52;
23;3208.0;2421.0;-5.07;3.86;-7.52;
23;3194.0;2390.0;-5.05;3.88;-7.54;
23;3196.0;2379.0;-5.07;3.85;-7.54;
23;3206.0;2416.0;-5.06;3.86;-7.5;
23;3194.0;2387.0;-5.05;3.84;-7.48;
23;3190.0;2377.0;-5.04;3.83;-7.47;
23;3193.0;2371.0;-5.04;3.82;-7.51;
23;3188.0;2364.0;-5.02;3.79;-7.45;
23;3198.0;2385.0;-5.02;3.79;-7.45;
23;3186.0;2371.0;-5.04;3.81;-7.44;
23;3203.0;2390.0;-5.04;3.86;-7.48;
23;3196.0;2369.0;-5.04;3.85;-7.52;
23;3203.0;2386.0;-5.05;3.85;-7.58;
23;3178.0;2371.0;-5.05;3.85;-7.58;
23;3191.0;2377.0;-5.07;3.81;-7.57;
23;3176.0;2362.0;-5.06;3.82;-7.5;
23;3186.0;2372.0;-5.05;3.84;-7.49;
23;3193.0;2378.0;-5.07;3.85;-7.56;
23;3188.0;2360.0;-5.07;3.83;-7.5;
23;3195.0;2383.0;-5.04;3.82;-7.48;
23;3203.0;2398.0;-5.05;3.83;-7.58;
23;3187.0;2368.0;-5.03;3.85;-7.48;
23;3169.0;2360.0;-5.05;3.82;-7.59;
23;3222.0;2384.0;-5.03;3.86;-7.56;
23;3192.0;2385.0;-5.06;3.86;-7.53;
23;3197.0;2380.0;-5.03;3.8;-7.48;
23;3180.0;2374.0;-5.04;3.83;-7.57;
23;3186.0;2385.0;-5.03;3.83;-7.48;
23;3195.0;2390.0;-5.03;3.82;-7.46;
23;3208.0;2400.0;-5.02;3.85;-7.59;
23;3199.0;2405.0;-5.07;3.78;-7.46;
23;3204.0;2403.0;-5.06;3.8;-7.49;
23;3208.0;2403.0;-5.07;3.83;-7.61;
23;3189.0;2390.0;-5.04;3.8;-7.51;
23;3190.0;2388.0;-5.03;3.83;-7.51;
23;3299.0;2403.0;-5.04;3.88;-7.48;
23;3200.0;2386.0;-5.03;3.81;-7.52;
23;3190.0;2377.0;-5.06;3.81;-7.49;
23;3206.0;2402.0;-5.06;3.8;-7.46;
23;3184.0;2375.0;-5.06;3.79;-7.46;
23;3189.0;2383.0;-5.02;3.84;-7.53;
23;3192.0;2383.0;-5.03;3.88;-7.51;
23;3189.0;2380.0;-5.05;3.86;-7.57;
23;3190.0;2381.0;-5.07;3.84;-7.55;
23;3184.0;2384.0;-5.08;3.8;-7.51;
23;3181.0;2368.0;-5.04;3.84;-7.46;
23;3202.0;2395.0;-5.04;3.83;-7.47;
23;3190.0;2386.0;-5.05;3.83;-7.46;
23;3199.0;2397.0;-5.08;3.82;-7.63;
23;3169.0;2365.0;-5.03;3.84;-7.51;
23;3176.0;2372.0;-5.04;3.88;-7.49;
23;3289.0;2398.0;-5.02;3.86;-7.58;
23;3283.0;2399.0;-5.04;3.78;-7.44;
23;3188.0;2379.0;-5.06;3.8;-7.47;
23;3185.0;2382.0;-5.05;3.85;-7.62;
23;3179.0;2371.0;-5.05;3.87;-7.51;
23;3183.0;2377.0;-5.06;3.83;-7.51;
23;3219.0;2400.0;-5.05;3.83;-7.59;
23;3354.0;2394.0;-5.02;3.81;-7.45;
23;3204.0;2399.0;-5.02;3.81;-7.45;
23;3199.0;2405.0;-5.04;3.78;-7.58;
23;3178.0;2376.0;-5.05;3.82;-7.53;
23;3187.0;2382.0;-5.08;3.83;-7.53;
23;3183.0;2378.0;-5.06;3.85;-7.51;
23;3212.0;2406.0;-5.03;3.82;-7.61;
23;3183.0;2378.0;-5.03;3.83;-7.49;
23;3216.0;2381.0;-5.02;3.83;-7.46;
23;3183.0;2384.0;-5.06;3.8;-7.49;
23;3182.0;2381.0;-5.06;3.83;-7.62;
23;3181.0;2371.0;-5.06;3.8;-7.47;
23;3183.0;2390.0;-5.03;3.85;-7.53;
23;3178.0;2370.0;-5.03;3.85;-7.53;
23;3181.0;2365.0;-5.03;3.89;-7.59;
23;3192.0;2392.0;-5.05;3.82;-7.5;
23;3195.0;2398.0;-5.06;3.84;-7.46;
23;3172.0;2365.0;-5.1;3.79;-7.55;
23;3189.0;2379.0;-5.06;3.76;-7.54;
23;3182.0;2380.0;-5.09;3.83;-7.52;
23;3183.0;2381.0;-5.05;3.84;-7.52;
23;3276.0;2382.0;-5.06;3.87;-7.59;
23;3191.0;2370.0;-5.08;3.85;-7.5;
23;3336.0;2388.0;-5.05;3.83;-7.48;
23;3197.0;2399.0;-5.04;3.79;-7.52;
23;3192.0;2395.0;-5.06;3.8;-7.49;
23;3193.0;2387.0;-5.08;3.78;-7.48;
23;3179.0;2379.0;-5.04;3.82;-7.51;
23;3179.0;2374.0;-5.06;3.84;-7.54;
23;3168.0;2359.0;-5.06;3.84;-7.51;
23;3177.0;2370.0;-5.04;3.84;-7.49;
23;3169.0;2355.0;-5.07;3.81;-7.56;
23;3179.0;2377.0;-5.08;3.81;-7.52;
23;3275.0;2364.0;-5.06;3.82;-7.53;
23;3170.0;2369.0;-5.07;3.8;-7.58;
23;3168.0;2380.0;-5.03;3.83;-7.5;
23;3185.0;2383.0;-5.01;3.88;-7.49;
23;3175.0;2376.0;-5.01;3.84;-7.46;
23;3210.0;2382.0;-5.04;3.84;-7.58;
23;3168.0;2362.0;-5.06;3.78;-7.47;
23;3180.0;2377.0;-5.08;3.77;-7.49;
23;3225.0;2393.0;-5.06;3.82;-7.59;
23;3207.0;2406.0;-5.04;3.81;-7.5;
23;3186.0;2375.0;-5.06;3.81;-7.47;
23;3174.0;2361.0;-5.06;3.81;-7.47;
23;3171.0;2361.0;-5.07;3.8;-7.59;
23;3174.0;2362.0;-5.07;3.81;-7.52;
23;3199.0;2399.0;-5.03;3.8;-7.46;
23;3174.0;2370.0;-5.04;3.84;-7.59;
23;3175.0;2373.0;-5.09;3.79;-7.52;
23;3193.0;2370.0;-5.05;3.82;-7.5;
23;3180.0;2381.0;-5.05;3.8;-7.58;
23;3169.0;2357.0;-5.04;3.84;-7.5;
23;3205.0;2403.0;-5.04;3.8;-7.48;
23;3195.0;2383.0;-5.07;3.8;-7.53;
23;3168.0;2373.0;-5.06;3.81;-7.53;
23;3187.0;2379.0;-5.05;3.79;-7.49;
23;3181.0;2378.0;-5.04;3.82;-7.47;
23;3188.0;2387.0;-5.03;3.84;-7.58;
23;3178.0;2376.0;-5.04;3.84;-7.55;
23;3192.0;2398.0;-5.05;3.84;-7.49;
23;3191.0;2397.0;-5.05;3.78;-7.54;
23;3203.0;2401.0;-5.08;3.8;-7.52;
23;3272.0;2386.0;-5.06;3.78;-7.49;
23;3186.0;2382.0;-5.06;3.85;-7.5;
23;3173.0;2384.0;-5.05;3.8;-7.59;
23;3186.0;2391.0;-5.05;3.8;-7.54;
23;3197.0;2403.0;-5.04;3.86;-7.52;
23;3191.0;2400.0;-5.03;3.8;-7.55;
23;3181.0;2376.0;-5.06;3.8;-7.55;
23;3173.0;2375.0;-5.05;3.81;-7.49;
23;3194.0;2393.0;-5.07;3.83;-7.55;
23;3197.0;2403.0;-5.03;3.86;-7.56;
23;3181.0;2385.0;-5.03;3.83;-7.51;
23;3171.0;2374.0;-5.06;3.83;-7.46;
23;3180.0;2377.0;-5.09;3.79;-7.56;
23;3177.0;2371.0;-5.07;3.76;-7.5;
23;3169.0;2363.0;-5.08;3.8;-7.51;
23;3178.0;2384.0;-5.04;3.81;-7.57;
23;3188.0;2394.0;-5.05;3.83;-7.56;
23;3195.0;2386.0;-5.03;3.83;-7.48;
23;3198.0;2385.0;-5.07;3.81;-7.58;
23;3202.0;2381.0;-5.07;3.81;-7.58;
23;3249.0;2367.0;-5.05;3.8;-7.49;
23;3190.0;2391.0;-5.07;3.79;-7.46;
23;3189.0;2393.0;-5.09;3.8;-7.6;
23;3198.0;2400.0;-5.07;3.82;-7.57;
23;3194.0;2397.0;-5.05;3.81;-7.49;
23;3197.0;2398.0;-5.05;3.81;-7.55;
23;3193.0;2399.0;-5.07;3.8;-7.51;
23;3201.0;2402.0;-5.07;3.79;-7.48;
23;3181.0;2370.0;-5.07;3.82;-7.52;
23;3179.0;2377.0;-5.06;3.8;-7.56;
23;3174.0;2381.0;-5.05;3.83;-7.52;
23;3182.0;2383.0;-5.03;3.81;-7.46;
23;3185.0;2382.0;-5.03;3.82;-7.55;
23;3172.0;2369.0;-5.05;3.8;-7.51;
23;3194.0;2366.0;-5.06;3.8;-7.51;
23;3170.0;2367.0;-5.07;3.78;-7.58;
23;3191.0;2355.0;-5.08;3.81;-7.54;
23;3185.0;2384.0;-5.03;3.82;-7.5;
23;3174.0;2379.0;-5.05;3.84;-7.57;
23;3197.0;2405.0;-5.06;3.83;-7.54;
23;3179.0;2392.0;-5.05;3.79;-7.44;
23;3178.0;2379.0;-5.05;3.79;-7.44;
23;3183.0;2383.0;-5.04;3.79;-7.57;
23;3200.0;2363.0;-5.08;3.81;-7.53;
23;3182.0;2360.0;-5.05;3.81;-7.49;
23;3171.0;2368.0;-5.06;3.82;-7.6;
23;3185.0;2384.0;-5.07;3.8;-7.52;
23;3191.0;2395.0;-5.06;3.82;-7.49;
23;3189.0;2383.0;-5.05;3.81;-7.5;
23;3214.0;2382.0;-5.01;3.74;-7.48;
23;3260.0;2356.0;-5.07;3.77;-7.47;
23;3177.0;2382.0;-5.01;3.8;-7.43;
23;3173.0;2374.0;-5.09;3.79;-7.66;
23;3174.0;2370.0;-5.07;3.84;-7.58;
23;3166.0;2355.0;-5.08;3.77;-7.52;
