24;3162.0;2391.0;-0.59;2.74;-9.36;9.77063457509;9.77063457509;
24;3177.0;2366.0;-0.59;2.74;-9.36;9.77063457509;19.5412691502;
24;3134.0;2359.0;-0.58;2.74;-9.48;9.88505943331;29.4263285835;
24;3170.0;2393.0;-0.54;2.81;-9.39;9.81630276632;39.2426313498;
24;3130.0;2359.0;-0.61;2.65;-9.38;9.76621728204;49.0088486318;
24;3135.0;2368.0;-0.52;2.73;-9.35;9.75427085947;58.7631194913;
24;3187.0;2391.0;-0.5;2.75;-9.36;9.76842361899;68.5315431103;
24;3157.0;2394.0;-0.56;2.77;-9.42;9.83478011956;78.3663232299;
24;3125.0;2353.0;-0.65;2.7;-9.42;9.82084008627;88.1871633161;
24;3149.0;2392.0;-0.62;2.7;-9.43;9.82849428956;98.0156576057;
24;3149.0;2378.0;-0.55;2.69;-9.35;9.74479861259;107.760456218;
24;3140.0;2369.0;-0.57;2.77;-9.45;9.86409144321;117.624547661;
24;3133.0;2363.0;-0.54;2.71;-9.43;9.82652532689;127.451072988;
24;3165.0;2368.0;-0.53;2.68;-9.4;9.78893763388;137.240010622;
24;3152.0;2393.0;-0.53;2.69;-9.33;9.72449998715;146.964510609;
24;3159.0;2377.0;-0.53;2.67;-9.29;9.68059399004;156.645104599;
24;3136.0;2368.0;-0.57;2.66;-9.32;9.70890828054;166.35401288;
24;3165.0;2390.0;-0.61;2.68;-9.42;9.81279267079;176.166805551;
24;3136.0;2357.0;-0.59;2.71;-9.41;9.81021406494;185.977019616;
24;3134.0;2371.0;-0.57;2.67;-9.35;9.74044660167;195.717466217;
24;3139.0;2367.0;-0.57;2.71;-9.35;9.75148706608;205.468953283;
24;3136.0;2363.0;-0.58;2.7;-9.41;9.80685984401;215.275813127;
24;3138.0;2363.0;-0.57;2.7;-9.44;9.83506481931;225.110877947;
24;3142.0;2362.0;-0.56;2.7;-9.39;9.78650601594;234.897383963;
24;3157.0;2393.0;-0.6;2.71;-9.38;9.78204988742;244.67943385;
24;3143.0;2375.0;-0.61;2.69;-9.4;9.79633604977;254.4757699;
24;3232.0;2368.0;-0.6;2.7;-9.47;9.86564240179;264.341412302;
24;3131.0;2376.0;-0.59;2.69;-9.43;9.82390451908;274.165316821;
24;3192.0;2389.0;-0.6;2.71;-9.4;9.80122951471;283.966546336;
24;3141.0;2376.0;-0.59;2.67;-9.41;9.79923976643;293.765786102;
24;3143.0;2370.0;-0.59;2.71;-9.42;9.81980651541;303.585592617;
24;3135.0;2364.0;-0.57;2.69;-9.49;9.88033906301;313.46593168;
24;3161.0;2378.0;-0.58;2.69;-9.49;9.8809210097;323.34685269;
24;3171.0;2385.0;-0.55;2.72;-9.33;9.73395089365;333.080803584;
24;3163.0;2391.0;-0.54;2.73;-9.32;9.72660783624;342.80741142;
24;3122.0;2352.0;-0.59;2.69;-9.42;9.81430588478;352.621717305;
24;3146.0;2375.0;-0.57;2.69;-9.41;9.80352487629;362.425242181;
24;3145.0;2376.0;-0.59;2.65;-9.41;9.79380926913;372.21905145;
24;3137.0;2364.0;-0.58;2.69;-9.51;9.90013131226;382.119182762;
24;3153.0;2392.0;-0.61;2.7;-9.38;9.7799028625;391.899085625;
24;3176.0;2379.0;-0.54;2.72;-9.42;9.81969449627;401.718780121;
24;3146.0;2356.0;-0.59;2.72;-9.37;9.7746304278;411.493410549;
24;3142.0;2376.0;-0.43;2.4;-8.95;9.27617378017;420.769584329;
24;3151.0;2379.0;-0.56;2.79;-9.5;9.9170408893;430.686625218;
24;3144.0;2375.0;-0.61;2.65;-9.47;9.85268998802;440.539315206;
24;3145.0;2372.0;-0.52;2.79;-9.28;9.70427225504;450.243587462;
24;3141.0;2374.0;-0.57;2.75;-9.29;9.70523054852;459.94881801;
24;3127.0;2367.0;-0.63;2.6;-9.38;9.75404018856;469.702858199;
24;3134.0;2363.0;-0.53;2.68;-9.37;9.76013319581;479.462991394;
24;3148.0;2389.0;-0.63;2.73;-9.6;10.000489988;489.463481382;
24;3154.0;2367.0;-0.58;2.73;-9.56;9.95906120074;499.422542583;
24;3133.0;2353.0;-0.55;2.71;-9.28;9.68323293121;509.105775514;
24;3140.0;2358.0;-0.6;2.72;-9.49;9.89032355386;518.996099068;
24;3183.0;2399.0;-0.65;2.65;-9.48;9.86485681599;528.860955884;
24;3186.0;2392.0;-0.6;2.7;-9.45;9.84644605937;538.707401944;
24;3159.0;2385.0;-0.55;2.74;-9.32;9.72997944499;548.437381389;
24;3138.0;2371.0;-0.57;2.7;-9.44;9.83506481931;558.272446208;
24;3143.0;2366.0;-0.59;2.67;-9.32;9.71284716239;567.98529337;
24;3137.0;2370.0;-0.55;2.74;-9.37;9.7778832065;577.763176577;
24;3135.0;2367.0;-0.64;2.72;-9.56;9.96;587.723176577;
24;3157.0;2392.0;-0.5;2.93;-9.6;10.0496218834;597.77279846;
24;3151.0;2371.0;-0.65;2.71;-9.36;9.76607392968;607.53887239;
24;3142.0;2381.0;-0.64;2.64;-9.48;9.86152118083;617.400393571;
24;3149.0;2373.0;-0.57;2.67;-9.27;9.66367942349;627.064072994;
24;3139.0;2351.0;-0.55;2.49;-9.16;9.50832267017;636.572395664;
24;3147.0;2381.0;-0.69;2.59;-9.48;9.85162930687;646.424024971;
24;3146.0;2373.0;-0.7;2.54;-9.38;9.74299748537;656.167022457;
24;3138.0;2374.0;-0.53;2.79;-9.42;9.83877024836;666.005792705;
24;3136.0;2372.0;-0.62;2.75;-9.45;9.8615110404;675.867303745;
24;3146.0;2378.0;-0.5;2.78;-9.35;9.76733842968;685.634642175;
24;3143.0;2373.0;-0.59;2.68;-9.55;9.93644805753;695.571090233;
24;3141.0;2369.0;-0.58;2.68;-9.51;9.89741885544;705.468509088;
24;3146.0;2375.0;-0.59;2.69;-9.47;9.86230703233;715.33081612;
24;3138.0;2381.0;-0.53;2.67;-9.4;9.78620457583;725.117020696;
24;3148.0;2385.0;-0.6;2.73;-9.36;9.7684440931;734.885464789;
24;3162.0;2369.0;-0.58;2.82;-9.43;9.85970080682;744.745165596;
24;3139.0;2373.0;-0.58;2.79;-9.41;9.83201912122;754.577184717;
24;3132.0;2367.0;-0.57;2.64;-9.45;9.82837728214;764.405561999;
24;3147.0;2371.0;-0.56;2.69;-9.41;9.80294853603;774.208510535;
24;3153.0;2379.0;-0.57;2.71;-9.35;9.75148706608;783.959997602;
24;3132.0;2371.0;-0.48;2.75;-9.29;9.70036081803;793.66035842;
24;3132.0;2368.0;-0.51;2.81;-9.34;9.76687258031;803.427231;
24;3127.0;2354.0;-0.55;2.78;-9.41;9.82746152371;813.254692524;
24;3151.0;2395.0;-0.5;2.78;-9.64;10.0452974072;823.299989931;
24;3149.0;2364.0;-0.35;2.19;-7.36;7.68688493474;830.986874866;
25;3128.0;2366.0;-0.75;2.68;-9.56;9.95683182544;840.943706691;
25;3143.0;2365.0;-0.5;2.47;-9.12;9.46178101628;850.405487707;
25;3148.0;2379.0;-0.19;3.19;-9.3;9.83372767571;860.239215383;
25;3154.0;2391.0;-0.74;2.56;-9.4;9.77042476047;870.009640143;
25;3143.0;2377.0;-0.46;2.82;-9.43;9.85336998189;879.863010125;
25;3137.0;2375.0;-0.61;2.72;-9.5;9.90053028883;889.763540414;
25;3172.0;2369.0;-0.74;2.44;-9.75;10.0778817219;899.841422136;
25;3145.0;2365.0;-0.74;2.53;-9.71;10.0614412486;909.902863385;
25;3228.0;2375.0;-0.85;2.85;-9.76;10.203068166;920.105931551;
25;3125.0;2357.0;-0.49;2.73;-9.64;10.0310816964;930.137013247;
25;3151.0;2384.0;-0.34;2.99;-9.28;9.75572139824;939.892734645;
25;3132.0;2352.0;-0.04;3.31;-9.28;9.85272043651;949.745455082;
25;3143.0;2381.0;-0.67;2.35;-9.61;9.91582069221;959.661275774;
25;3159.0;2366.0;-0.73;2.53;-9.66;10.0124622346;969.673738009;
25;3150.0;2371.0;-0.64;2.52;-9.57;9.91689971715;979.590637726;
25;3131.0;2374.0;-0.63;2.6;-9.36;9.73480867814;989.325446404;
25;3189.0;2398.0;-0.6;2.71;-9.48;9.87798056285;999.203426967;
25;3174.0;2393.0;-0.57;2.77;-9.5;9.91200282486;1009.11542979;
25;3145.0;2375.0;-0.51;2.8;-9.35;9.77356639104;1018.88899618;
25;3138.0;2372.0;-0.55;2.68;-9.21;9.60775728253;1028.49675347;
25;3141.0;2378.0;-0.6;2.63;-9.27;9.65452225644;1038.15127572;
25;3132.0;2368.0;-0.65;2.55;-9.47;9.82883004228;1047.98010576;
25;3149.0;2392.0;-0.57;2.64;-9.45;9.82837728214;1057.80848305;
25;3187.0;2389.0;-0.51;2.71;-9.44;9.83452083225;1067.64300388;
25;3142.0;2371.0;-0.59;2.65;-9.5;9.8803137602;1077.52331764;
25;3146.0;2376.0;-0.53;2.71;-9.46;9.85477549212;1087.37809313;
25;3143.0;2388.0;-0.53;2.73;-9.41;9.81233407503;1097.19042721;
25;3156.0;2386.0;-0.57;2.68;-9.38;9.77198546868;1106.96241267;
25;3151.0;2364.0;-0.58;2.68;-9.42;9.81097344813;1116.77338612;
25;3144.0;2374.0;-0.57;2.68;-9.51;9.89683787884;1126.670224;
25;3144.0;2374.0;-0.57;2.68;-9.4;9.79118481084;1136.46140881;
25;3158.0;2407.0;-0.59;2.66;-9.37;9.7581043241;1146.21951314;
25;3140.0;2369.0;-0.6;2.66;-9.45;9.83555285686;1156.05506599;
25;3129.0;2369.0;-0.55;2.68;-9.48;9.86687893916;1165.92194493;
25;3158.0;2397.0;-0.58;2.71;-9.43;9.82880460687;1175.75074954;
25;3137.0;2374.0;-0.59;2.7;-9.41;9.80745634709;1185.55820589;
25;3239.0;2372.0;-0.57;2.71;-9.38;9.78025562038;1195.33846151;
25;3130.0;2369.0;-0.6;2.66;-9.43;9.81633842122;1205.15479993;
25;3140.0;2377.0;-0.57;2.73;-9.5;9.90089894909;1215.05569888;
25;3145.0;2380.0;-0.56;2.75;-9.39;9.80041835842;1224.85611724;
25;3133.0;2358.0;-0.57;2.73;-9.39;9.79540198256;1234.65151922;
25;3131.0;2376.0;-0.57;2.72;-9.44;9.84057417024;1244.49209339;
25;3155.0;2377.0;-0.58;2.69;-9.4;9.79451377047;1254.28660716;
25;3135.0;2356.0;-0.56;2.68;-9.37;9.76180823413;1264.04841539;
25;3166.0;2396.0;-0.58;2.67;-9.37;9.76023565289;1273.80865105;
25;3198.0;2350.0;-0.57;2.72;-9.35;9.75427085947;1283.56292191;
25;3158.0;2395.0;-0.59;2.72;-9.38;9.78421688231;1293.34713879;
25;3147.0;2383.0;-0.55;2.75;-9.41;9.81901726244;1303.16615605;
25;3300.0;2393.0;-0.57;2.72;-9.38;9.78303122759;1312.94918728;
25;3216.0;2373.0;-0.56;2.71;-9.34;9.74131921251;1322.69050649;
25;3135.0;2369.0;-0.56;2.67;-9.39;9.77827183095;1332.46877832;
25;3145.0;2370.0;-0.57;2.67;-9.41;9.79805592962;1342.26683425;
25;3145.0;2384.0;-0.58;2.69;-9.48;9.87131703472;1352.13815129;
25;3133.0;2354.0;-0.58;2.72;-9.48;9.87953440198;1362.01768569;
25;3157.0;2383.0;-0.57;2.67;-9.38;9.76924766807;1371.78693336;
25;3164.0;2385.0;-0.62;2.67;-9.46;9.84910655847;1381.63603991;
25;3155.0;2381.0;-0.56;2.81;-9.05;9.49274459785;1391.12878451;
25;3135.0;2374.0;-0.48;2.76;-9.5;9.90444344726;1401.03322796;
25;3136.0;2371.0;-0.56;2.7;-9.44;9.83449032741;1410.86771829;
25;3164.0;2369.0;-0.67;2.66;-9.35;9.74407512286;1420.61179341;
25;3132.0;2370.0;-0.68;2.66;-9.4;9.79275242207;1430.40454583;
25;3157.0;2397.0;-0.51;2.55;-9.39;9.74344394965;1440.14798978;
25;3150.0;2389.0;-0.64;2.56;-9.45;9.81150854864;1449.95949833;
25;3139.0;2367.0;-0.72;2.45;-9.37;9.71173516937;1459.6712335;
25;3152.0;2375.0;-0.42;2.74;-9.18;9.58938997017;1469.26062347;
25;3142.0;2374.0;-0.45;2.69;-9.37;9.75886776219;1479.01949123;
25;3141.0;2379.0;-0.57;2.76;-9.36;9.77507544728;1488.79456668;
25;3138.0;2374.0;-0.52;2.82;-9.5;9.92334620982;1498.71791289;
25;3161.0;2404.0;-0.57;2.76;-9.51;9.91880033069;1508.63671322;
25;3123.0;2367.0;-0.48;2.71;-9.29;9.68909696515;1518.32581018;
25;3152.0;2387.0;-0.6;2.62;-9.49;9.86329052599;1528.18910071;
25;3167.0;2382.0;-0.6;2.66;-9.5;9.88360258205;1538.07270329;
25;3120.0;2353.0;-0.58;2.74;-9.47;9.87546960909;1547.9481729;
25;3147.0;2375.0;-0.58;2.59;-9.56;9.9215976536;1557.86977055;
25;3153.0;2394.0;-0.56;2.6;-9.5;9.86527242401;1567.73504298;
25;3132.0;2366.0;-0.47;2.68;-9.44;9.82430150189;1577.55934448;
25;3140.0;2368.0;-0.53;2.69;-9.29;9.68612925786;1587.24547374;
25;3134.0;2358.0;-0.55;2.69;-9.21;9.61055149302;1596.85602523;
25;3137.0;2371.0;-0.45;2.8;-9.05;9.48393378298;1606.33995901;
25;3139.0;2371.0;-1.46;5.01;-10.35;11.591125916;1617.93108493;
25;3140.0;2371.0;-1.26;3.04;-10.36;10.8700873962;1628.80117233;
25;3135.0;2355.0;-0.73;1.78;-10.35;10.5272883498;1639.32846068;
25;3153.0;2380.0;-0.17;2.42;-8.85;9.17648080693;1648.50494148;
25;3162.0;2383.0;-0.09;2.25;-8.95;9.22892734829;1657.73386883;
25;3142.0;2372.0;-0.11;2.23;-8.84;9.11759836799;1666.8514672;
25;3144.0;2376.0;-0.23;2.09;-8.81;9.05743341129;1675.90890061;
25;3136.0;2374.0;-0.09;2.97;-10.34;10.7584664335;1686.66736704;
25;3137.0;2366.0;-0.68;2.83;-9.28;9.72572362346;1696.39309067;
25;3146.0;2368.0;-0.6;2.89;-9.3;9.75715634804;1706.15024702;
25;3140.0;2370.0;-0.22;3.31;-9.48;10.043649735;1716.19389675;
25;3163.0;2392.0;-0.35;2.3;-9.75;10.0237218637;1726.21761861;
25;3155.0;2378.0;-0.33;2.23;-9.75;10.0072123991;1736.22483101;
25;3140.0;2375.0;-0.24;2.16;-9.15;9.40455740585;1745.62938842;
25;3145.0;2360.0;-0.46;2.81;-10.03;10.4263416403;1756.05573006;
25;3299.0;2358.0;-0.21;3.5;-9.92;10.5214305111;1766.57716057;
25;3230.0;2387.0;-0.21;3.5;-9.92;10.5214305111;1777.09859108;
25;3143.0;2372.0;0.11;3.13;-9.46;9.96496864019;1787.06355972;
25;3138.0;2377.0;-0.6;2.06;-9.55;9.78805905172;1796.85161877;
25;3141.0;2371.0;-0.18;2.69;-9.45;9.82705449257;1806.67867327;
25;3132.0;2357.0;0.0;3.02;-9.46;9.93035749608;1816.60903076;
25;3133.0;2372.0;-0.25;2.85;-9.39;9.81616523903;1826.425196;
25;3143.0;2381.0;-0.24;2.74;-9.24;9.64068462299;1836.06588062;
25;3186.0;2361.0;-0.26;2.66;-9.34;9.7148751922;1845.78075582;
25;3149.0;2393.0;-0.23;2.71;-9.34;9.72792886487;1855.50868468;
25;3174.0;2383.0;-0.19;2.71;-9.43;9.81351618942;1865.32220087;
25;3147.0;2383.0;-0.18;2.31;-9.4;9.68134804663;1875.00354892;
25;3154.0;2388.0;-0.33;2.64;-9.67;10.0293269964;1885.03287591;
25;3159.0;2393.0;-0.32;2.63;-9.64;9.99744467352;1895.03032059;
25;3141.0;2375.0;-0.18;2.69;-9.22;9.60608661214;1904.6364072;
25;3138.0;2370.0;-0.3;2.83;-9.89;10.2913070113;1914.92771421;
25;3139.0;2370.0;-0.28;2.71;-9.38;9.76764557097;1924.69535978;
25;3145.0;2382.0;-0.24;2.7;-9.45;9.8310782725;1934.52643805;
25;3147.0;2363.0;-0.2;2.81;-9.34;9.75559839272;1944.28203645;
25;3152.0;2395.0;-0.22;2.76;-9.32;9.72257167626;1954.00460812;
25;3129.0;2372.0;-0.21;2.78;-9.52;9.91982358714;1963.92443171;
25;3153.0;2372.0;-0.26;2.74;-9.41;9.80424907884;1973.72868079;
25;3136.0;2363.0;-0.24;2.78;-9.43;9.8341700209;1983.56285081;
25;3151.0;2393.0;-0.28;2.64;-9.54;9.90250473365;1993.46535554;
25;3147.0;2378.0;-0.12;2.83;-9.28;9.70266458247;2003.16802013;
25;3153.0;2382.0;-0.12;2.82;-9.26;9.68061981487;2012.84863994;
25;3138.0;2369.0;-0.16;2.77;-9.31;9.71465902644;2022.56329897;
25;3143.0;2368.0;-0.27;2.7;-9.46;9.84146838637;2032.40476735;
25;3158.0;2386.0;-0.28;2.73;-9.45;9.84041665785;2042.24518401;
25;3136.0;2367.0;-0.24;2.68;-9.48;9.85446091879;2052.09964493;
25;3131.0;2371.0;-0.21;2.69;-9.3;9.68350143285;2061.78314636;
25;3141.0;2377.0;-0.25;2.66;-9.4;9.77231292991;2071.55545929;
25;3141.0;2371.0;-0.22;2.69;-9.38;9.76057887628;2081.31603817;
25;3119.0;2362.0;-0.26;2.7;-9.5;9.87965586445;2091.19569403;
25;3147.0;2374.0;-0.13;2.69;-9.31;9.69170263679;2100.88739667;
25;3142.0;2378.0;-0.2;2.7;-9.49;9.86864225717;2110.75603893;
25;3136.0;2368.0;-0.21;2.78;-9.43;9.83348361467;2120.58952254;
25;3141.0;2377.0;-0.17;2.71;-9.4;9.78432419741;2130.37384674;
25;3144.0;2368.0;-0.18;2.74;-9.43;9.82165464675;2140.19550139;
25;3137.0;2368.0;-0.19;2.76;-9.41;9.80825162809;2150.00375302;
25;3164.0;2394.0;-0.14;2.65;-9.01;9.39266735278;2159.39642037;
25;3177.0;2376.0;-0.14;2.65;-9.01;9.39266735278;2168.78908772;
25;3134.0;2371.0;-0.26;2.75;-9.56;9.95106526961;2178.74015299;
25;3133.0;2365.0;-0.18;2.81;-9.45;9.86057807636;2188.60073107;
25;3170.0;2375.0;-0.22;2.76;-9.38;9.78010224895;2198.38083332;
25;3143.0;2369.0;-0.27;2.72;-9.49;9.87579870188;2208.25663202;
25;3210.0;2365.0;-0.2;2.7;-9.55;9.92635381195;2218.18298583;
25;3191.0;2385.0;-0.24;2.66;-9.54;9.90680574151;2228.08979157;
25;3143.0;2379.0;-0.23;2.66;-9.53;9.8969389207;2237.98673049;
25;3136.0;2376.0;-0.17;2.6;-9.0;9.36957309593;2247.35630359;
25;3138.0;2372.0;-0.19;2.59;-9.27;9.62689461872;2256.98319821;
25;3138.0;2376.0;-0.25;2.44;-9.43;9.7437672386;2266.72696545;
25;3142.0;2376.0;-0.31;2.65;-9.5;9.86755288813;2276.59451833;
25;3140.0;2380.0;-0.16;2.86;-9.59;10.0086612491;2286.60317958;
25;3157.0;2396.0;-0.23;2.77;-9.33;9.73522983807;2296.33840942;
25;3155.0;2371.0;-0.28;2.7;-9.35;9.73606183218;2306.07447125;
25;3125.0;2354.0;-0.25;2.68;-9.4;9.77777582071;2315.85224707;
25;3143.0;2376.0;-0.23;2.67;-9.33;9.70724986801;2325.55949694;
25;3126.0;2353.0;-0.24;2.73;-9.5;9.88739096021;2335.4468879;
25;3176.0;2378.0;-0.33;2.69;-9.52;9.898252371;2345.34514027;
25;3136.0;2363.0;-0.3;2.69;-9.58;9.95502385733;2355.30016413;
25;3129.0;2366.0;-0.2;2.7;-9.36;9.74369539754;2365.04385953;
25;3158.0;2389.0;-0.22;2.67;-9.45;9.82241314545;2374.86627267;
25;3153.0;2384.0;-0.24;2.71;-9.44;9.82422007082;2384.69049274;
25;3132.0;2368.0;-0.22;2.74;-9.48;9.8704812446;2394.56097399;
25;3145.0;2377.0;-0.24;2.66;-9.46;9.82979145252;2404.39076544;
25;3145.0;2375.0;-0.25;2.66;-9.44;9.81079507481;2414.20156052;
25;3135.0;2374.0;-0.22;2.72;-9.4;9.78809480951;2423.98965533;
25;3149.0;2386.0;-0.23;2.72;-9.39;9.77872179786;2433.76837712;
25;3145.0;2375.0;-0.28;2.65;-9.4;9.770409408;2443.53878653;
25;3137.0;2357.0;-0.21;2.7;-9.49;9.86884998366;2453.40763651;
25;3144.0;2382.0;-0.23;2.65;-9.44;9.80759909458;2463.21523561;
25;3232.0;2370.0;-0.2;2.66;-9.4;9.77116165049;2472.98639726;
25;3235.0;2363.0;-0.26;2.65;-9.4;9.76985670315;2482.75625396;
25;3155.0;2396.0;-0.23;2.69;-9.48;9.85694678894;2492.61320075;
25;3157.0;2395.0;-0.23;2.69;-9.47;9.84732958725;2502.46053034;
25;3242.0;2372.0;-0.24;2.7;-9.43;9.81185507435;2512.27238541;
25;3130.0;2366.0;-0.24;2.68;-9.42;9.79675456465;2522.06913998;
25;3141.0;2371.0;-0.21;2.69;-9.38;9.76035859997;2531.82949858;
25;3140.0;2373.0;-0.25;2.7;-9.42;9.80249458046;2541.63199316;
25;3150.0;2389.0;-0.25;2.66;-9.42;9.7915524816;2551.42354564;
25;3153.0;2379.0;-0.21;2.67;-9.49;9.86068456041;2561.2842302;
25;3144.0;2371.0;-0.22;2.67;-9.46;9.83203437748;2571.11626458;
25;3143.0;2376.0;-0.24;2.64;-9.44;9.80514150841;2580.92140609;
25;3128.0;2361.0;-0.25;2.67;-9.43;9.80389208427;2590.72529817;
25;3159.0;2386.0;-0.29;2.63;-9.39;9.75567014613;2600.48096832;
25;3133.0;2374.0;-0.27;2.71;-9.56;9.94035210644;2610.42132042;
25;3130.0;2353.0;-0.25;2.77;-9.66;10.0524126457;2620.47373307;
25;3155.0;2386.0;-0.3;2.68;-9.3;9.68309867759;2630.15683175;
25;3150.0;2374.0;-0.34;2.61;-9.29;9.65566155165;2639.8124933;
25;3154.0;2394.0;-0.34;2.61;-9.64;9.99286245277;2649.80535575;
25;3146.0;2372.0;-0.12;2.73;-9.27;9.66437788996;2659.46973364;
25;3160.0;2398.0;-0.18;2.7;-9.25;9.6376812564;2669.1074149;
25;3153.0;2370.0;-0.27;2.64;-9.44;9.80592168029;2678.91333658;
25;3120.0;2360.0;-0.2;2.68;-9.46;9.83432763335;2688.74766421;
25;3157.0;2395.0;-0.24;2.71;-9.44;9.82422007082;2698.57188428;
25;3153.0;2387.0;-0.22;2.71;-9.4;9.78532063859;2708.35720492;
25;3160.0;2386.0;-0.2;2.74;-9.43;9.82204153931;2718.17924646;
25;3131.0;2370.0;-0.17;2.64;-9.42;9.78442129101;2727.96366775;
25;3134.0;2372.0;-0.22;2.7;-9.5;9.8786841229;2737.84235187;
25;3151.0;2377.0;-0.21;2.72;-9.42;9.80708417421;2747.64943605;
25;3123.0;2356.0;-0.17;2.68;-9.41;9.78567320117;2757.43510925;
25;3142.0;2367.0;-0.18;2.65;-9.43;9.79692808997;2767.23203734;
25;3164.0;2399.0;-0.18;2.65;-9.43;9.79692808997;2777.02896543;
25;3136.0;2369.0;-0.18;2.67;-9.47;9.84084345979;2786.86980889;
25;3138.0;2373.0;-0.17;2.64;-9.52;9.88073377842;2796.75054267;
25;3158.0;2388.0;-0.18;2.62;-9.47;9.8273953823;2806.57793805;
25;3152.0;2386.0;-0.2;2.64;-9.51;9.87166146097;2816.44959951;
25;3129.0;2363.0;-0.03;2.49;-9.46;9.7822594527;2826.23185896;
25;3138.0;2375.0;-0.15;2.56;-9.53;9.86899184314;2836.10085081;
25;3137.0;2377.0;-0.22;2.71;-9.73;10.102742202;2846.20359301;
25;3146.0;2374.0;-0.21;2.74;-9.59;9.97596110658;2856.17955411;
25;3131.0;2363.0;-0.15;2.75;-9.51;9.90076259689;2866.08031671;
25;3129.0;2356.0;-0.21;2.45;-9.49;9.80340247057;2875.88371918;
25;3160.0;2366.0;-0.17;2.5;-9.45;9.77657404207;2885.66029322;
25;3130.0;2366.0;-0.16;2.71;-9.27;9.65932709872;2895.31962032;
25;3139.0;2380.0;-0.29;2.68;-9.6;9.9712837689;2905.29090409;
25;3142.0;2371.0;-0.15;2.77;-9.5;9.89673683595;2915.18764093;
25;3156.0;2398.0;-0.08;2.87;-9.47;9.89566571788;2925.08330665;
25;3150.0;2381.0;-0.14;2.55;-9.3;9.64427809636;2934.72758474;
25;3146.0;2374.0;0.49;1.7;-9.33;9.49626242266;2944.22384716;
25;3145.0;2381.0;-0.67;4.14;-9.61;10.4852563154;2954.70910348;
25;3150.0;2385.0;0.02;3.12;-9.41;9.91377324736;2964.62287673;
25;3127.0;2357.0;-0.24;2.67;-9.42;9.79402368794;2974.41690042;
25;3172.0;2363.0;-0.08;2.88;-9.55;9.97513408431;2984.3920345;
25;3158.0;2398.0;-0.07;2.86;-9.49;9.91184140309;2994.3038759;
25;3130.0;2368.0;-0.16;2.82;-9.38;9.79604001625;3004.09991592;
25;3138.0;2367.0;-0.17;2.85;-9.28;9.7092636178;3013.80917954;
25;3140.0;2370.0;-0.31;2.73;-9.35;9.74533221599;3023.55451175;
25;3135.0;2371.0;-0.23;2.82;-9.45;9.86447160268;3033.41898336;
25;3146.0;2390.0;-0.26;2.95;-9.33;9.78871799573;3043.20770135;
25;3140.0;2375.0;-0.16;2.87;-9.3;9.73408958249;3052.94179093;
25;3139.0;2381.0;-0.13;2.93;-9.26;9.71336193087;3062.65515286;
25;3135.0;2355.0;-0.15;2.93;-9.4;9.84720264847;3072.50235551;
25;3130.0;2369.0;-0.18;2.9;-9.45;9.88660204519;3082.38895756;
25;3179.0;2386.0;-0.2;2.81;-9.4;9.81305762747;3092.20201519;
25;3140.0;2377.0;-0.17;2.84;-9.42;9.84026930526;3102.04228449;
25;3133.0;2359.0;-0.19;2.88;-9.42;9.85225354932;3111.89453804;
25;3129.0;2368.0;-0.2;2.92;-9.5;9.94064384233;3121.83518188;
25;3140.0;2381.0;-0.17;2.91;-9.32;9.76521377134;3131.60039565;
25;3173.0;2396.0;-0.18;2.95;-9.29;9.74879479731;3141.34919045;
25;3149.0;2387.0;-0.51;2.87;-9.9;10.3202228658;3151.66941332;
25;3137.0;2364.0;-0.36;2.79;-9.88;10.2726870876;3161.9421004;
25;3142.0;2375.0;-0.36;2.79;-9.88;10.2726870876;3172.21478749;
25;3143.0;2368.0;-0.19;2.98;-9.38;9.8438254759;3182.05861297;
25;3150.0;2381.0;-0.09;2.83;-9.15;9.57807391911;3191.63668689;
25;3156.0;2389.0;-0.17;2.82;-9.23;9.65267838478;3201.28936527;
25;3305.0;2370.0;-0.42;2.78;-9.5;9.9073104322;3211.1966757;
25;3142.0;2370.0;-0.34;2.82;-9.52;9.93470684016;3221.13138254;
25;3116.0;2352.0;-0.15;2.68;-9.34;9.71805021596;3230.84943276;
25;3128.0;2360.0;-0.17;2.78;-9.41;9.81353147445;3240.66296424;
25;3149.0;2391.0;-0.15;2.88;-9.41;9.8420018289;3250.50496606;
25;3218.0;2350.0;-0.13;2.89;-9.46;9.89245166781;3260.39741773;
25;3141.0;2367.0;-0.16;2.72;-9.4;9.78693006003;3270.18434779;
25;3128.0;2368.0;-0.2;2.86;-9.5;9.92318497258;3280.10753276;
25;3130.0;2370.0;-0.11;2.86;-9.3;9.73045219915;3289.83798496;
25;3128.0;2369.0;-0.17;2.83;-9.41;9.82781257453;3299.66579754;
25;3142.0;2377.0;-0.17;2.73;-9.44;9.82829588484;3309.49409342;
25;3115.0;2347.0;-0.11;2.77;-9.38;9.78107356071;3319.27516698;
25;3140.0;2374.0;-0.11;2.8;-9.46;9.86629109646;3329.14145808;
25;3132.0;2382.0;-0.16;2.78;-9.38;9.78460014513;3338.92605823;
25;3111.0;2349.0;-0.18;2.77;-9.32;9.72459253645;3348.65065076;
25;3131.0;2370.0;-0.2;2.75;-9.36;9.75766877897;3358.40831954;
25;3126.0;2365.0;-0.15;2.72;-9.42;9.80598286762;3368.21430241;
25;3129.0;2380.0;-0.11;2.83;-9.37;9.78866180844;3378.00296422;
25;3135.0;2373.0;-0.16;2.87;-9.6;10.0211027337;3388.02406695;
25;3129.0;2367.0;-0.16;2.75;-9.25;9.65145584873;3397.6755228;
25;3147.0;2393.0;-0.14;2.86;-9.47;9.89343721868;3407.56896002;
25;3124.0;2360.0;-0.14;2.8;-9.31;9.72294708409;3417.2919071;
25;3148.0;2372.0;-0.11;2.85;-9.34;9.76576673897;3427.05767384;
25;3124.0;2369.0;-0.15;2.82;-9.37;9.78630675996;3436.8439806;
25;3130.0;2371.0;-0.18;2.82;-9.46;9.87301372429;3446.71699433;
25;3140.0;2367.0;-0.12;2.85;-9.34;9.76588449655;3456.48287882;
25;3139.0;2391.0;-0.15;2.84;-9.42;9.83994410553;3466.32282293;
25;3132.0;2378.0;-0.18;2.85;-9.4;9.82419971295;3476.14702264;
25;3138.0;2374.0;-0.19;2.86;-9.38;9.80816496599;3485.95518761;
25;3147.0;2390.0;-0.16;2.79;-9.37;9.77786275216;3495.73305036;
25;3126.0;2369.0;-0.19;2.84;-9.52;9.93640276961;3505.66945313;
25;3122.0;2361.0;-0.1;2.69;-9.48;9.85477041843;3515.52422355;
25;3131.0;2372.0;-0.2;2.75;-9.52;9.91125118237;3525.43547473;
25;3127.0;2371.0;-0.19;2.76;-9.42;9.81784599594;3535.25332072;
25;3208.0;2373.0;-0.16;2.73;-9.28;9.6745490851;3544.92786981;
25;3152.0;2389.0;-0.26;2.71;-9.58;9.9593222661;3554.88719208;
25;3137.0;2381.0;-0.15;2.79;-9.36;9.76812162086;3564.6553137;
25;3132.0;2376.0;-0.2;2.75;-9.31;9.70971678269;3574.36503048;
25;3212.0;2390.0;-0.07;2.97;-9.5;9.95368273555;3584.31871321;
25;3139.0;2390.0;-0.24;2.83;-9.47;9.88672847812;3594.20544169;
25;3158.0;2385.0;-0.1;2.74;-9.46;9.84932484996;3604.05476654;
25;3200.0;2364.0;-0.33;3.35;-9.27;9.86226647379;3613.91703302;
25;3146.0;2389.0;-0.2;2.63;-9.13;9.5033573015;3623.42039032;
25;3132.0;2370.0;-0.27;2.71;-9.47;9.85382666785;3633.27421699;
25;3130.0;2375.0;-0.03;2.71;-9.35;9.73486004008;3643.00907703;
25;3139.0;2370.0;0.09;3.16;-9.63;10.1356104898;3653.14468752;
25;3207.0;2360.0;0.1;3.2;-9.18;9.72226311103;3662.86695063;
25;3137.0;2390.0;-0.03;2.79;-9.63;10.0260610411;3672.89301167;
25;3126.0;2366.0;0.0;2.78;-9.43;9.83124102034;3682.72425269;
25;3112.0;2347.0;-0.01;2.98;-9.39;9.8515278003;3692.57578049;
25;3151.0;2383.0;0.07;2.8;-9.56;9.96185223741;3702.53763273;
25;3106.0;2350.0;0.51;2.57;-9.52;9.87397589626;3712.41160862;
25;3110.0;2351.0;0.28;2.6;-9.45;9.80514660778;3722.21675523;
25;3133.0;2372.0;0.13;2.53;-9.34;9.67746867729;3731.89422391;
25;3138.0;2380.0;-0.79;3.81;-9.0;9.80511091217;3741.69933482;
25;3123.0;2365.0;-0.23;2.88;-10.11;10.5147230111;3752.21405783;
25;3127.0;2370.0;0.02;2.62;-9.35;9.71016477718;3761.92422261;
25;3149.0;2395.0;-0.18;2.77;-9.65;10.0413046961;3771.9655273;
25;3139.0;2388.0;-0.13;2.73;-9.24;9.6357355713;3781.60126288;
25;3150.0;2385.0;-0.1;2.7;-9.47;9.84788809847;3791.44915097;
25;3114.0;2353.0;-0.15;2.69;-9.57;9.94200683967;3801.39115781;
25;3120.0;2368.0;-0.05;2.8;-9.4;9.80828731227;3811.19944513;
25;3126.0;2374.0;-0.11;2.66;-9.46;9.82747678705;3821.02692191;
25;3148.0;2391.0;-0.13;2.83;-9.39;9.80805281389;3830.83497473;
25;3133.0;2370.0;-0.09;2.88;-9.45;9.87952428005;3840.71449901;
25;3126.0;2372.0;-0.11;2.73;-9.4;9.78902446621;3850.50352347;
25;3130.0;2375.0;-0.11;2.72;-9.48;9.86310802942;3860.3666315;
25;3121.0;2365.0;-0.09;2.78;-9.38;9.78370584186;3870.15033734;
25;3276.0;2390.0;-0.1;2.79;-9.42;9.82499363867;3879.97533098;
25;3147.0;2389.0;-0.07;2.83;-9.3;9.72130649656;3889.69663748;
25;3133.0;2373.0;-0.05;2.87;-9.41;9.83806383391;3899.53470131;
25;3168.0;2375.0;-0.07;2.79;-9.39;9.79597366268;3909.33067498;
25;3132.0;2378.0;-0.08;2.77;-9.41;9.8095565649;3919.14023154;
25;3156.0;2395.0;-0.14;2.71;-9.49;9.87034953788;3929.01058108;
25;3121.0;2354.0;-0.11;2.77;-9.43;9.82903352319;3938.8396146;
25;3132.0;2373.0;-0.09;2.8;-9.43;9.83732687268;3948.67694147;
25;3122.0;2368.0;-0.06;2.78;-9.36;9.76430233043;3958.44124381;
25;3146.0;2364.0;-0.08;2.78;-9.36;9.76444570879;3968.20568951;
25;3133.0;2369.0;-0.11;2.8;-9.41;9.81836035191;3978.02404987;
25;3144.0;2392.0;-0.07;2.77;-9.33;9.73276425277;3987.75681412;
25;3212.0;2369.0;-0.09;2.75;-9.47;9.86161751438;3997.61843163;
25;3134.0;2366.0;-0.07;2.78;-9.5;9.8986514233;4007.51708306;
25;3156.0;2393.0;-0.07;2.8;-9.38;9.78924409748;4017.30632715;
25;3136.0;2388.0;-0.07;2.78;-9.46;9.86026875901;4027.16659591;
25;3218.0;2378.0;-0.1;2.74;-9.4;9.79171078004;4036.95830669;
25;3133.0;2375.0;-0.1;2.75;-9.35;9.74653784685;4046.70484454;
25;3220.0;2397.0;-0.05;2.67;-8.95;9.33990899313;4056.04475353;
25;3132.0;2367.0;0.0;2.65;-9.4;9.76639646953;4065.81115;
25;3140.0;2389.0;-0.16;2.73;-9.36;9.75131273214;4075.56246273;
25;3234.0;2388.0;-0.11;2.73;-9.41;9.7986274549;4085.36109019;
25;3123.0;2364.0;-0.07;2.77;-9.31;9.71359356778;4095.07468376;
25;3131.0;2372.0;-0.11;2.71;-9.35;9.73543527532;4104.81011903;
25;3161.0;2393.0;-0.11;2.72;-9.37;9.75742793978;4114.56754697;
25;3130.0;2372.0;-0.11;2.71;-9.46;9.84112798413;4124.40867496;
25;3154.0;2373.0;-0.12;2.71;-9.43;9.81241050915;4134.22108547;
25;3204.0;2360.0;-0.13;2.71;-9.48;9.86059835913;4144.08168382;
25;3129.0;2379.0;-0.08;2.75;-9.41;9.80392778431;4153.88561161;
25;3127.0;2373.0;-0.12;2.68;-9.51;9.88113859836;4163.76675021;
25;3146.0;2396.0;-0.12;2.66;-9.4;9.76985158536;4173.53660179;
25;3124.0;2368.0;-0.08;2.77;-9.5;9.8959234031;4183.4325252;
25;3130.0;2368.0;-0.12;2.69;-9.38;9.75883702087;4193.19136222;
25;3132.0;2364.0;-0.12;2.71;-9.39;9.77397564965;4202.96533787;
25;3137.0;2384.0;-0.1;2.7;-9.39;9.77098255039;4212.73632042;
25;3130.0;2364.0;-0.11;2.73;-9.45;9.83704732122;4222.57336774;
25;3135.0;2373.0;-0.17;2.66;-9.45;9.8187066358;4232.39207437;
25;3137.0;2387.0;-0.14;2.72;-9.34;9.72900817144;4242.12108255;
25;3128.0;2362.0;-0.05;2.76;-9.37;9.76816257031;4251.88924512;
25;3205.0;2367.0;-0.07;2.77;-9.41;9.80948010855;4261.69872522;
25;3138.0;2383.0;-0.07;2.76;-9.42;9.8162569241;4271.51498215;
25;3221.0;2382.0;-0.08;2.77;-9.46;9.85753011662;4281.37251226;
25;3108.0;2351.0;-0.03;2.84;-9.53;9.94421439833;4291.31672666;
25;3135.0;2379.0;-0.12;2.71;-9.41;9.79319151247;4301.10991818;
25;3139.0;2377.0;-0.14;2.69;-9.4;9.77832807795;4310.88824625;
25;3117.0;2358.0;-0.07;2.75;-9.46;9.85185261766;4320.74009887;
25;3138.0;2371.0;-0.08;2.78;-9.36;9.76444570879;4330.50454458;
25;3152.0;2389.0;-0.1;2.75;-9.42;9.81370979803;4340.31825438;
25;3119.0;2365.0;-0.07;2.75;-9.48;9.87105870715;4350.18931309;
25;3145.0;2390.0;-0.08;2.73;-9.37;9.75992827842;4359.94924136;
25;3127.0;2369.0;-0.07;2.72;-9.45;9.83391071751;4369.78315208;
25;3136.0;2384.0;-0.07;2.72;-9.45;9.83391071751;4379.6170628;
25;3143.0;2390.0;-0.09;2.72;-9.36;9.74762022239;4389.36468302;
25;3146.0;2387.0;-0.11;2.74;-9.39;9.78221856227;4399.14690158;
25;3125.0;2351.0;-0.1;2.77;-9.44;9.83852123035;4408.98542281;
25;3126.0;2364.0;-0.07;2.76;-9.42;9.8162569241;4418.80167974;
25;3145.0;2382.0;-0.11;2.66;-9.38;9.75049229526;4428.55217203;
25;3129.0;2370.0;-0.13;2.7;-9.5;9.87708965232;4438.42926169;
25;3128.0;2366.0;-0.25;2.66;-9.36;9.73384302318;4448.16310471;
25;3124.0;2366.0;-0.14;2.69;-9.45;9.82640320768;4457.98950792;
25;3124.0;2367.0;-0.13;2.66;-9.46;9.82772099726;4467.81722891;
25;3134.0;2371.0;-0.07;2.71;-9.39;9.77348965314;4477.59071857;
25;3113.0;2350.0;-0.11;2.72;-9.49;9.87271998995;4487.46343856;
25;3127.0;2368.0;-0.07;2.77;-9.38;9.78070549603;4497.24414405;
25;3129.0;2382.0;-0.11;2.69;-9.44;9.81640463714;4507.06054869;
25;3131.0;2376.0;-0.09;2.7;-9.38;9.7612755314;4516.82182422;
25;3134.0;2377.0;-0.12;2.71;-9.51;9.88931746887;4526.71114169;
25;3120.0;2361.0;-0.11;2.74;-9.38;9.77261991484;4536.4837616;
25;3130.0;2362.0;-0.09;2.71;-9.41;9.79286985515;4546.27663146;
25;3120.0;2353.0;-0.07;2.75;-9.45;9.84225075885;4556.11888222;
25;3119.0;2362.0;-0.11;2.72;-9.42;9.80545256477;4565.92433478;
25;3117.0;2363.0;-0.08;2.74;-9.37;9.76273015094;4575.68706493;
25;3131.0;2373.0;-0.05;2.79;-9.26;9.67130808112;4585.35837302;
25;3135.0;2372.0;-0.09;2.69;-9.38;9.75851423117;4595.11688725;
25;3286.0;2371.0;-0.11;2.66;-9.44;9.80822613932;4604.92511339;
25;3150.0;2395.0;-0.08;2.73;-9.49;9.87519113739;4614.80030452;
25;3126.0;2368.0;-0.16;2.66;-9.41;9.78004601216;4624.58035054;
25;3215.0;2372.0;-0.1;2.7;-9.38;9.76137285427;4634.34172339;
25;3144.0;2356.0;-0.08;2.73;-9.32;9.71193595531;4644.05365935;
25;3143.0;2384.0;-0.07;2.76;-9.45;9.8450495174;4653.89870886;
25;3142.0;2369.0;-0.07;2.73;-9.49;9.8751151892;4663.77382405;
25;3116.0;2353.0;-0.08;2.75;-9.4;9.7943299924;4673.56815404;
25;3164.0;2386.0;-0.06;2.73;-9.46;9.84622262596;4683.41437667;
25;3136.0;2373.0;-0.1;2.73;-9.45;9.8369405813;4693.25131725;
25;3139.0;2374.0;-0.1;2.75;-9.4;9.79451377047;4703.04583102;
25;3138.0;2389.0;-0.11;2.73;-9.37;9.7602202844;4712.80605131;
25;3132.0;2372.0;-0.1;2.71;-9.42;9.802576192;4722.6086275;
25;3138.0;2373.0;-0.09;2.73;-9.33;9.72162023533;4732.33024773;
25;3125.0;2365.0;-0.12;2.8;-9.32;9.7322556481;4742.06250338;
25;3146.0;2388.0;-0.18;2.71;-9.49;9.87099792321;4751.93350131;
25;3144.0;2389.0;-0.11;2.65;-9.46;9.82477480658;4761.75827611;
25;3152.0;2364.0;-0.09;2.75;-9.38;9.7752237826;4771.53349989;
25;3159.0;2373.0;-0.1;2.79;-9.45;9.85376070341;4781.3872606;
25;3130.0;2377.0;-0.1;2.71;-9.47;9.85063449733;4791.23789509;
25;3151.0;2379.0;-0.1;2.71;-9.47;9.85063449733;4801.08852959;
