23;2882.0;1305.0;0.02;0.0;0.05;0.0538516480713;0;0;
23;2907.0;1305.0;0.02;-0.01;-0.1;0.10246950766;0;0;
23;2947.0;1306.0;-0.02;-0.01;0.05;0.0547722557505;0;0;
23;2868.0;1307.0;0.04;0.01;-0.07;0.0812403840464;0;0;
23;3286.0;1307.0;0.0;0.0;0.0;0.0;0;0;
23;2898.0;1306.0;0.01;0.0;-0.01;0.0141421356237;0;0;
23;2915.0;1307.0;0.01;0.0;0.03;0.0316227766017;0;0;
23;2860.0;1307.0;0.02;0.01;-0.02;0.03;0;0;
23;2941.0;1306.0;-0.02;0.0;0.03;0.0360555127546;0;0;
23;2908.0;1307.0;0.0;0.0;-0.08;0.08;0;0;
23;3241.0;1307.0;0.01;-0.03;0.0;0.0316227766017;0;0;
23;2851.0;1306.0;-0.01;0.03;0.0;0.0316227766017;0;0;
23;2839.0;1307.0;0.01;0.01;0.04;0.0424264068712;0;0;
23;2906.0;1306.0;0.01;-0.01;0.03;0.0331662479036;0;0;
23;2880.0;1307.0;0.01;0.0;0.0;0.01;0;0;
23;3253.0;1308.0;0.0;0.0;-0.01;0.01;0;0;
23;2824.0;1306.0;0.03;-0.02;-0.04;0.0538516480713;0;0;
23;3126.0;1307.0;0.0;-0.03;0.03;0.0424264068712;0;0;
23;2800.0;1306.0;0.0;0.0;0.06;0.06;0;0;
23;3145.0;1307.0;0.0;0.0;0.09;0.09;0;0;
23;2759.0;1307.0;0.04;0.04;0.0;0.0565685424949;0;0;
23;3183.0;1307.0;0.02;0.01;-0.09;0.092736184955;0;0;
23;2979.0;1305.0;0.03;0.02;-0.22;0.222934968096;0;0;
23;2973.0;1306.0;-0.01;0.0;0.16;0.160312195419;0;0;
23;3109.0;1305.0;-0.03;-0.01;0.18;0.182756668825;0;0;
23;2787.0;1307.0;0.0;0.0;0.12;0.12;0;0;
23;3068.0;1307.0;-0.01;0.0;-0.06;0.060827625303;0;0;
23;2905.0;1306.0;0.02;0.03;-0.08;0.0877496438739;0;0;
23;3199.0;1308.0;0.0;0.01;-0.05;0.0509901951359;0;0;
23;2894.0;1308.0;0.0;0.02;-0.01;0.022360679775;0;0;
23;3223.0;1308.0;0.0;0.01;0.0;0.01;0;0;
23;3030.0;1308.0;0.0;0.05;0.0;0.05;0;0;
23;2909.0;1308.0;0.0;-0.01;-0.01;0.0141421356237;0;0;
23;3146.0;1309.0;0.0;-0.01;0.05;0.0509901951359;0;0;
23;2897.0;1309.0;0.01;-0.02;0.0;0.022360679775;0;0;
23;3204.0;1308.0;0.0;0.02;0.07;0.0728010988928;0;0;
23;2918.0;1308.0;0.02;0.04;-0.14;0.146969384567;0;0;
23;2807.0;1308.0;0.0;0.02;0.08;0.0824621125124;0;0;
23;3234.0;1309.0;0.0;0.01;-0.04;0.0412310562562;0;0;
23;2913.0;1307.0;0.0;-0.03;0.03;0.0424264068712;0;0;
23;3174.0;1309.0;0.01;0.01;-0.08;0.0812403840464;0;0;
23;2903.0;1308.0;0.0;-0.04;0.05;0.0640312423743;0;0;
23;3208.0;1309.0;-0.01;0.0;0.01;0.0141421356237;0;0;
23;2925.0;1307.0;-0.01;-0.02;0.0;0.022360679775;0;0;
23;3059.0;1308.0;0.01;0.04;0.01;0.0424264068712;0;0;
23;3088.0;1309.0;0.01;0.04;-0.04;0.0574456264654;0;0;
23;2936.0;1308.0;0.02;0.02;0.04;0.0489897948557;0;0;
23;3142.0;1309.0;0.0;0.0;-0.08;0.08;0;0;
23;2963.0;1307.0;0.0;-0.01;0.0;0.01;0;0;
23;2830.0;1308.0;0.02;0.0;-0.1;0.101980390272;0;0;
23;2948.0;1308.0;-0.03;-0.03;0.07;0.0818535277187;0;0;
23;2785.0;1308.0;0.0;0.01;0.06;0.060827625303;0;0;
23;3174.0;1308.0;0.0;-0.01;0.03;0.0316227766017;0;0;
23;2803.0;1307.0;0.01;0.02;-0.04;0.0458257569496;0;0;
23;3219.0;1309.0;0.01;0.04;0.02;0.0458257569496;0;0;
23;2977.0;1309.0;0.02;0.03;0.0;0.0360555127546;0;0;
23;2918.0;1308.0;-0.02;0.0;-0.02;0.0282842712475;0;0;
23;3016.0;1309.0;-0.02;0.0;-0.02;0.0282842712475;0;0;
23;3007.0;1308.0;0.0;-0.01;-0.04;0.0412310562562;0;0;
23;3076.0;1308.0;0.0;0.0;0.08;0.08;0;0;
23;2946.0;1308.0;0.0;0.01;0.0;0.01;0;0;
23;2776.0;1307.0;0.0;-0.03;0.08;0.0854400374532;0;0;
23;3191.0;1308.0;0.0;0.02;-0.09;0.0921954445729;0;0;
23;2911.0;1307.0;0.01;0.0;-0.04;0.0412310562562;0;0;
24;3208.0;1308.0;0.01;0.04;-0.09;0.0989949493661;0;0;
24;2917.0;1307.0;-0.02;-0.04;0.09;0.100498756211;0;0;
24;2956.0;1309.0;-0.01;0.0;0.09;0.0905538513814;0;0;
24;2982.0;1309.0;-0.01;-0.02;0.01;0.0244948974278;0;0;
24;2785.0;1308.0;0.02;0.0;0.01;0.022360679775;0;0;
24;3119.0;1308.0;0.03;0.01;-0.04;0.0509901951359;0;0;
24;3220.0;1308.0;0.03;0.04;0.02;0.0538516480713;0;0;
24;2841.0;1309.0;0.02;0.04;0.0;0.04472135955;0;0;
24;3218.0;1310.0;-0.01;0.0;-0.05;0.0509901951359;0;0;
24;2896.0;1308.0;0.01;0.03;0.0;0.0316227766017;0;0;
24;3238.0;1308.0;-0.03;0.01;0.04;0.0509901951359;0;0;
24;2880.0;1307.0;0.08;-0.11;0.1;0.168819430161;0;0;
24;3208.0;1309.0;0.02;-0.06;0.19;0.200249843945;0;0;
24;2961.0;1306.0;0.08;-0.11;0.15;0.202484567313;0;0;
24;3232.0;1305.0;-0.23;-0.02;0.72;0.756108457829;0;0;
24;3133.0;1304.0;-0.16;-0.09;0.52;0.551452627158;0;0;
24;2945.0;1207.0;0.61;1.28;-1.83;2.31503779667;0;20;
24;3107.0;1156.0;0.11;-0.5;1.13;1.24056438769;0;15;
24;2978.0;1211.0;0.54;0.24;0.22;0.630555310817;0;10;
24;3083.0;1107.0;-1.12;-0.53;2.18;2.50752866384;0;30;
24;2866.0;1136.0;-0.33;-0.9;0.46;1.06324973548;0;25;
24;3194.0;1156.0;-0.05;-0.31;0.03;0.315436205912;0;20;
24;3015.0;1223.0;-0.2;-0.3;0.2;0.412310562562;0;15;
24;2837.0;1248.0;-0.5;-0.5;-0.65;0.960468635615;0;10;
24;3081.0;1258.0;-0.57;-0.53;-0.81;1.12334322449;0;5;
24;2911.0;1258.0;0.0;-0.38;1.69;1.73219513912;0;0;
24;3150.0;1267.0;-0.22;0.18;-0.07;0.292745623366;0;0;
24;2946.0;1269.0;-0.3;0.29;-0.4;0.578013840665;0;0;
24;3037.0;1274.0;-0.16;0.0;0.45;0.47759815745;0;0;
24;2952.0;1278.0;-0.05;-0.02;-0.27;0.275317997959;0;0;
24;2894.0;1280.0;-0.01;-0.02;-0.49;0.490509938737;0;0;
24;3119.0;1277.0;-0.06;-0.07;-0.47;0.478957200593;0;0;
24;2936.0;1296.0;0.5;0.38;0.57;0.848115558164;0;0;
24;3099.0;1304.0;0.68;0.03;-0.01;0.680734897005;0;0;
24;3007.0;1306.0;0.59;0.04;-0.69;0.908735385027;0;0;
24;2888.0;1318.0;0.95;0.84;-0.47;1.3524052647;0;0;
24;2974.0;1320.0;0.25;0.2;-0.33;0.459782557303;0;0;
24;2899.0;1322.0;0.41;0.28;-0.45;0.67007462271;0;0;
24;3049.0;1334.0;-0.15;0.49;0.81;0.958488393253;0;0;
24;2967.0;1331.0;-0.01;0.36;0.43;0.560892146495;0;0;
24;2977.0;1329.0;0.21;-0.3;0.75;0.834625664595;0;0;
24;3094.0;1326.0;-0.31;-1.11;-0.09;1.15598442896;0;0;
24;2933.0;1318.0;-0.64;-1.73;-0.82;2.0186381548;0;20;
24;3145.0;1324.0;-0.31;-0.77;-1.22;1.47560157224;0;15;
24;2860.0;1320.0;0.27;-0.1;3.0;3.01378499565;0;35;
24;3069.0;1319.0;0.86;-0.15;-0.56;1.03715958271;0;30;
24;2979.0;1318.0;0.21;-0.18;-0.29;0.40074929819;0;25;
24;3261.0;1306.0;0.49;-0.52;-2.98;3.06445753764;0;45;
24;3096.0;1301.0;-0.42;-0.47;-0.64;0.898276126812;0;40;
24;2943.0;1301.0;-1.53;0.78;3.48;3.88068292959;0;60;
24;2882.0;1298.0;0.01;1.25;0.16;1.26023807275;0;55;
24;3027.0;1306.0;-0.5;0.06;1.55;1.62975458275;0;50;
24;2917.0;1310.0;0.31;-0.36;0.44;0.647533782902;0;45;
24;3118.0;1312.0;-0.33;0.38;-0.28;0.575934023999;0;40;
24;2907.0;1315.0;-0.42;-0.02;-0.35;0.547083174664;0;35;
24;3013.0;1316.0;-0.57;-0.13;-0.43;0.725741000633;0;30;
24;2857.0;1320.0;1.4;-0.06;0.81;1.61854873266;0;25;
24;2924.0;1303.0;-0.2;-0.1;-1.15;1.17153745139;0;20;
24;2931.0;1298.0;-0.32;-0.47;-0.71;0.909615303301;0;15;
24;3000.0;1298.0;-0.32;-0.47;-0.71;0.909615303301;0;10;
24;2872.0;1298.0;-0.1;0.85;-0.79;1.16473172877;0;5;
24;2977.0;1299.0;0.0;0.38;-1.37;1.4217243052;0;0;
24;2915.0;1303.0;0.06;0.16;-1.2;1.21210560596;0;0;
24;3200.0;1306.0;-0.45;-0.45;0.63;0.895488693396;0;0;
24;2855.0;1311.0;-0.18;-0.75;1.86;2.01357890335;0;20;
24;2931.0;1314.0;-0.54;-0.73;2.78;2.92453415094;0;40;
24;3055.0;1319.0;-0.61;0.32;0.3;0.75133215025;0;35;
24;2816.0;1321.0;-0.02;0.46;0.78;0.905759349938;0;30;
24;3221.0;1323.0;0.08;0.43;0.91;1.00965340588;0;25;
24;2909.0;1322.0;0.36;0.34;-0.49;0.69663476801;0;20;
24;3032.0;1327.0;0.15;0.15;-0.26;0.335559234711;0;15;
24;2913.0;1326.0;-0.18;-0.05;0.58;0.609343909463;0;10;
24;2925.0;1325.0;0.02;0.1;0.44;0.451663591625;0;5;
24;3187.0;1327.0;0.09;0.39;0.09;0.410243829935;0;0;
24;2888.0;1329.0;-0.15;-0.01;0.24;0.28319604517;0;0;
24;3174.0;1327.0;-0.11;-0.06;0.38;0.400124980475;0;0;
24;2908.0;1324.0;-0.01;-0.15;0.44;0.464973117503;0;0;
24;2917.0;1295.0;0.01;-0.01;0.23;0.230434372436;0;0;
24;3005.0;1227.0;0.37;0.08;-0.44;0.580430874437;0;0;
24;2880.0;1235.0;0.29;0.12;-0.66;0.730821455624;0;0;
24;3137.0;1062.0;0.2;0.14;-0.31;0.394588393139;0;0;
24;2919.0;1102.0;-0.16;0.14;0.78;0.808455317256;0;0;
24;2870.0;1034.0;-0.17;0.1;0.76;0.785175139698;0;0;
24;3099.0;1032.0;-0.15;0.01;0.35;0.380919939095;0;0;
24;2864.0;967.0;-0.01;-0.18;0.52;0.550363516233;0;0;
24;3109.0;975.0;-0.05;-0.2;0.68;0.71056315694;0;0;
24;3119.0;1054.0;0.19;0.06;0.22;0.296816441593;0;0;
24;2860.0;1075.0;0.14;0.23;0.21;0.341467421579;0;0;
24;3150.0;1085.0;0.25;0.1;-0.19;0.329545141066;0;0;
24;3130.0;1140.0;-0.04;-0.11;0.7;0.709718253957;0;0;
24;2861.0;1097.0;0.05;-0.24;-0.46;0.521248501197;0;0;
24;3158.0;1110.0;0.05;-0.24;-0.46;0.521248501197;0;0;
24;2905.0;1191.0;0.13;-0.21;-0.56;0.612045749924;0;0;
24;2939.0;1140.0;0.38;0.44;-0.97;1.1308846095;0;0;
24;2869.0;1131.0;0.29;0.17;-1.19;1.23656783073;0;0;
24;2912.0;1131.0;0.05;0.14;-1.31;1.31840813104;0;0;
24;3162.0;1132.0;0.0;-0.21;-1.42;1.43544418213;0;0;
24;2887.0;1131.0;0.25;-0.06;-1.38;1.40374499109;0;0;
24;3162.0;1133.0;0.25;-0.1;-1.31;1.33738550912;0;0;
24;2891.0;1134.0;0.06;-0.15;-1.27;1.28023435355;0;0;
24;3003.0;1139.0;-0.06;-0.3;-0.44;0.535910440279;0;0;
24;2920.0;1146.0;-0.02;-0.32;-0.28;0.425675933076;0;0;
24;2854.0;1137.0;-0.01;-0.29;-0.3;0.417372735094;0;0;
24;2935.0;1123.0;-0.07;-0.24;-0.05;0.25495097568;0;0;
24;2863.0;1130.0;-0.11;-0.23;0.08;0.267207784318;0;0;
24;3105.0;1134.0;-0.21;-0.23;0.41;0.514878626474;0;0;
24;2996.0;1091.0;-0.13;-0.25;0.69;0.745318723769;0;0;
24;2833.0;1090.0;-0.26;-0.07;0.72;0.768700201639;0;0;
24;3096.0;1091.0;-0.15;-0.1;0.64;0.664906008395;0;0;
24;2868.0;1089.0;-0.06;-0.14;0.51;0.532259335287;0;0;
24;3118.0;1094.0;-0.01;-0.02;0.71;0.710352025407;0;0;
24;2872.0;1096.0;-0.17;0.08;0.86;0.880284045067;0;0;
24;3033.0;1104.0;-0.02;-0.02;0.82;0.820487659871;0;0;
24;2882.0;1105.0;0.04;0.09;0.91;0.91531415372;0;0;
24;2894.0;1108.0;-0.1;0.31;1.16;1.20486513768;0;0;
24;3032.0;1108.0;-0.22;0.24;1.33;1.36926987844;0;0;
24;2862.0;1112.0;-0.24;-0.15;1.29;1.32068164218;0;0;
24;3107.0;1113.0;-0.02;-0.03;1.14;1.14057003292;0;0;
24;2923.0;1114.0;0.02;0.05;0.97;0.971493695296;0;0;
24;2962.0;1122.0;0.04;0.05;0.04;0.0754983443527;0;0;
24;2869.0;1137.0;0.07;0.09;0.26;0.283901391332;0;0;
24;3118.0;1141.0;0.0;0.24;0.32;0.4;0;0;
24;2882.0;1146.0;-0.05;0.25;0.32;0.40914545091;0;0;
24;2866.0;1141.0;-0.06;0.17;-0.68;0.703491293478;0;0;
24;3152.0;1169.0;0.13;0.17;-1.58;1.59442779705;0;0;
24;2900.0;1176.0;0.23;0.15;-2.0;2.01876199687;0;20;
24;3108.0;1036.0;0.45;0.17;-2.79;2.8311658376;0;40;
24;2857.0;928.0;0.38;0.31;-3.25;3.2867917488;0;60;
24;2989.0;901.0;0.38;0.31;-3.25;3.2867917488;0;80;
24;3093.0;841.0;-0.23;-0.24;-2.36;2.383296037;0;100;
24;2824.0;930.0;-0.46;-0.53;-1.19;1.38152090104;0;95;
24;3134.0;958.0;-0.63;-0.45;-0.22;0.804860236314;0;90;
24;3026.0;1051.0;-0.4;-0.4;0.79;0.971648084442;0;85;
24;2848.0;1079.0;-0.28;0.03;1.29;1.32037873355;0;80;
24;3127.0;1094.0;-0.28;0.03;1.29;1.32037873355;0;75;
24;2898.0;1106.0;0.3;-0.21;0.56;0.669103878333;0;70;
24;3167.0;1113.0;0.39;-0.05;0.6;0.717356257378;0;65;
24;2910.0;1110.0;0.29;0.13;0.85;0.907469007735;0;60;
24;2872.0;1139.0;-0.53;0.02;2.67;2.72216825343;0;80;
24;3035.0;1176.0;-0.17;0.0;1.47;1.47979728341;0;75;
24;2867.0;1186.0;-0.1;-0.03;0.98;0.985545534209;0;70;
24;2950.0;1223.0;0.27;0.3;0.41;0.575325994546;0;65;
24;2861.0;1236.0;0.37;0.06;0.35;0.512835256198;0;60;
24;2989.0;1240.0;0.18;0.21;0.38;0.47;0;55;
24;3020.0;1237.0;0.24;0.08;-0.25;0.355668384876;0;50;
24;2897.0;1230.0;0.33;-0.07;-0.44;0.554436651025;0;45;
24;3061.0;1241.0;0.31;0.0;-0.48;0.571401785086;0;40;
24;2874.0;1243.0;0.29;-0.15;0.38;0.500999001995;0;35;
24;2992.0;1267.0;0.11;-0.24;0.22;0.343656805549;0;30;
24;3117.0;1272.0;0.28;-0.3;-0.05;0.413400532172;0;25;
24;2890.0;1283.0;0.04;-0.04;-0.15;0.160312195419;0;20;
24;3171.0;1286.0;-0.07;-0.1;-0.66;0.671192967782;0;15;
24;2944.0;1287.0;-0.36;-0.1;-0.44;0.577234787586;0;10;
24;2883.0;1289.0;-0.51;-0.74;0.36;0.968142551487;0;5;
24;3018.0;1293.0;-0.6;-0.57;-0.06;0.829759001156;0;0;
24;2945.0;1295.0;-0.47;-0.47;-0.59;0.888763185556;0;0;
24;2913.0;1287.0;0.04;0.17;-0.63;0.653758365147;0;0;
24;3156.0;1302.0;0.13;0.26;-0.15;0.327108544676;0;0;
24;2890.0;1306.0;0.36;0.36;-0.29;0.585918083012;0;0;
24;3141.0;1275.0;0.65;0.5;-0.51;0.965712172441;0;0;
24;2898.0;1274.0;0.45;0.28;0.3;0.609015599143;0;0;
24;3120.0;1275.0;0.45;0.28;0.3;0.609015599143;0;0;
24;3011.0;1274.0;0.35;0.3;0.71;0.846522297403;0;0;
24;2962.0;1274.0;0.01;0.26;1.17;1.19858249612;0;0;
24;3124.0;1274.0;-0.11;0.62;1.34;1.48057421293;0;0;
24;2942.0;1273.0;0.49;0.39;0.57;0.846817571854;0;0;
24;3071.0;1282.0;0.11;0.18;0.96;0.982903861016;0;0;
24;2880.0;1285.0;-0.19;-0.02;0.47;0.507346035759;0;0;
24;2886.0;1280.0;-0.06;-0.14;0.33;0.363455636908;0;0;
24;3015.0;1285.0;0.1;-0.14;-0.23;0.287228132327;0;0;
24;2904.0;1404.0;0.04;-0.03;-0.74;0.741687265632;0;0;
24;3030.0;1318.0;0.1;-0.03;-0.8;0.806783738061;0;0;
24;2992.0;1270.0;0.1;0.12;-0.56;0.58137767415;0;0;
24;3033.0;1427.0;0.29;0.27;0.1;0.408656334834;0;0;
24;3058.0;1291.0;0.41;0.23;-0.11;0.482804308183;0;0;
24;2907.0;1344.0;0.28;-0.33;0.69;0.814493707772;0;0;
24;2945.0;1296.0;0.41;-0.39;0.42;0.704698517098;0;0;
24;2847.0;1225.0;0.26;-0.25;0.35;0.502593274925;0;0;
24;2860.0;1200.0;0.11;-0.22;-1.51;1.52990195764;0;0;
24;3151.0;1201.0;0.24;-0.21;-1.55;1.58246642934;0;0;
24;2904.0;1209.0;0.03;-0.43;-1.13;1.20942134924;0;0;
24;3049.0;1193.0;-0.12;-0.47;-0.07;0.490102030194;0;0;
24;2962.0;1262.0;-0.5;-0.64;0.64;1.03402127638;0;0;
24;2972.0;1268.0;-0.38;-0.52;0.45;0.785684415017;0;0;
24;3081.0;1200.0;-0.34;0.06;0.96;1.02019605959;0;0;
24;2914.0;1130.0;-0.27;0.01;0.83;0.872868833216;0;0;
24;3189.0;1161.0;-0.08;0.01;1.02;1.02318131336;0;0;
24;2970.0;1242.0;-0.54;-0.47;1.22;1.41453172464;0;0;
24;2883.0;1230.0;-0.67;-0.72;0.78;1.2552688955;0;0;
24;3106.0;1207.0;-0.49;-0.56;-0.06;0.746525284234;0;0;
24;2862.0;1246.0;0.3;0.39;-0.38;0.621691241695;0;0;
24;3154.0;1262.0;0.17;0.75;0.34;0.840832920383;0;0;
24;2886.0;1268.0;0.01;0.68;-0.18;0.703491293478;0;0;
24;2912.0;1279.0;0.36;-0.46;-1.26;1.38881244234;0;0;
24;3179.0;1287.0;0.4;-0.36;-1.19;1.30602450207;0;0;
24;2928.0;1289.0;0.4;-0.17;-0.93;1.02654761214;0;0;
24;2903.0;1306.0;-0.25;0.2;1.44;1.47516100816;0;0;
24;2878.0;1310.0;-0.2;0.0;0.07;0.211896201004;0;0;
24;2933.0;1309.0;0.03;-0.35;-0.18;0.39471508712;0;0;
24;2965.0;1318.0;-0.15;0.07;-0.02;0.166733320005;0;0;
24;2952.0;1317.0;-0.33;-0.04;0.57;0.659848467453;0;0;
24;2997.0;1317.0;-0.23;0.0;0.02;0.230867927612;0;0;
24;2918.0;1318.0;0.01;0.05;-1.94;1.9406699874;0;0;
24;3127.0;1318.0;0.27;-0.07;-1.79;1.81160150143;0;0;
24;2937.0;1317.0;0.13;0.0;-1.32;1.32638606748;0;0;
24;2891.0;1315.0;0.1;0.1;-1.67;1.67597732682;0;0;
24;2992.0;1318.0;-0.11;-0.25;-2.45;2.4651774784;0;20;
24;2889.0;1321.0;-0.12;-0.22;-2.05;2.06526027415;0;40;
24;3132.0;1317.0;-0.09;0.31;0.12;0.344383507154;0;35;
24;2876.0;1314.0;-0.4;0.65;1.11;1.34707089643;0;30;
24;3152.0;1317.0;-0.41;0.64;1.23;1.44589072893;0;25;
24;3125.0;1302.0;-0.71;-0.4;1.3;1.53430766146;0;20;
24;2907.0;1280.0;-0.4;-0.59;-0.34;0.789746794865;0;15;
24;3151.0;1283.0;-0.43;-0.86;-1.32;1.63306460374;0;10;
24;2889.0;1287.0;-0.22;-0.56;-1.12;1.27137720603;0;5;
24;3129.0;1281.0;-0.16;0.0;-0.52;0.544058820349;0;0;
24;2887.0;1281.0;-0.29;0.28;-0.41;0.574978260459;0;0;
24;2875.0;1273.0;0.02;0.34;-0.7;0.778460018241;0;0;
24;3204.0;1373.0;0.13;-0.12;0.06;0.186815416923;0;0;
24;2915.0;1327.0;0.06;-0.09;0.35;0.36633318168;0;0;
24;2965.0;1240.0;-0.48;-0.04;3.21;3.2459359205;0;20;
24;2826.0;1264.0;-0.35;-0.12;2.62;2.64599697657;0;40;
24;2970.0;1246.0;-0.32;-0.41;2.01;2.07619844909;0;60;
24;3092.0;1232.0;-0.1;-1.43;-0.73;1.60866404199;0;55;
24;2998.0;1249.0;0.24;-1.19;-1.75;2.12983567441;0;75;
24;3212.0;1259.0;-1.02;-3.14;-0.12;3.30369490117;0;95;
24;2863.0;1249.0;-1.0;-0.36;1.17;1.58066441726;0;90;
24;3114.0;1275.0;-0.22;-0.07;-1.06;1.08485022008;0;85;
24;2976.0;1214.0;-0.25;-0.31;0.75;0.84917607126;0;80;
24;3147.0;1244.0;-0.29;-0.12;1.13;1.17277448813;0;75;
24;2895.0;1257.0;-0.73;-0.13;2.04;2.17057596043;0;95;
24;2949.0;1298.0;-1.2;-0.4;2.55;2.8464890655;0;115;
24;2924.0;1181.0;-0.56;-0.12;-0.85;1.02493902258;0;110;
24;2915.0;1307.0;0.18;-0.51;-2.35;2.41143111036;0;130;
24;2975.0;1247.0;0.26;-0.39;-2.26;2.30809445214;0;150;
24;2874.0;1034.0;0.59;0.12;-0.93;1.10788086002;0;145;
24;2889.0;1088.0;0.7;0.7;-1.04;1.43582728766;0;140;
24;2894.0;1098.0;0.82;0.7;-1.2;1.61319558641;0;135;
24;3153.0;1119.0;0.47;0.45;-0.25;0.697065276714;0;130;
24;2827.0;1119.0;-0.29;0.53;1.33;1.46078745887;0;125;
24;3124.0;1121.0;-0.42;0.65;1.42;1.61718891908;0;120;
24;2884.0;1145.0;-0.42;0.65;1.42;1.61718891908;0;115;
24;3094.0;1150.0;-0.34;0.18;0.57;0.687677249878;0;110;
24;2904.0;1185.0;-0.24;0.2;1.08;1.1242775458;0;105;
24;2854.0;1140.0;-0.36;0.13;0.93;1.00568384694;0;100;
24;3153.0;1145.0;-0.25;0.08;0.87;0.908735385027;0;95;
24;2847.0;1161.0;-0.1;-0.61;1.04;1.20983469945;0;90;
24;3169.0;1168.0;-0.01;-0.56;-0.04;0.561515805655;0;85;
24;2906.0;1181.0;0.13;-0.56;-0.4;0.700357051796;0;80;
24;2923.0;1206.0;-0.06;-0.82;0.53;0.978212655817;0;75;
24;2877.0;1214.0;-0.8;-0.91;0.98;1.55836452732;0;70;
24;2897.0;1220.0;-0.5;-0.67;-0.06;0.838152730712;0;65;
24;2867.0;1232.0;-0.14;0.11;-0.04;0.182482875909;0;60;
24;2962.0;1234.0;-0.09;0.2;-0.14;0.260192236625;0;55;
24;2883.0;1233.0;-0.09;0.16;-0.19;0.264196896272;0;50;
24;3157.0;1224.0;0.47;0.59;-1.2;1.41739197119;0;45;
24;2865.0;1242.0;0.8;0.33;-1.66;1.87203098265;0;40;
24;3143.0;1252.0;0.91;0.34;-1.82;2.06303174963;0;60;
24;2907.0;1266.0;0.79;-0.33;-2.82;2.94710026976;0;80;
24;3017.0;1260.0;0.2;-0.4;-2.06;2.10798481968;0;100;
24;3140.0;1254.0;-0.53;-0.25;-1.06;1.21119775429;0;95;
24;2884.0;1231.0;-1.55;0.74;1.83;2.50978086693;0;115;
24;3106.0;1246.0;-1.7;0.1;4.06;4.40268100139;0;135;
24;2789.0;1239.0;-1.21;-0.25;4.24;4.41635596391;0;155;
24;2973.0;1282.0;-0.01;-0.23;1.23;1.25135926096;0;150;
24;2835.0;1271.0;0.69;0.3;-0.45;0.876698351772;0;145;
24;3000.0;1254.0;0.6;0.32;-0.73;0.997647232242;0;140;
24;3193.0;1255.0;-0.01;-1.39;-0.5;1.47722713216;0;135;
24;2846.0;1252.0;-0.22;-0.25;0.96;1.01612007165;0;130;
24;3072.0;1251.0;-0.31;-1.0;2.25;2.48165267513;0;150;
24;2873.0;1252.0;-0.44;-1.01;1.87;2.17039166972;0;170;
24;2852.0;1258.0;-0.18;-0.65;0.77;1.02362102362;0;165;
24;2938.0;1258.0;-0.13;-0.54;-0.73;0.917278583637;0;160;
24;2979.0;1264.0;-0.35;-0.76;-1.19;1.45471646722;0;155;
24;3158.0;1251.0;-0.06;-0.66;0.45;0.801061795369;0;150;
24;2895.0;1250.0;-0.48;-0.44;0.48;0.808949936646;0;145;
24;3014.0;1255.0;-0.46;0.31;0.38;0.672383818961;0;140;
24;2903.0;1246.0;-0.47;0.47;0.27;0.717425954367;0;135;
24;2846.0;1232.0;-0.35;0.15;-0.11;0.396358423652;0;130;
24;3008.0;1233.0;1.14;0.5;-1.3;1.79988888546;0;125;
24;3106.0;1233.0;1.18;0.28;-1.5;1.92893753139;0;120;
24;2876.0;1233.0;0.94;0.22;-0.79;1.24743737318;0;115;
24;3017.0;1231.0;0.35;0.09;-0.82;0.896102672689;0;110;
24;2905.0;1228.0;-0.02;-0.39;-1.05;1.12026782512;0;105;
24;3180.0;1227.0;-0.29;-0.46;-0.69;0.878521485224;0;100;
24;2947.0;1230.0;-0.39;-0.32;-0.36;0.619758017294;0;95;
24;2848.0;1236.0;-1.36;0.22;2.67;3.00447998828;0;115;
24;2841.0;1258.0;-0.3;0.41;1.4;1.48932870784;0;110;
24;3134.0;1264.0;0.28;0.34;0.16;0.468614980554;0;105;
24;2936.0;1284.0;0.66;0.36;-0.76;1.06901824119;0;100;
24;3123.0;1293.0;0.27;0.18;-0.36;0.484664832642;0;95;
24;2893.0;1297.0;0.42;0.0;-0.33;0.534134814443;0;90;
24;2864.0;1305.0;0.04;-0.89;0.51;1.02654761214;0;85;
24;3119.0;1311.0;0.08;-0.33;0.35;0.487647413609;0;80;
24;2875.0;1313.0;0.23;-0.29;0.11;0.386134691526;0;75;
24;2943.0;1315.0;-0.01;-0.28;-0.24;0.368917334914;0;70;
24;2954.0;1315.0;0.16;-0.25;-0.52;0.598748695197;0;65;
24;3013.0;1316.0;0.2;-0.7;-0.07;0.731368580129;0;60;
24;3123.0;1312.0;-0.56;0.14;1.35;1.46823022718;0;55;
24;2952.0;1308.0;0.27;0.0;-1.48;1.50442680114;0;50;
24;3184.0;1309.0;0.47;-0.11;-2.0;2.05742557581;0;70;
24;3177.0;1314.0;-0.34;-0.34;0.75;0.890898422942;0;65;
24;2900.0;1308.0;-0.39;-0.25;-0.28;0.541294744109;0;60;
24;3191.0;1298.0;-0.07;-0.19;-0.1;0.225831795813;0;55;
24;2920.0;1288.0;0.0;-0.28;-0.12;0.304630924235;0;50;
24;2869.0;1247.0;0.27;0.2;0.71;0.785493475466;0;45;
24;2898.0;1253.0;-0.09;0.43;1.4;1.46731046476;0;40;
24;2877.0;1260.0;-0.25;0.48;1.23;1.34380058044;0;35;
24;3157.0;1262.0;-0.2;0.34;0.51;0.644748012793;0;30;
24;2979.0;1249.0;0.25;0.03;-0.2;0.321558703816;0;25;
24;2912.0;1238.0;0.5;0.18;-0.78;0.94382201712;0;20;
24;3139.0;1244.0;0.57;0.19;-0.66;0.892524509467;0;15;
24;2878.0;1258.0;0.05;0.22;-0.37;0.4333589736;0;10;
24;3142.0;1264.0;0.12;-0.09;-0.47;0.493355855342;0;5;
24;2888.0;1265.0;0.2;-0.14;-0.71;0.750799573788;0;0;
24;2897.0;1273.0;-0.13;-0.39;-0.02;0.411582312545;0;0;
24;2893.0;1275.0;-0.09;-0.11;0.5;0.519807656735;0;0;
24;2894.0;1279.0;-0.08;0.03;0.5;0.507247474119;0;0;
24;2894.0;1279.0;-0.06;0.26;0.49;0.557942649383;0;0;
24;2892.0;1257.0;0.1;0.11;-0.12;0.191049731745;0;0;
24;2964.0;1252.0;0.19;0.17;-0.32;0.40914545091;0;0;
24;3012.0;1247.0;0.19;0.17;-0.32;0.40914545091;0;0;
24;2858.0;1237.0;0.0;-0.03;-0.31;0.311448230048;0;0;
24;3164.0;1213.0;0.07;0.02;-0.34;0.347706773014;0;0;
24;2919.0;1204.0;0.21;-0.05;-0.35;0.411217703899;0;0;
24;3108.0;1205.0;-0.16;-0.1;-0.17;0.253968501984;0;0;
24;2890.0;1225.0;-0.05;-0.05;0.06;0.092736184955;0;0;
24;2845.0;1238.0;0.09;-0.34;0.51;0.619515940069;0;0;
24;3033.0;1271.0;-0.46;-0.87;0.37;1.05138004546;0;0;
24;2879.0;1285.0;-0.08;0.0;-0.01;0.080622577483;0;0;
24;3073.0;1290.0;-0.23;-0.18;-0.22;0.365650105976;0;0;
24;2874.0;1306.0;-0.22;-0.77;0.07;0.803865660418;0;0;
24;3180.0;1311.0;-0.09;-0.08;-0.51;0.524022900263;0;0;
24;2930.0;1315.0;0.14;-0.1;-0.7;0.720832851638;0;0;
24;3125.0;1316.0;0.12;-0.08;-0.68;0.695125887879;0;0;
24;3146.0;1256.0;0.19;0.28;0.74;0.813695274658;0;0;
24;2883.0;1227.0;0.12;-0.29;0.68;0.748932573734;0;0;
24;3134.0;1219.0;0.0;-0.39;0.87;0.953414914924;0;0;
24;2943.0;1187.0;0.19;-0.39;-0.25;0.500699510685;0;0;
24;3023.0;1186.0;-0.14;0.0;0.68;0.694262198308;0;0;
24;2919.0;1197.0;-0.14;0.41;0.15;0.458475735454;0;0;
24;2853.0;1200.0;-0.17;0.1;0.48;0.518941229813;0;0;
24;2888.0;1188.0;-0.13;0.06;0.28;0.31448370387;0;0;
24;2877.0;1180.0;0.12;-0.43;-0.06;0.450444225182;0;0;
24;3131.0;1169.0;0.14;-0.39;-0.26;0.489182992345;0;0;
24;3064.0;1140.0;0.42;-0.19;-0.25;0.524404424085;0;0;
24;2856.0;1130.0;-0.37;-0.07;-0.06;0.381313519299;0;0;
24;3106.0;1131.0;-0.11;-0.27;-0.44;0.527825728816;0;0;
24;2873.0;1143.0;0.19;-0.33;-1.16;1.22090130641;0;0;
24;3161.0;1172.0;0.52;-0.53;-1.34;1.53195952949;0;0;
24;2888.0;1180.0;0.04;-0.34;-1.0;1.05697682094;0;0;
24;3044.0;1152.0;-0.45;-0.05;-0.4;0.60415229868;0;0;
24;2922.0;1154.0;-0.41;-0.23;1.84;1.89910505239;0;0;
24;2856.0;1154.0;-0.14;0.04;1.53;1.53691248938;0;0;
24;2991.0;1163.0;-0.06;0.44;0.28;0.524976189936;0;0;
24;2892.0;1184.0;0.48;0.34;-1.44;1.55550634843;0;0;
24;3059.0;1184.0;0.37;0.27;-1.88;1.93499354004;0;0;
24;2883.0;1208.0;0.03;-0.06;-1.38;1.38162947276;0;0;
24;3041.0;1197.0;-0.33;-0.22;-1.55;1.59993749878;0;0;
24;2881.0;1182.0;-0.47;-0.21;-1.74;1.81455228638;0;0;
24;2988.0;1251.0;-0.5;-0.61;-1.92;2.07569265548;0;20;
24;3285.0;1377.0;0.6;-0.15;0.14;0.6341135545;0;15;
24;3059.0;1384.0;1.57;-1.45;-0.94;2.33473767263;0;35;
24;3090.0;1235.0;0.85;-0.73;-2.15;2.42443807923;0;55;
24;2757.0;1287.0;-1.75;0.53;4.99;5.31446140263;0;75;
24;2977.0;1237.0;0.35;0.83;-1.18;1.48452012448;0;70;
24;3292.0;1246.0;0.57;0.53;-1.29;1.5066187308;0;65;
24;2849.0;1234.0;0.37;-2.2;-0.67;2.32933466896;0;85;
24;3005.0;1237.0;0.48;0.8;5.06;5.14528910752;0;105;
24;2872.0;1139.0;-0.91;-1.23;1.68;2.27231159835;0;125;
24;2970.0;1144.0;-0.22;0.12;-0.41;0.480520551069;0;120;
24;2956.0;1111.0;0.04;0.51;-2.01;2.07407810846;0;140;
24;3043.0;1062.0;0.25;-0.25;0.2;0.406201920232;0;135;
24;2812.0;1082.0;0.26;-0.08;-0.84;0.882949602186;0;130;
24;3085.0;1071.0;0.04;-0.24;-0.64;0.684689710745;0;125;
24;2889.0;1092.0;-0.19;-0.21;-0.11;0.303809150619;0;120;
24;3062.0;1140.0;0.08;-0.1;0.09;0.156524758425;0;115;
24;3050.0;1155.0;0.24;-0.09;-0.05;0.261151297144;0;110;
24;2799.0;1117.0;-0.11;-0.31;1.81;1.83964670521;0;105;
24;3059.0;1039.0;0.29;-0.17;-0.46;0.56973678133;0;100;
24;2772.0;971.0;0.1;-0.43;0.32;0.545252235209;0;95;
24;3096.0;923.0;-0.05;-0.11;-0.28;0.30495901364;0;90;
24;2895.0;890.0;-0.23;0.01;0.05;0.235584379788;0;85;
24;2843.0;897.0;-0.35;-0.28;0.07;0.453651848889;0;80;
24;2848.0;1234.0;-0.47;0.0;-0.02;0.470425339454;0;75;
24;2690.0;902.0;1.08;1.76;-3.71;4.24595101244;0;95;
24;2118.0;1099.0;2.71;-0.06;-1.81;3.25941712581;0;115;
24;3171.0;896.0;0.53;-1.7;-2.83;3.3436207919;0;135;
24;2750.0;953.0;-1.19;0.09;4.03;4.20298703305;0;155;
24;3164.0;957.0;-0.16;1.29;1.02;1.65230142529;0;150;
24;2949.0;990.0;1.33;1.15;-1.74;2.47366125409;0;170;
24;3001.0;1106.0;0.35;0.58;-0.47;0.824499848393;0;165;
24;2850.0;1132.0;-0.46;-0.4;0.69;0.920706250658;0;160;
24;2916.0;1148.0;0.02;0.0;0.12;0.121655250606;0;155;
24;2789.0;1204.0;-0.07;-0.04;0.22;0.234307490277;0;150;
24;2934.0;1221.0;0.02;-0.02;-0.22;0.221810730128;0;145;
24;2756.0;1229.0;-0.04;-0.01;0.12;0.126885775404;0;140;
24;3183.0;1252.0;-0.06;-0.02;0.19;0.200249843945;0;135;
24;2904.0;1261.0;-0.01;-0.02;-0.02;0.03;0;130;
24;3131.0;1265.0;0.0;-0.06;-0.17;0.180277563773;0;125;
24;3078.0;1272.0;0.0;-0.01;-0.16;0.160312195419;0;120;
24;2866.0;1279.0;-0.04;-0.03;0.07;0.0860232526704;0;115;
24;3192.0;1281.0;0.0;0.0;0.01;0.01;0;110;
24;3014.0;1283.0;0.0;-0.03;-0.05;0.0583095189485;0;105;
24;2808.0;1282.0;-0.03;-0.04;0.04;0.0640312423743;0;100;
24;3071.0;1286.0;0.02;0.01;-0.06;0.0640312423743;0;95;
24;2918.0;1288.0;-0.05;-0.07;0.03;0.0911043357914;0;90;
24;3138.0;1289.0;-0.06;-0.05;-0.03;0.0836660026534;0;85;
24;2960.0;1289.0;-0.04;-0.02;-0.02;0.0489897948557;0;80;
24;3171.0;1290.0;0.0;-0.04;0.0;0.04;0;75;
24;2940.0;1291.0;0.0;-0.02;0.03;0.0360555127546;0;70;
24;2826.0;1290.0;0.0;-0.02;-0.07;0.0728010988928;0;65;
24;2928.0;1291.0;0.01;0.0;-0.09;0.0905538513814;0;60;
24;3090.0;1292.0;-0.05;-0.09;0.08;0.130384048104;0;55;
24;2837.0;1292.0;-0.04;-0.03;0.07;0.0860232526704;0;50;
24;3138.0;1292.0;-0.03;-0.03;0.0;0.0424264068712;0;45;
24;2886.0;1291.0;0.0;-0.02;-0.06;0.0632455532034;0;40;
24;2980.0;1291.0;0.01;0.01;-0.03;0.0331662479036;0;35;
24;3215.0;1291.0;0.01;0.02;0.04;0.0458257569496;0;30;
24;2877.0;1291.0;0.02;0.0;-0.19;0.191049731745;0;25;
24;3061.0;1293.0;-0.03;0.0;-0.3;0.301496268634;0;20;
24;2932.0;1292.0;0.03;0.0;-0.16;0.162788205961;0;15;
24;2880.0;1291.0;-0.06;-0.07;0.12;0.151327459504;0;10;
24;2813.0;1291.0;-0.06;0.0;0.07;0.0921954445729;0;5;
24;3110.0;1292.0;-0.02;-0.06;0.03;0.07;0;0;
24;3127.0;1291.0;0.0;-0.02;0.01;0.022360679775;0;0;
24;2864.0;1291.0;0.0;-0.02;0.0;0.02;0;0;
24;2926.0;1292.0;-0.01;-0.03;0.01;0.0331662479036;0;0;
24;2953.0;1293.0;-0.01;0.0;0.0;0.01;0;0;
24;2862.0;1291.0;0.0;-0.02;-0.05;0.0538516480713;0;0;
24;2776.0;1291.0;-0.03;0.0;0.0;0.03;0;0;
24;3247.0;1293.0;0.0;-0.03;0.02;0.0360555127546;0;0;
24;3215.0;1292.0;0.01;0.0;-0.04;0.0412310562562;0;0;
24;2785.0;1292.0;-0.04;-0.02;0.02;0.0489897948557;0;0;
24;3106.0;1292.0;0.0;0.02;-0.03;0.0360555127546;0;0;
24;3156.0;1292.0;-0.02;-0.01;0.01;0.0244948974278;0;0;
24;3014.0;1291.0;-0.01;-0.06;0.02;0.0640312423743;0;0;
24;2850.0;1291.0;0.0;-0.01;0.01;0.0141421356237;0;0;
24;3243.0;1293.0;0.0;0.0;-0.09;0.09;0;0;
24;2900.0;1293.0;0.01;0.01;-0.07;0.0714142842854;0;0;
24;3137.0;1293.0;-0.01;-0.02;0.07;0.0734846922835;0;0;
24;2824.0;1291.0;-0.01;-0.02;0.07;0.0734846922835;0;0;
24;3249.0;1294.0;0.0;-0.01;-0.01;0.0141421356237;0;0;
24;2862.0;1292.0;-0.01;0.0;0.03;0.0316227766017;0;0;
24;2834.0;1293.0;-0.03;0.01;-0.06;0.0678232998313;0;0;
24;2875.0;1292.0;-0.03;-0.01;0.0;0.0316227766017;0;0;
24;2763.0;1291.0;-0.02;0.0;-0.04;0.04472135955;0;0;
24;3114.0;1293.0;-0.02;-0.05;0.0;0.0538516480713;0;0;
24;2824.0;1292.0;0.0;0.0;-0.03;0.03;0;0;
24;2958.0;1293.0;-0.01;-0.05;0.0;0.0509901951359;0;0;
24;3165.0;1291.0;0.0;-0.04;0.0;0.04;0;0;
24;2861.0;1293.0;-0.03;0.0;-0.06;0.067082039325;0;0;
24;2764.0;1292.0;0.0;-0.02;0.01;0.022360679775;0;0;
24;2899.0;1293.0;-0.01;-0.04;-0.03;0.0509901951359;0;0;
24;3226.0;1294.0;-0.01;-0.04;0.02;0.0458257569496;0;0;
24;2857.0;1292.0;-0.02;0.0;-0.09;0.0921954445729;0;0;
24;3077.0;1294.0;0.0;-0.01;-0.04;0.0412310562562;0;0;
24;2932.0;1291.0;0.01;-0.05;-0.04;0.0648074069841;0;0;
24;2842.0;1292.0;0.0;-0.05;0.0;0.05;0;0;
24;3218.0;1294.0;0.0;-0.05;0.0;0.05;0;0;
24;2886.0;1291.0;-0.03;-0.05;0.08;0.0989949493661;0;0;
24;2841.0;1291.0;0.01;-0.03;0.0;0.0316227766017;0;0;
24;3093.0;1292.0;-0.03;0.04;0.02;0.0538516480713;0;0;
24;2900.0;1291.0;-0.03;0.0;-0.09;0.0948683298051;0;0;
24;3223.0;1293.0;0.0;0.04;-0.02;0.04472135955;0;0;
24;2828.0;1290.0;-0.01;0.0;-0.09;0.0905538513814;0;0;
24;3251.0;1293.0;-0.02;-0.04;0.02;0.0489897948557;0;0;
24;3079.0;1292.0;-0.03;-0.06;-0.01;0.0678232998313;0;0;
24;2965.0;1291.0;0.0;-0.04;0.0;0.04;0;0;
24;2805.0;1292.0;0.0;0.0;-0.06;0.06;0;0;
24;3209.0;1293.0;-0.03;-0.01;0.02;0.0374165738677;0;0;
24;2828.0;1292.0;-0.01;0.0;-0.01;0.0141421356237;0;0;
24;3244.0;1294.0;-0.04;-0.04;0.02;0.06;0;0;
24;2863.0;1292.0;-0.02;-0.02;-0.02;0.0346410161514;0;0;
24;3169.0;1293.0;0.0;0.01;-0.01;0.0141421356237;0;0;
24;3091.0;1293.0;0.0;-0.03;0.01;0.0316227766017;0;0;
24;2845.0;1292.0;0.0;0.01;0.01;0.0141421356237;0;0;
24;2905.0;1293.0;-0.03;-0.01;0.0;0.0316227766017;0;0;
24;3069.0;1292.0;-0.01;0.0;0.0;0.01;0;0;
24;3176.0;1295.0;-0.01;0.04;-0.01;0.0424264068712;0;0;
24;2930.0;1292.0;-0.04;-0.01;-0.04;0.0574456264654;0;0;
24;2835.0;1293.0;0.0;-0.02;0.02;0.0282842712475;0;0;
24;3007.0;1293.0;-0.03;-0.04;0.05;0.0707106781187;0;0;
24;2833.0;1292.0;0.0;-0.03;0.03;0.0424264068712;0;0;
24;3237.0;1294.0;-0.02;-0.04;-0.03;0.0538516480713;0;0;
24;2901.0;1291.0;0.0;-0.06;-0.04;0.0721110255093;0;0;
24;2867.0;1293.0;0.0;-0.01;-0.06;0.060827625303;0;0;
24;3137.0;1292.0;-0.03;-0.03;0.05;0.065574385243;0;0;
24;2884.0;1293.0;-0.01;-0.01;-0.03;0.0331662479036;0;0;
24;3219.0;1294.0;-0.05;-0.05;0.04;0.0812403840464;0;0;
24;2903.0;1292.0;-0.03;-0.04;-0.03;0.0583095189485;0;0;
24;2774.0;1291.0;-0.03;-0.06;0.0;0.067082039325;0;0;
24;3218.0;1295.0;0.01;0.0;0.01;0.0141421356237;0;0;
24;2762.0;1291.0;-0.02;-0.04;-0.07;0.0830662386292;0;0;
24;3177.0;1292.0;0.0;0.01;0.0;0.01;0;0;
24;2869.0;1292.0;0.0;-0.03;-0.08;0.0854400374532;0;0;
24;3199.0;1293.0;-0.02;-0.04;-0.03;0.0538516480713;0;0;
24;2884.0;1291.0;0.0;-0.02;0.0;0.02;0;0;
24;2885.0;1293.0;0.01;0.0;-0.06;0.060827625303;0;0;
24;3159.0;1293.0;0.0;0.0;0.01;0.01;0;0;
24;2893.0;1292.0;-0.01;-0.02;0.0;0.022360679775;0;0;
24;2855.0;1293.0;-0.01;-0.02;-0.05;0.0547722557505;0;0;
24;2866.0;1292.0;-0.02;-0.03;-0.03;0.0469041575982;0;0;
24;3150.0;1294.0;0.01;-0.05;0.0;0.0509901951359;0;0;
24;2885.0;1291.0;-0.01;0.0;0.0;0.01;0;0;
24;3236.0;1294.0;0.0;-0.03;0.01;0.0316227766017;0;0;
24;2917.0;1293.0;-0.01;-0.05;0.02;0.0547722557505;0;0;
24;2811.0;1293.0;0.0;-0.03;0.02;0.0360555127546;0;0;
24;3238.0;1293.0;-0.01;-0.02;-0.05;0.0547722557505;0;0;
24;2864.0;1292.0;-0.02;-0.03;0.01;0.0374165738677;0;0;
24;3091.0;1293.0;-0.01;-0.03;0.03;0.0435889894354;0;0;
24;2856.0;1291.0;-0.02;-0.01;0.04;0.0458257569496;0;0;
24;3227.0;1292.0;-0.02;0.0;-0.06;0.0632455532034;0;0;
24;2901.0;1293.0;0.0;-0.05;0.0;0.05;0;0;
24;2897.0;1292.0;-0.03;0.0;0.04;0.05;0;0;
24;3229.0;1293.0;0.0;-0.02;-0.05;0.0538516480713;0;0;
24;2881.0;1293.0;0.0;-0.04;0.01;0.0412310562562;0;0;
24;3178.0;1293.0;-0.01;-0.02;0.01;0.0244948974278;0;0;
24;2815.0;1292.0;-0.02;-0.04;-0.05;0.067082039325;0;0;
24;3236.0;1293.0;-0.02;-0.03;-0.03;0.0469041575982;0;0;
24;3032.0;1292.0;-0.02;-0.02;0.02;0.0346410161514;0;0;
24;2843.0;1292.0;-0.02;-0.01;-0.06;0.0640312423743;0;0;
24;3238.0;1294.0;-0.03;-0.02;0.0;0.0360555127546;0;0;
24;2751.0;1292.0;0.0;-0.02;0.0;0.02;0;0;
24;3104.0;1294.0;0.01;-0.03;0.04;0.0509901951359;0;0;
24;3007.0;1292.0;-0.02;0.01;-0.07;0.0734846922835;0;0;
24;2785.0;1293.0;-0.02;0.0;-0.06;0.0632455532034;0;0;
24;3180.0;1294.0;-0.02;-0.03;0.05;0.0616441400297;0;0;
24;2845.0;1293.0;-0.04;-0.07;-0.03;0.0860232526704;0;0;
24;3059.0;1292.0;0.0;-0.06;-0.03;0.067082039325;0;0;
24;2753.0;1293.0;0.0;-0.02;-0.01;0.022360679775;0;0;
24;3136.0;1293.0;-0.01;0.0;-0.01;0.0141421356237;0;0;
24;2773.0;1293.0;0.0;-0.03;-0.04;0.05;0;0;
24;3236.0;1294.0;-0.02;-0.07;0.0;0.0728010988928;0;0;
24;3104.0;1293.0;0.01;-0.01;0.01;0.0173205080757;0;0;
24;2758.0;1292.0;0.01;-0.01;0.01;0.0173205080757;0;0;
24;2811.0;1292.0;-0.04;-0.02;0.0;0.04472135955;0;0;
24;3199.0;1294.0;-0.01;-0.06;0.01;0.0616441400297;0;0;
24;2844.0;1293.0;-0.03;-0.03;-0.04;0.0583095189485;0;0;
24;3173.0;1293.0;-0.01;-0.06;-0.03;0.0678232998313;0;0;
24;2900.0;1291.0;-0.02;-0.02;0.05;0.0574456264654;0;0;
24;2770.0;1292.0;-0.01;0.0;-0.04;0.0412310562562;0;0;
24;3195.0;1293.0;0.0;-0.06;-0.04;0.0721110255093;0;0;
24;2897.0;1292.0;-0.02;0.0;0.0;0.02;0;0;
24;2832.0;1294.0;0.0;0.0;-0.01;0.01;0;0;
24;3018.0;1291.0;0.0;-0.03;-0.06;0.067082039325;0;0;
24;2758.0;1292.0;-0.01;0.0;0.05;0.0509901951359;0;0;
24;3103.0;1294.0;-0.02;-0.01;-0.01;0.0244948974278;0;0;
24;2858.0;1292.0;0.0;0.0;-0.05;0.05;0;0;
24;3232.0;1294.0;0.0;-0.03;0.0;0.03;0;0;
24;2892.0;1293.0;0.0;-0.03;0.02;0.0360555127546;0;0;
24;3225.0;1293.0;0.01;-0.06;0.0;0.060827625303;0;0;
24;2839.0;1293.0;-0.03;0.0;0.0;0.03;0;0;
24;2992.0;1293.0;-0.02;-0.06;0.05;0.080622577483;0;0;
24;3118.0;1293.0;-0.01;-0.02;-0.06;0.0640312423743;0;0;
24;2862.0;1293.0;-0.02;0.01;-0.09;0.092736184955;0;0;
24;3002.0;1293.0;-0.01;-0.06;0.05;0.0787400787401;0;0;
24;3065.0;1294.0;-0.03;0.02;0.03;0.0469041575982;0;0;
24;2829.0;1292.0;-0.03;-0.03;0.0;0.0424264068712;0;0;
24;3230.0;1293.0;0.0;-0.01;-0.02;0.022360679775;0;0;
24;2856.0;1292.0;-0.01;-0.01;0.01;0.0173205080757;0;0;
24;2848.0;1292.0;-0.02;-0.02;-0.07;0.0754983443527;0;0;
24;3219.0;1294.0;-0.02;-0.03;0.02;0.0412310562562;0;0;
24;2855.0;1293.0;0.0;-0.02;0.02;0.0282842712475;0;0;
24;3218.0;1295.0;0.0;-0.04;0.02;0.04472135955;0;0;
24;2911.0;1292.0;-0.01;-0.03;-0.01;0.0331662479036;0;0;
24;2874.0;1294.0;-0.02;-0.06;0.03;0.07;0;0;
24;2757.0;1294.0;0.0;-0.04;0.04;0.0565685424949;0;0;
24;3021.0;1292.0;0.0;-0.01;0.01;0.0141421356237;0;0;
24;2776.0;1294.0;-0.02;0.0;0.02;0.0282842712475;0;0;
24;2948.0;1292.0;0.0;-0.02;0.03;0.0360555127546;0;0;
24;2986.0;1295.0;-0.02;-0.02;-0.04;0.0489897948557;0;0;
24;2966.0;1292.0;0.0;0.0;0.0;0.0;0;0;
24;2850.0;1293.0;-0.02;-0.03;0.04;0.0538516480713;0;0;
24;3178.0;1294.0;0.0;0.0;-0.08;0.08;0;0;
24;2881.0;1293.0;-0.02;-0.02;-0.07;0.0754983443527;0;0;
24;3159.0;1293.0;-0.03;0.0;0.03;0.0424264068712;0;0;
24;2904.0;1292.0;-0.02;0.0;-0.1;0.101980390272;0;0;
24;3100.0;1293.0;0.0;-0.02;-0.04;0.04472135955;0;0;
24;3240.0;1295.0;0.0;-0.01;0.0;0.01;0;0;
24;3005.0;1293.0;-0.02;-0.01;-0.06;0.0640312423743;0;0;
24;2874.0;1294.0;0.0;-0.04;-0.03;0.05;0;0;
24;2920.0;1292.0;-0.03;-0.04;0.0;0.05;0;0;
24;3212.0;1294.0;-0.01;-0.02;-0.05;0.0547722557505;0;0;
24;2885.0;1292.0;0.0;-0.06;-0.05;0.0781024967591;0;0;
24;2890.0;1293.0;-0.02;-0.02;-0.01;0.03;0;0;
24;2970.0;1294.0;-0.04;-0.02;0.03;0.0538516480713;0;0;
24;2844.0;1292.0;0.0;-0.02;-0.04;0.04472135955;0;0;
24;3230.0;1295.0;0.0;-0.01;-0.08;0.080622577483;0;0;
24;2870.0;1292.0;0.0;-0.05;0.02;0.0538516480713;0;0;
24;3184.0;1294.0;-0.03;-0.01;0.0;0.0316227766017;0;0;
24;2882.0;1293.0;-0.01;0.0;-0.07;0.0707106781187;0;0;
24;3231.0;1294.0;0.0;-0.04;-0.07;0.080622577483;0;0;
24;2917.0;1292.0;0.0;-0.04;0.02;0.04472135955;0;0;
24;2761.0;1292.0;-0.02;-0.01;-0.01;0.0244948974278;0;0;
24;3244.0;1293.0;0.01;-0.04;-0.05;0.0648074069841;0;0;
24;2869.0;1293.0;-0.01;-0.04;0.02;0.0458257569496;0;0;
24;3250.0;1294.0;-0.03;-0.01;0.03;0.0435889894354;0;0;
24;2869.0;1292.0;0.0;-0.06;-0.03;0.067082039325;0;0;
24;3167.0;1294.0;-0.01;0.03;-0.02;0.0374165738677;0;0;
24;2903.0;1292.0;0.0;-0.06;0.02;0.0632455532034;0;0;
24;2825.0;1294.0;0.0;0.01;0.0;0.01;0;0;
24;3245.0;1293.0;-0.03;-0.02;0.05;0.0616441400297;0;0;
24;2836.0;1293.0;0.01;-0.06;0.11;0.1256980509;0;0;
24;3123.0;1293.0;-0.03;0.01;0.03;0.0435889894354;0;0;
24;2815.0;1292.0;-0.02;-0.05;0.05;0.0734846922835;0;0;
24;3170.0;1292.0;-0.04;-0.04;0.01;0.0574456264654;0;0;
24;2974.0;1293.0;-0.04;-0.04;0.08;0.0979795897113;0;0;
24;2918.0;1294.0;-0.06;-0.03;0.05;0.0836660026534;0;0;
24;3145.0;1293.0;-0.03;-0.06;-0.05;0.0836660026534;0;0;
24;2873.0;1292.0;0.0;0.02;0.02;0.0282842712475;0;0;
24;3193.0;1294.0;-0.03;0.0;-0.01;0.0316227766017;0;0;
24;3189.0;1294.0;-0.01;-0.02;0.01;0.0244948974278;0;0;
24;3059.0;1293.0;-0.04;-0.02;0.01;0.0458257569496;0;0;
24;2938.0;1292.0;0.01;-0.04;0.03;0.0509901951359;0;0;
24;2922.0;1293.0;0.0;-0.04;-0.04;0.0565685424949;0;0;
24;2778.0;1292.0;0.0;-0.02;0.0;0.02;0;0;
24;3161.0;1293.0;-0.02;-0.06;0.05;0.080622577483;0;0;
24;2791.0;1292.0;-0.03;-0.08;0.0;0.0854400374532;0;0;
24;3055.0;1293.0;0.0;-0.02;-0.01;0.022360679775;0;0;
24;2892.0;1293.0;-0.03;-0.03;-0.01;0.0435889894354;0;0;
24;3018.0;1294.0;0.01;0.0;0.0;0.01;0;0;
24;3002.0;1294.0;-0.02;-0.03;0.03;0.0469041575982;0;0;
24;2875.0;1294.0;-0.01;-0.02;0.03;0.0374165738677;0;0;
24;2931.0;1292.0;-0.02;-0.01;0.05;0.0547722557505;0;0;
24;3036.0;1294.0;0.02;-0.03;-0.09;0.0969535971483;0;0;
24;3057.0;1294.0;-0.02;-0.04;-0.05;0.067082039325;0;0;
24;2780.0;1293.0;-0.03;0.0;0.0;0.03;0;0;
24;2818.0;1293.0;0.01;0.0;-0.07;0.0707106781187;0;0;
24;3192.0;1294.0;0.0;-0.01;-0.04;0.0412310562562;0;0;
24;2798.0;1293.0;0.0;0.03;-0.04;0.05;0;0;
24;3024.0;1292.0;-0.06;-0.02;-0.04;0.0748331477355;0;0;
24;2801.0;1293.0;-0.06;-0.02;-0.04;0.0748331477355;0;0;
24;3064.0;1292.0;-0.02;-0.05;-0.03;0.0616441400297;0;0;
24;2919.0;1292.0;0.01;0.0;0.01;0.0141421356237;0;0;
24;2783.0;1295.0;-0.02;-0.05;-0.05;0.0734846922835;0;0;
24;3293.0;1274.0;-0.57;0.43;0.5;0.871665073294;0;0;
24;2972.0;1211.0;-0.14;-1.04;1.52;1.84705170474;0;0;
24;3355.0;1217.0;-0.39;-0.62;1.37;1.55351214994;0;0;
24;2766.0;1225.0;-0.7;0.03;2.92;3.00288194906;0;20;
24;3112.0;1249.0;0.35;0.46;-0.15;0.597159945073;0;15;
24;2888.0;1251.0;-0.28;-0.68;0.21;0.7647875522;0;10;
24;2916.0;1266.0;0.33;0.26;-1.21;1.28085908671;0;5;
24;3117.0;1256.0;0.15;0.32;-0.31;0.470106370942;0;0;
24;2926.0;1254.0;0.34;0.42;-0.83;0.990403957989;0;0;
24;3063.0;1230.0;-0.29;0.1;-0.15;0.341467421579;0;0;
24;2961.0;1173.0;-0.43;-0.04;0.58;0.723118247592;0;0;
24;3118.0;1181.0;-0.42;-0.28;0.94;1.06695829347;0;0;
24;3140.0;966.0;-0.02;-0.11;-0.1;0.15;0;0;
24;2891.0;1039.0;-0.18;-0.13;0.46;0.510783711565;0;0;
24;3112.0;1065.0;0.14;0.01;0.11;0.178325545001;0;0;
24;3028.0;1182.0;0.29;0.13;-0.08;0.327719392163;0;0;
24;2979.0;1213.0;0.01;0.05;-0.13;0.139642400438;0;0;
24;3077.0;1226.0;0.11;0.03;-0.17;0.204694894905;0;0;
24;2980.0;1235.0;0.06;-0.01;-0.2;0.209045449604;0;0;
24;2865.0;1284.0;-0.18;-0.07;0.55;0.582923665672;0;0;
24;2978.0;1295.0;-0.03;-0.21;-0.01;0.212367605816;0;0;
24;2869.0;1295.0;0.03;-0.15;0.14;0.207364413533;0;0;
24;2930.0;1297.0;-0.59;0.0;-0.51;0.779871784334;0;0;
24;3017.0;1302.0;-0.62;-0.09;0.55;0.833666600027;0;0;
24;2909.0;1299.0;-0.62;-0.09;0.55;0.833666600027;0;0;
24;2877.0;1299.0;0.18;0.32;0.32;0.487031826475;0;0;
24;2975.0;1308.0;1.04;0.56;0.13;1.18831813922;0;0;
24;2935.0;1310.0;0.08;-0.03;0.09;0.12409673646;0;0;
24;3055.0;1312.0;0.26;0.11;-0.37;0.465403051129;0;0;
24;2901.0;1315.0;0.01;-0.01;-0.52;0.520192272146;0;0;
24;3063.0;1317.0;0.14;-0.33;-0.62;0.716170370792;0;0;
24;2958.0;1318.0;0.3;-0.2;-0.75;0.832165848855;0;0;
24;2877.0;1318.0;0.49;0.28;-1.2;1.32608446187;0;0;
24;3106.0;1312.0;0.01;0.1;-0.09;0.134907375632;0;0;
24;2904.0;1311.0;0.01;0.1;-0.09;0.134907375632;0;0;
24;3142.0;1312.0;-0.92;-0.33;0.58;1.13652980603;0;0;
24;2880.0;1314.0;-0.82;-0.37;0.95;1.30835774924;0;0;
24;3146.0;1315.0;-0.52;-0.17;0.3;0.623939099592;0;0;
24;2893.0;1114.0;-0.02;0.05;0.05;0.0734846922835;0;0;
24;3166.0;1160.0;0.09;-0.27;0.39;0.482804308183;0;0;
24;2882.0;1176.0;-0.37;-0.32;0.55;0.736070648783;0;0;
24;2919.0;1228.0;-0.56;-0.51;-0.78;1.08724422279;0;0;
24;3041.0;1234.0;-0.86;-0.27;-0.4;0.986154146166;0;0;
24;2868.0;1231.0;-0.9;0.01;0.21;0.924229408751;0;0;
24;2989.0;1243.0;0.02;0.27;-0.57;0.631030902571;0;0;
24;2770.0;1254.0;-0.06;0.7;1.86;1.98826557582;0;0;
24;3214.0;1210.0;0.06;0.66;0.27;0.715611626513;0;0;
24;2963.0;1064.0;0.78;0.48;-1.87;2.08223437682;0;20;
24;3051.0;1127.0;-0.02;0.49;2.38;2.43;0;40;
24;3027.0;1142.0;0.92;0.95;-0.25;1.34588261004;0;35;
24;2741.0;1156.0;1.09;0.39;-0.8;1.40719579306;0;30;
24;3116.0;1168.0;1.02;0.69;-4.15;4.32885666198;0;50;
24;2524.0;1161.0;0.66;-2.52;2.83;3.84641391428;0;70;
24;2781.0;1125.0;-2.53;-0.88;15.14;15.3751390238;0;90;
24;2912.0;1136.0;-1.48;0.01;-1.61;2.18691563623;0;110;
24;3229.0;1191.0;1.38;1.97;-1.2;2.68799181546;0;130;
24;2862.0;1193.0;-0.74;-1.42;0.97;1.87213781544;0;125;
24;3144.0;1207.0;-0.14;-0.21;0.04;0.255538646784;0;120;
24;3176.0;1272.0;0.23;-0.09;-0.85;0.885155353596;0;115;
24;2987.0;1288.0;-0.09;0.13;0.52;0.543507129668;0;110;
24;2992.0;1292.0;-0.06;0.01;0.22;0.22825424421;0;105;
24;2883.0;1297.0;0.07;0.08;-0.44;0.45265881191;0;100;
24;2852.0;1316.0;0.0;-0.01;0.14;0.140356688476;0;95;
24;3090.0;1321.0;0.04;0.1;-0.05;0.11874342087;0;90;
24;2882.0;1323.0;0.08;0.03;-0.32;0.331209903234;0;85;
24;2939.0;1327.0;0.0;0.02;-0.05;0.0538516480713;0;80;
24;2857.0;1330.0;0.06;0.05;-0.08;0.111803398875;0;75;
24;3225.0;1331.0;0.06;0.05;-0.08;0.111803398875;0;70;
24;3059.0;1332.0;0.0;0.04;-0.02;0.04472135955;0;65;
24;2751.0;1333.0;0.0;0.03;0.06;0.067082039325;0;60;
24;3240.0;1333.0;0.02;0.0;-0.06;0.0632455532034;0;55;
24;2872.0;1332.0;-0.01;0.04;-0.07;0.0812403840464;0;50;
24;3218.0;1333.0;0.02;0.07;-0.04;0.0830662386292;0;45;
24;2894.0;1333.0;-0.02;0.07;-0.08;0.108166538264;0;40;
24;2805.0;1334.0;-0.02;0.07;0.08;0.108166538264;0;35;
24;3186.0;1334.0;0.0;0.07;0.08;0.106301458127;0;30;
24;2911.0;1333.0;0.03;0.06;0.0;0.067082039325;0;25;
24;3051.0;1335.0;0.01;0.02;-0.14;0.141774468788;0;20;
24;2890.0;1335.0;0.0;0.04;-0.08;0.0894427191;0;15;
24;2826.0;1334.0;0.01;0.01;-0.02;0.0244948974278;0;10;
24;3220.0;1335.0;0.01;0.0;0.0;0.01;0;5;
24;3069.0;1345.0;0.55;-0.51;0.31;0.811603351398;0;0;
24;3025.0;1356.0;0.44;-0.54;2.33;2.43189226735;0;20;
24;3086.0;1339.0;0.76;-0.26;1.65;1.83512942323;0;15;
24;2908.0;1317.0;-1.55;1.25;4.37;4.80228070816;0;35;
24;3042.0;1305.0;0.53;1.09;-1.13;1.65707573756;0;30;
24;3010.0;1308.0;1.01;-1.69;-1.15;2.28006578852;0;50;
24;2968.0;1312.0;-0.61;0.25;0.44;0.792590688817;0;45;
24;2880.0;1312.0;-0.14;0.53;-0.39;0.672755527662;0;40;
24;3110.0;1314.0;-0.09;0.29;-0.48;0.567978872847;0;35;
24;2911.0;1314.0;0.0;0.06;-0.49;0.493659801888;0;30;
24;3117.0;1318.0;0.0;-0.12;0.57;0.582494635168;0;25;
24;2901.0;1319.0;0.26;-0.04;0.13;0.293428015022;0;20;
24;3132.0;1318.0;0.15;0.03;-0.25;0.293087017795;0;15;
24;2880.0;1313.0;-0.03;0.0;-0.69;0.690651865993;0;10;
24;3260.0;1322.0;1.54;0.49;-0.44;1.67490298226;0;5;
24;2975.0;1325.0;1.25;-0.6;-1.54;2.07222103068;0;25;
24;3064.0;1327.0;-0.56;-0.1;-1.25;1.37335355972;0;20;
24;2889.0;1329.0;-1.34;-0.05;-1.16;1.77304822269;0;15;
24;3125.0;1330.0;-1.53;0.0;-1.56;2.18506292816;0;35;
24;2843.0;1331.0;-0.08;0.47;0.2;0.517010638188;0;30;
24;3116.0;1327.0;-0.14;0.19;-1.47;1.48882504009;0;25;
24;2951.0;1325.0;-0.65;-0.06;-0.68;0.942602779542;0;20;
24;2910.0;1328.0;-0.78;-0.1;0.4;0.882269800005;0;15;
24;3150.0;1329.0;-0.61;-0.45;2.7;2.80438941661;0;35;
24;2848.0;1327.0;-0.11;-0.03;1.79;1.79362760906;0;30;
24;2901.0;1319.0;-0.13;-0.01;1.51;1.51561868555;0;25;
24;2946.0;1290.0;0.12;0.35;-2.21;2.24075880005;0;45;
24;3147.0;1281.0;-0.08;0.34;-0.26;0.435430821142;0;40;
24;2878.0;1299.0;0.11;0.67;1.13;1.31829435256;0;35;
24;2851.0;1284.0;0.07;1.01;1.55;1.85135085816;0;30;
24;3076.0;1237.0;-0.58;0.54;1.22;1.45478520751;0;25;
24;2896.0;1233.0;-0.37;0.01;0.74;0.827405583738;0;20;
24;2850.0;1242.0;-0.45;-0.1;0.26;0.529244744896;0;15;
24;2844.0;1274.0;-0.03;-0.38;0.03;0.382361085886;0;10;
24;3138.0;1197.0;-0.5;-0.19;-0.59;0.796366749683;0;5;
24;2865.0;1189.0;0.01;-0.28;-1.28;1.31030530793;0;0;
24;2866.0;1288.0;-0.03;-0.11;-0.98;0.986610358754;0;0;
24;2977.0;1251.0;0.02;0.08;-1.74;1.74195292703;0;0;
24;2993.0;1258.0;0.02;0.08;-1.74;1.74195292703;0;0;
24;3116.0;1292.0;-0.1;0.24;-0.66;0.709365914039;0;0;
24;2862.0;1300.0;-0.31;0.05;0.31;0.441248229458;0;0;
24;3168.0;1304.0;-0.14;0.01;-0.22;0.260959767014;0;0;
24;2929.0;1313.0;-0.29;-0.38;-1.3;1.38509927442;0;0;
24;2869.0;1251.0;-0.36;0.35;1.17;1.27318498263;0;0;
24;3138.0;1254.0;-0.33;0.48;1.5;1.60913019983;0;0;
24;2845.0;1226.0;-0.47;-0.16;0.25;0.555877684387;0;0;
24;3155.0;1252.0;-0.4;-0.67;-0.5;0.926768579528;0;0;
24;2885.0;1232.0;-0.27;-0.76;-0.87;1.18633890605;0;0;
24;3139.0;1263.0;0.1;0.15;-0.91;0.927685291465;0;0;
24;2870.0;1270.0;0.13;0.41;-0.7;0.821583836258;0;0;
24;3118.0;1274.0;0.09;0.38;-0.44;0.588302643203;0;0;
24;2901.0;1274.0;0.18;0.39;-0.11;0.443395985548;0;0;
24;2995.0;1224.0;0.14;-0.03;1.97;1.97519619279;0;0;
24;2956.0;1206.0;-0.01;-0.16;1.47;1.47871565894;0;0;
24;2886.0;1202.0;-0.06;-0.26;1.17;1.20004166594;0;0;
24;2860.0;1213.0;0.43;-0.63;0.99;1.24975997696;0;0;
24;2986.0;1233.0;0.08;0.11;0.49;0.508527285404;0;0;
24;3028.0;1238.0;-0.16;-0.11;0.27;0.332565782966;0;0;
24;2877.0;1248.0;-0.35;-0.43;-0.34;0.65038450166;0;0;
24;3169.0;1241.0;-0.33;-1.06;0.0;1.11018016556;0;0;
24;2863.0;1254.0;-0.36;-1.07;0.18;1.14319727082;0;0;
24;3209.0;1270.0;0.19;-0.73;-1.08;1.31734581641;0;0;
24;2802.0;1293.0;-0.25;-0.15;-0.21;0.359304884464;0;0;
24;3093.0;1300.0;-0.36;0.47;0.12;0.604069532422;0;0;
24;3084.0;1284.0;0.07;1.03;-0.67;1.23073148981;0;0;
24;2951.0;1292.0;0.08;0.97;-0.75;1.2287391912;0;0;
24;3102.0;1293.0;0.13;0.52;-0.49;0.726223106215;0;0;
24;2976.0;1304.0;-0.2;0.1;0.08;0.237486841741;0;0;
24;2916.0;1299.0;-0.52;-0.26;0.62;0.849941174435;0;0;
24;2871.0;1270.0;-0.48;-0.04;0.73;0.874585616163;0;0;
24;3151.0;1291.0;-0.44;0.14;0.11;0.474657771452;0;0;
24;2892.0;1284.0;0.0;0.02;-0.54;0.540370243444;0;0;
24;3066.0;1265.0;0.03;0.06;-0.51;0.514392845984;0;0;
24;2880.0;1244.0;-0.18;0.68;-0.14;0.717216843082;0;0;
24;3215.0;1263.0;0.44;0.59;-0.35;0.814984662432;0;0;
24;2876.0;1263.0;0.41;0.54;-0.23;0.715960892787;0;0;
24;2900.0;1294.0;0.52;0.33;-0.03;0.616603600379;0;0;
24;2862.0;1305.0;0.32;0.2;0.84;0.920869154658;0;0;
24;3004.0;1311.0;0.44;0.01;0.96;1.05607764866;0;0;
24;2978.0;1291.0;0.37;0.01;0.61;0.713512438574;0;0;
24;2936.0;1291.0;0.2;-0.5;-0.16;0.561782876208;0;0;
24;3018.0;1322.0;0.35;-1.33;1.22;1.83842323745;0;0;
24;2840.0;1329.0;-0.58;-1.4;1.69;2.26991189256;0;20;
24;3185.0;1333.0;0.08;-0.49;-0.1;0.506458290484;0;15;
24;2862.0;1307.0;0.09;-0.34;0.24;0.425793377121;0;10;
24;3213.0;1309.0;-0.13;-0.5;0.59;0.784219357068;0;5;
24;3164.0;1294.0;-0.37;-0.15;0.18;0.437949768809;0;0;
24;3156.0;1270.0;0.21;-0.12;0.0;0.241867732449;0;0;
24;2883.0;1306.0;0.0;0.08;0.25;0.262488094968;0;0;
24;3144.0;1295.0;-0.56;0.35;-1.12;1.30019229347;0;0;
24;2914.0;1284.0;0.68;-0.25;-0.92;1.17102519187;0;0;
24;3190.0;1292.0;0.52;-0.09;-0.32;0.617170964968;0;0;
24;3171.0;1250.0;0.16;0.54;-0.45;0.720902212509;0;0;
24;2866.0;1238.0;0.12;0.29;0.64;0.712811335488;0;0;
24;3194.0;1220.0;0.4;0.2;-0.21;0.494064773081;0;0;
24;2866.0;1251.0;0.46;0.02;-0.68;0.821218606706;0;0;
24;3011.0;1275.0;0.34;-0.26;-0.77;0.880965379569;0;0;
24;2899.0;1283.0;0.27;-0.78;-0.83;1.17055542372;0;0;
24;3149.0;1305.0;-0.05;0.02;0.55;0.552630075186;0;0;
24;2865.0;1291.0;-0.41;0.23;0.99;1.09594707901;0;0;
24;3146.0;1270.0;-0.23;0.34;0.73;0.837496268648;0;0;
24;2900.0;1335.0;-0.17;-0.23;-0.16;0.327719392163;0;0;
24;2986.0;1287.0;-0.01;0.53;-0.72;0.89409171789;0;0;
24;2831.0;1264.0;0.46;0.41;-0.61;0.867064011478;0;0;
24;3081.0;1244.0;0.19;0.73;-1.08;1.31734581641;0;0;
24;2847.0;1217.0;0.05;0.31;-0.27;0.414125584817;0;0;
24;2946.0;1712.0;0.05;-0.13;-0.82;0.831745153277;0;0;
24;2890.0;1098.0;-0.26;0.25;0.4;0.53860932038;0;0;
24;3162.0;1253.0;-0.42;-0.37;1.56;1.65737744645;0;0;
24;2833.0;1170.0;-0.54;-0.26;2.12;2.20308874084;0;20;
24;3215.0;1112.0;-0.25;-0.95;0.4;1.06066017178;0;15;
24;2874.0;1111.0;-0.78;-0.54;2.45;2.62726093108;0;35;
24;3108.0;1098.0;-0.84;-0.34;2.59;2.74395699675;0;55;
24;3147.0;1023.0;-1.47;-0.75;0.37;1.69124214706;0;50;
24;2825.0;1045.0;-1.1;-0.93;-1.37;1.987913479;0;45;
24;3172.0;1057.0;-0.37;-0.45;-2.46;2.52804272116;0;65;
24;2911.0;1118.0;0.71;0.42;-2.96;3.07280002603;0;85;
24;2815.0;1212.0;0.41;1.25;-0.21;1.3321786667;0;80;
24;3029.0;1268.0;0.5;1.43;-0.12;1.51963811482;0;75;
24;3140.0;1266.0;0.55;0.1;-2.75;2.80624304008;0;95;
24;2922.0;1307.0;-0.14;0.18;-0.14;0.267581763205;0;90;
24;3189.0;1273.0;-0.28;0.33;0.79;0.900777441991;0;85;
24;2809.0;1292.0;-0.8;0.12;1.72;1.90073669928;0;80;
24;3033.0;1275.0;-0.35;-0.92;0.0;0.984327181378;0;75;
24;2883.0;1280.0;-0.21;-1.18;-0.25;1.22433655504;0;70;
24;3214.0;1319.0;0.18;0.31;0.96;1.02474387044;0;65;
24;2851.0;1370.0;0.41;-0.09;0.89;0.98402235747;0;60;
24;2966.0;1342.0;-0.26;0.28;2.42;2.44997959175;0;80;
24;2908.0;1290.0;0.0;-0.12;-0.42;0.436806593357;0;75;
24;2999.0;1289.0;-0.51;0.03;1.29;1.38747972958;0;70;
24;2963.0;1290.0;-1.11;-0.28;1.24;1.68763147636;0;65;
24;3241.0;1303.0;-0.19;-1.0;-2.66;2.84810463291;0;85;
24;3040.0;1305.0;-0.06;0.35;-0.05;0.358608421541;0;80;
24;2838.0;1369.0;0.02;0.7;0.86;1.10905365064;0;75;
24;3127.0;1162.0;0.09;0.55;1.65;1.74157974265;0;70;
24;2846.0;1176.0;-0.04;0.31;1.93;1.95514705329;0;65;
24;3179.0;1186.0;-0.19;0.29;2.11;2.13829371229;0;85;
24;2855.0;1275.0;-0.02;-0.42;-0.11;0.434626276242;0;80;
24;2907.0;1239.0;0.06;-0.29;-0.29;0.414487635521;0;75;
24;2840.0;1234.0;-0.01;-0.01;-0.33;0.330302891298;0;70;
24;3148.0;1247.0;-0.1;0.18;-0.67;0.700927956355;0;65;
24;2954.0;1222.0;0.23;0.74;-5.33;5.38603750451;0;85;
24;3057.0;1244.0;0.58;-0.14;-5.33;5.36329189957;0;105;
24;3003.0;1255.0;0.34;0.12;-4.9;4.91324739862;0;125;
24;2862.0;1159.0;0.37;1.52;0.45;1.62782062894;0;120;
24;2819.0;1143.0;0.0;1.45;2.47;2.86415781688;0;140;
24;2837.0;1123.0;-0.04;1.22;3.75;3.94366580734;0;160;
24;3095.0;1079.0;-0.98;-0.44;5.61;5.71192611997;0;180;
24;2857.0;1063.0;-1.0;-0.64;5.08;5.21689562863;0;200;
24;2835.0;1064.0;-1.0;-0.34;4.63;4.74894725176;0;220;
24;2813.0;1016.0;-0.38;-0.13;1.13;1.19924976548;0;215;
24;3070.0;1083.0;-0.29;0.2;-1.31;1.3565397156;0;210;
24;2814.0;971.0;-0.27;0.28;-1.86;1.90023682735;0;205;
24;2835.0;1024.0;0.06;0.53;-4.4;4.43221163755;0;225;
24;3155.0;1012.0;0.02;0.43;-4.39;4.41105429574;0;245;
24;2853.0;1007.0;0.05;0.54;-4.26;4.29438004839;0;265;
24;3173.0;995.0;-0.3;-0.21;-2.77;2.79410092874;0;285;
24;2890.0;1075.0;-0.08;0.4;-0.25;0.478434948556;0;280;
24;3092.0;1089.0;-0.43;1.5;2.03;2.56042965145;0;300;
24;3144.0;1170.0;-0.14;0.54;4.28;4.3162020342;0;320;
24;2880.0;1215.0;-0.54;-0.52;4.84;4.89771375235;0;340;
24;2817.0;1194.0;-0.8;-0.64;4.89;4.99616853199;0;360;
24;3005.0;1104.0;-0.51;-0.13;1.91;1.98118651318;0;355;
24;2805.0;1081.0;-0.41;0.03;-0.24;0.476025209416;0;350;
24;3134.0;948.0;-0.2;0.08;-1.33;1.34733069437;0;345;
24;3131.0;998.0;-0.05;0.41;-3.08;3.10757139902;0;365;
24;2948.0;1086.0;0.23;0.57;-4.54;4.58141899415;0;385;
24;2885.0;1097.0;0.19;0.56;-4.64;4.67753140022;0;405;
24;3132.0;1138.0;0.3;0.75;-2.4;2.53229145242;0;425;
24;2830.0;1127.0;0.1;0.35;0.18;0.406078810085;0;420;
24;3213.0;1124.0;0.1;0.35;0.18;0.406078810085;0;415;
24;2893.0;1154.0;-0.32;0.18;4.33;4.34553794138;0;435;
24;2859.0;1167.0;-0.67;-0.44;4.81;4.87633058764;0;455;
24;2837.0;1172.0;-0.75;-0.39;4.92;4.99209374912;0;475;
24;3169.0;1176.0;-0.72;-0.29;4.1;4.17282877674;0;495;
24;2816.0;1188.0;-0.72;-0.01;1.51;1.67290167075;0;490;
24;3063.0;1170.0;-0.55;0.0;0.0;0.55;0;485;
24;2833.0;1164.0;-0.49;0.04;-0.57;0.752728370662;0;480;
24;3119.0;1167.0;0.1;0.43;-4.22;4.24302957803;0;500;
24;2878.0;1155.0;0.47;0.59;-4.46;4.52333947433;0;520;
24;2854.0;1150.0;0.37;0.75;-4.59;4.66556534624;0;540;
24;2880.0;1171.0;0.5;0.38;-1.98;2.07720966684;0;560;
24;3242.0;1191.0;0.04;0.62;1.03;1.20287156422;0;555;
24;2847.0;1189.0;0.38;0.85;1.32;1.61533278305;0;550;
24;2996.0;1189.0;0.24;1.31;2.65;2.96583883581;0;570;
24;2885.0;1208.0;-0.75;0.03;5.0;5.05602610753;0;590;
24;2863.0;1223.0;-0.99;-0.29;4.5;4.61673044481;0;610;
24;3179.0;1228.0;-0.88;-0.21;3.83;3.93540341007;0;630;
24;2838.0;1232.0;-0.56;-0.24;-0.54;0.814125297482;0;625;
24;3159.0;1195.0;-0.08;0.14;-2.42;2.42536595177;0;645;
24;2870.0;1183.0;-0.05;0.2;-2.87;2.87739465489;0;665;
24;2832.0;1171.0;0.04;0.33;-3.39;3.40625894494;0;685;
24;2883.0;1119.0;0.15;0.62;-4.08;4.12956414165;0;705;
24;3213.0;1108.0;0.33;0.35;-3.77;3.80056574736;0;725;
24;2854.0;1106.0;0.19;0.35;-3.01;3.03623121649;0;745;
24;2815.0;1117.0;0.46;0.88;1.05;1.44516435052;0;740;
24;2999.0;1101.0;0.11;0.52;3.45;3.49070193514;0;760;
24;2823.0;1097.0;0.14;0.18;3.39;3.39766096013;0;780;
24;2818.0;1077.0;-0.79;-0.13;4.65;4.71842134617;0;800;
24;3141.0;1072.0;-0.81;-0.21;3.74;3.83246656867;0;820;
24;2850.0;1069.0;-0.78;-0.22;3.23;3.33012011795;0;840;
24;2802.0;1061.0;-0.26;0.13;-1.1;1.13776095908;0;835;
24;2980.0;1063.0;0.02;0.17;-2.58;2.58567205964;0;855;
24;2850.0;1068.0;0.08;0.21;-3.1;3.10813448872;0;875;
24;3162.0;1078.0;0.1;0.28;-3.6;3.61225691224;0;895;
24;2862.0;1124.0;0.14;0.35;-4.12;4.13720920428;0;915;
24;3130.0;1136.0;0.04;0.08;-3.49;3.49114594367;0;935;
24;2872.0;1140.0;-0.01;0.11;-3.09;3.09197347983;0;955;
24;2928.0;1148.0;-0.01;-0.13;-0.19;0.230434372436;0;950;
24;2933.0;1164.0;-0.24;0.92;3.92;4.03365838911;0;970;
24;2850.0;1167.0;-0.09;0.98;5.4;5.48894343203;0;990;
24;2868.0;1180.0;-0.73;0.0;4.02;4.08574350639;1;1010;
24;3079.0;1194.0;-0.57;-0.03;2.41;2.47667115298;1;1030;
24;2904.0;1199.0;-0.53;0.07;1.75;1.82983605823;1;1025;
24;3164.0;1219.0;0.06;0.17;-2.3;2.30705439901;1;1045;
24;2856.0;1226.0;0.22;-0.04;-3.87;3.87645456571;1;1065;
24;2966.0;1228.0;0.37;0.01;-4.06;4.07683700925;1;1085;
24;2976.0;1230.0;0.37;0.01;-4.06;4.07683700925;1;1105;
24;2859.0;1240.0;0.23;0.37;-3.27;3.29889375397;1;1125;
24;3190.0;1243.0;0.21;0.17;-1.76;1.78061787029;1;1120;
24;2855.0;1243.0;0.21;0.17;-1.13;1.16185196992;1;1115;
24;3063.0;1179.0;-0.04;0.26;3.42;3.4301020393;1;1135;
24;2826.0;1140.0;-0.81;0.16;4.92;4.98879745029;1;1155;
24;3159.0;1130.0;-0.72;-0.03;4.69;4.74503951511;1;1175;
24;2827.0;1084.0;-0.79;-0.11;2.43;2.55755742849;1;1195;
24;2810.0;1071.0;-0.63;0.0;0.66;0.912414379545;1;1190;
24;3145.0;1068.0;-0.28;-0.02;-0.35;0.448664685483;1;1185;
24;2835.0;1052.0;0.35;0.18;-3.56;3.58168954545;1;1205;
24;2886.0;1049.0;0.38;0.46;-3.81;3.85643617865;1;1225;
24;2847.0;1046.0;0.4;0.48;-3.93;3.9793592449;1;1245;
24;3190.0;1039.0;0.37;0.21;-2.6;2.63457776503;1;1265;
24;2824.0;1036.0;0.22;0.22;-0.53;0.614573022512;1;1260;
24;3126.0;1035.0;0.24;0.24;-0.09;0.351140997322;1;1255;
24;2797.0;1030.0;-0.05;0.18;3.61;3.61483056311;1;1275;
24;2999.0;1030.0;-0.57;0.13;4.74;4.77591875978;1;1295;
24;2817.0;1031.0;-0.62;-0.1;4.37;4.41489524225;1;1315;
24;3158.0;1031.0;-0.74;-0.22;4.36;4.4278211346;1;1335;
24;2813.0;1029.0;-0.49;-0.13;0.79;0.93866927083;1;1330;
24;2891.0;1030.0;-0.33;0.03;-0.75;0.819939022123;1;1325;
24;3025.0;1030.0;-0.22;0.08;-1.17;1.19318900431;1;1320;
24;2828.0;1030.0;-0.09;0.14;-1.68;1.6882239188;1;1315;
24;2836.0;1030.0;0.08;0.16;-2.52;2.52634122794;1;1335;
24;2838.0;1029.0;0.32;0.58;-3.71;3.76867350669;1;1355;
24;2946.0;1028.0;0.23;0.53;-3.36;3.40931078079;1;1375;
24;2947.0;1029.0;0.35;0.41;-3.39;3.43259377148;1;1395;
24;2828.0;1027.0;0.35;0.44;-0.99;1.13850779532;1;1390;
24;3100.0;1037.0;0.18;0.48;0.51;0.723118247592;1;1385;
24;2793.0;1041.0;0.03;0.71;1.42;1.58789168396;1;1380;
24;2818.0;1056.0;-0.71;-0.13;3.32;3.39755794653;1;1400;
24;2874.0;1065.0;-0.88;-0.14;3.27;3.38923295157;1;1420;
24;2812.0;1070.0;-0.74;-0.15;2.72;2.82285316657;1;1440;
24;3145.0;1106.0;-0.22;0.1;0.76;0.797496081495;1;1435;
24;2850.0;1098.0;0.11;0.33;-0.6;0.693541635376;1;1430;
24;3030.0;1100.0;0.25;0.32;-0.9;0.98737024464;1;1425;
24;3064.0;1098.0;0.48;0.25;-1.84;1.91794160495;1;1420;
24;2840.0;1106.0;0.71;0.74;-2.98;3.15152344113;1;1440;
24;3185.0;1109.0;0.69;0.83;-2.99;3.17885199404;1;1460;
24;2871.0;1137.0;0.43;0.55;-1.3;1.47560157224;1;1455;
24;3177.0;1101.0;0.09;0.06;0.94;0.946202938064;1;1450;
24;2830.0;1099.0;0.09;0.06;0.94;0.946202938064;1;1445;
24;3120.0;1103.0;-0.18;0.0;2.02;2.02800394477;1;1465;
24;3035.0;1121.0;-1.15;-0.54;4.01;4.20644743222;1;1485;
24;2867.0;1125.0;-1.23;-0.41;3.99;4.19536649174;1;1505;
24;2975.0;1128.0;-1.05;-0.33;3.2;3.38399172576;1;1525;
24;2822.0;1126.0;-0.35;0.06;-0.4;0.534883164813;1;1520;
24;3144.0;1125.0;0.0;0.18;-1.63;1.63990853403;1;1515;
24;2832.0;1124.0;0.01;0.28;-2.09;2.1086962797;1;1535;
24;2842.0;1117.0;0.37;0.6;-3.76;3.82550650241;1;1555;
24;2827.0;1117.0;-0.23;0.43;-2.14;2.19485762636;1;1575;
24;3005.0;1116.0;-0.42;0.42;-2.05;2.13431487836;1;1595;
24;2848.0;1118.0;-0.12;-0.04;-2.35;2.35340179315;1;1615;
24;2933.0;1137.0;-0.34;0.25;-1.02;1.10385687478;1;1610;
24;3021.0;1147.0;-0.36;0.39;1.31;1.4134355309;1;1605;
24;2863.0;1146.0;-0.32;0.32;1.65;1.71093541667;1;1600;
24;2861.0;1157.0;-0.11;0.39;1.26;1.32355581673;1;1595;
24;2939.0;1164.0;0.37;0.56;0.67;0.948367017562;1;1590;
24;2923.0;1143.0;0.51;0.44;0.89;1.11615411122;1;1585;
24;2826.0;1157.0;0.42;0.41;1.17;1.30896905999;1;1580;
24;3032.0;1164.0;0.41;0.38;1.1;1.23389626793;1;1575;
24;3019.0;1161.0;0.21;0.11;0.15;0.280535202782;1;1570;
24;3187.0;1163.0;0.02;0.33;-0.1;0.345398320783;1;1565;
24;2878.0;1231.0;0.09;0.21;-0.14;0.267955220139;1;1560;
24;2855.0;1214.0;-0.27;-0.39;-0.36;0.595482997238;1;1555;
24;3070.0;1270.0;-0.48;-0.02;1.28;1.36718689286;1;1550;
24;2859.0;1175.0;-0.27;0.04;0.25;0.370135110466;1;1545;
24;3241.0;1220.0;-0.19;-0.03;0.21;0.284780617318;1;1540;
24;2921.0;1139.0;0.47;0.03;0.32;0.569385633819;1;1535;
24;2852.0;1095.0;0.03;-0.04;1.39;1.39089898986;1;1530;
24;2811.0;1079.0;0.18;0.1;0.85;0.874585616163;1;1525;
24;3112.0;1093.0;-0.05;0.11;-0.64;0.651306379517;1;1520;
24;3148.0;1221.0;0.48;-0.33;0.58;0.822009732302;1;1515;
24;2820.0;1204.0;0.56;-0.01;1.49;1.59179144363;1;1510;
24;3133.0;1186.0;0.44;0.1;0.38;0.58991524815;1;1505;
24;3059.0;1245.0;0.3;0.21;-1.29;1.34096979832;1;1500;
24;2897.0;1246.0;0.15;-0.81;4.78;4.85046389534;1;1520;
24;3069.0;1234.0;-1.36;1.18;8.4;8.59080904223;1;1540;
24;2977.0;1264.0;0.15;0.53;-0.55;0.778395786217;1;1535;
24;2832.0;1276.0;-0.06;-0.26;-0.5;0.566745092612;1;1530;
24;3068.0;1284.0;-0.3;-0.24;1.12;1.18406080925;1;1525;
24;2844.0;1301.0;0.13;0.33;0.6;0.696993543729;1;1520;
24;3024.0;1307.0;0.01;-0.08;-0.06;0.100498756211;1;1515;
24;2856.0;1309.0;0.0;0.09;0.02;0.0921954445729;1;1510;
24;3190.0;1313.0;0.1;0.07;0.12;0.171172427686;1;1505;
24;2942.0;1319.0;0.96;-0.11;-0.46;1.07018689956;1;1500;
24;2862.0;1336.0;-2.45;-0.41;3.39;4.20270151212;1;1520;
24;3388.0;1336.0;-0.77;0.99;-1.02;1.61660137325;1;1515;
24;2831.0;1317.0;-0.09;0.12;0.16;0.219317121995;1;1510;
24;2943.0;1314.0;0.09;-0.63;-0.84;1.05385008422;1;1505;
24;2867.0;1314.0;0.17;-0.26;-0.33;0.453210767745;1;1500;
24;3084.0;1312.0;0.11;0.15;0.11;0.21610182785;1;1495;
24;2872.0;1285.0;0.23;0.2;-0.69;0.754320886626;1;1490;
24;2799.0;1201.0;0.34;0.62;-0.59;0.920923449587;1;1485;
24;3207.0;1198.0;0.22;0.1;-0.7;0.740540343263;1;1480;
24;3015.0;1217.0;1.71;2.08;-3.18;4.1668813278;1;1500;
24;3041.0;1191.0;-0.37;-0.08;1.86;1.89813065936;1;1495;
24;2985.0;1085.0;-0.01;0.35;0.53;0.635216498526;1;1490;
24;3198.0;1187.0;0.17;0.39;-0.24;0.488466989673;1;1485;
24;2863.0;1225.0;-0.04;0.04;0.26;0.266082693913;1;1480;
24;2819.0;1236.0;-0.01;0.05;0.32;0.32403703492;1;1475;
24;3174.0;1281.0;0.04;0.12;-0.02;0.128062484749;1;1470;
24;2778.0;1291.0;0.0;0.06;0.21;0.218403296678;1;1465;
24;3181.0;1295.0;0.02;0.13;0.06;0.144568322948;1;1460;
24;2787.0;1309.0;-0.01;0.09;0.16;0.183847763109;1;1455;
24;2922.0;1313.0;0.01;0.1;0.0;0.100498756211;1;1450;
24;2769.0;1314.0;0.01;0.04;0.13;0.13638181697;1;1445;
24;2854.0;1320.0;0.02;0.04;0.06;0.0748331477355;1;1440;
24;2942.0;1322.0;0.03;0.1;0.0;0.104403065089;1;1435;
24;2779.0;1322.0;0.04;0.12;0.04;0.132664991614;1;1430;
24;3033.0;1323.0;0.03;0.05;-0.02;0.0616441400297;1;1425;
24;2852.0;1325.0;0.0;0.05;0.06;0.0781024967591;1;1420;
24;3193.0;1325.0;0.01;0.07;0.03;0.0768114574787;1;1415;
24;2927.0;1326.0;0.03;0.08;0.07;0.110453610172;1;1410;
24;2911.0;1325.0;0.06;0.09;-0.07;0.128840987267;1;1405;
24;3111.0;1326.0;0.0;0.07;0.01;0.0707106781187;1;1400;
24;2978.0;1326.0;0.02;0.04;0.05;0.067082039325;1;1395;
24;3026.0;1328.0;0.0;0.05;0.06;0.0781024967591;1;1390;
24;3111.0;1327.0;0.03;0.09;0.03;0.0994987437107;1;1385;
24;2881.0;1326.0;0.03;0.07;0.04;0.0860232526704;1;1380;
24;3205.0;1327.0;-0.01;0.06;0.04;0.0728010988928;1;1375;
24;2921.0;1327.0;-0.01;0.06;-0.07;0.092736184955;1;1370;
24;2874.0;1327.0;0.03;0.08;0.04;0.0943398113206;1;1365;
24;3133.0;1327.0;0.05;0.11;0.01;0.12124355653;1;1360;
24;2956.0;1327.0;0.05;0.08;-0.01;0.0948683298051;1;1355;
24;3018.0;1326.0;0.05;0.07;-0.01;0.0866025403784;1;1350;
24;2829.0;1328.0;0.05;0.07;-0.01;0.0866025403784;1;1345;
24;3237.0;1327.0;0.08;0.08;-0.35;0.367831483155;1;1340;
24;3028.0;1326.0;0.09;0.05;-0.02;0.104880884817;1;1335;
24;2853.0;1327.0;0.13;0.02;-0.23;0.26495282599;1;1330;
24;3233.0;1327.0;0.09;0.06;-0.2;0.227376340018;1;1325;
24;2729.0;1327.0;0.02;0.03;-0.01;0.0374165738677;1;1320;
24;3133.0;1327.0;0.06;0.08;-0.19;0.214709105536;1;1315;
24;2854.0;1328.0;0.11;0.04;-0.22;0.249198715888;1;1310;
24;3244.0;1329.0;0.01;0.03;-0.09;0.0953939201417;1;1305;
24;3100.0;1326.0;-0.01;0.05;0.01;0.0519615242271;1;1300;
24;2820.0;1327.0;0.05;0.05;0.04;0.0812403840464;1;1295;
24;3243.0;1329.0;0.03;0.13;0.06;0.146287388383;1;1290;
24;2841.0;1327.0;0.01;0.08;0.07;0.10677078252;1;1285;
24;3186.0;1326.0;0.03;0.05;-0.01;0.059160797831;1;1280;
24;2830.0;1327.0;0.01;0.04;0.15;0.155563491861;1;1275;
24;2774.0;1326.0;-0.01;0.07;0.08;0.10677078252;1;1270;
24;3233.0;1327.0;0.06;0.07;-0.03;0.0969535971483;1;1265;
24;2851.0;1327.0;0.03;0.05;0.05;0.0768114574787;1;1260;
24;3128.0;1326.0;0.01;0.06;0.02;0.0640312423743;1;1255;
24;2795.0;1326.0;0.0;0.07;-0.03;0.0761577310586;1;1250;
24;3099.0;1327.0;0.05;0.05;0.0;0.0707106781187;1;1245;
24;2823.0;1326.0;0.03;0.03;0.07;0.0818535277187;1;1240;
24;3035.0;1326.0;0.0;0.06;0.0;0.06;1;1235;
24;2888.0;1327.0;0.02;0.05;0.0;0.0538516480713;1;1230;
24;2795.0;1326.0;0.03;0.04;0.05;0.0707106781187;1;1225;
24;3130.0;1326.0;0.0;0.07;0.01;0.0707106781187;1;1220;
24;2892.0;1328.0;0.0;0.08;-0.06;0.1;1;1215;
24;3021.0;1327.0;0.0;0.08;-0.06;0.1;1;1210;
24;2804.0;1327.0;0.03;0.05;0.01;0.059160797831;1;1205;
24;3093.0;1327.0;0.07;0.03;-0.04;0.0860232526704;1;1200;
24;2865.0;1327.0;0.0;0.1;-0.04;0.107703296143;1;1195;
24;2924.0;1327.0;0.05;-0.01;0.02;0.0547722557505;1;1190;
24;3233.0;1329.0;0.02;0.05;0.03;0.0616441400297;1;1185;
24;2888.0;1326.0;0.0;0.08;-0.04;0.0894427191;1;1180;
24;2792.0;1326.0;0.06;0.02;0.0;0.0632455532034;1;1175;
24;3112.0;1327.0;0.05;0.0;0.0;0.05;1;1170;
24;3229.0;1329.0;0.02;0.09;0.0;0.0921954445729;1;1165;
24;2852.0;1327.0;0.0;0.07;0.0;0.07;1;1160;
24;3022.0;1328.0;0.06;0.04;0.02;0.0748331477355;1;1155;
24;3244.0;1328.0;0.03;0.06;0.02;0.07;1;1150;
24;2868.0;1325.0;0.0;0.06;0.01;0.060827625303;1;1145;
24;3147.0;1328.0;0.04;0.03;0.04;0.0640312423743;1;1140;
24;2760.0;1326.0;0.01;0.08;0.04;0.09;1;1135;
24;3151.0;1328.0;0.02;0.08;-0.08;0.114891252931;1;1130;
24;2905.0;1328.0;0.0;0.09;-0.01;0.0905538513814;1;1125;
24;2787.0;1327.0;0.05;0.0;0.07;0.0860232526704;1;1120;
24;3215.0;1328.0;0.0;0.07;0.0;0.07;1;1115;
24;2878.0;1327.0;0.01;0.1;-0.01;0.100995049384;1;1110;
24;3204.0;1329.0;0.07;0.04;-0.01;0.0812403840464;1;1105;
24;2794.0;1327.0;0.06;-0.01;0.02;0.0640312423743;1;1100;
24;3137.0;1327.0;0.0;0.03;-0.02;0.0360555127546;1;1095;
24;2860.0;1326.0;0.0;0.02;0.0;0.02;1;1090;
24;2983.0;1328.0;0.04;0.05;0.02;0.067082039325;1;1085;
24;3039.0;1328.0;0.04;0.01;-0.07;0.0812403840464;1;1080;
24;2799.0;1327.0;0.04;0.11;0.01;0.117473401245;1;1075;
24;3201.0;1328.0;0.02;0.05;0.03;0.0616441400297;1;1070;
24;2851.0;1327.0;-0.01;0.07;0.01;0.0714142842854;1;1065;
24;3244.0;1328.0;0.02;0.0;0.0;0.02;1;1060;
24;2892.0;1327.0;0.03;0.06;0.0;0.067082039325;1;1055;
24;3120.0;1327.0;0.04;0.05;0.01;0.0648074069841;1;1050;
24;2882.0;1326.0;0.07;0.06;0.04;0.100498756211;1;1045;
24;2850.0;1326.0;0.0;0.1;-0.04;0.107703296143;1;1040;
24;3268.0;1328.0;0.0;0.02;-0.03;0.0360555127546;1;1035;
24;2869.0;1326.0;0.01;0.06;-0.04;0.0728010988928;1;1030;
24;2768.0;1327.0;0.05;0.0;-0.03;0.0583095189485;1;1025;
24;2937.0;1327.0;-0.01;0.11;0.0;0.110453610172;1;1020;
24;2846.0;1328.0;0.03;0.12;-0.05;0.133416640641;1;1015;
24;3237.0;1327.0;-0.01;0.08;0.03;0.0860232526704;1;1010;
24;2832.0;1327.0;0.01;0.08;0.0;0.080622577483;1;1005;
24;3190.0;1327.0;0.01;0.08;0.0;0.080622577483;1;1000;
24;3275.0;1328.0;0.03;0.07;0.06;0.0969535971483;1;995;
24;2840.0;1326.0;0.04;0.03;0.04;0.0640312423743;1;990;
24;3219.0;1328.0;0.0;0.07;-0.05;0.0860232526704;1;985;
24;2898.0;1326.0;0.0;0.09;0.0;0.09;1;980;
24;3153.0;1327.0;0.05;0.06;0.04;0.0877496438739;1;975;
24;2889.0;1326.0;0.01;0.1;0.02;0.10246950766;1;970;
24;2901.0;1328.0;0.06;0.07;0.05;0.104880884817;1;965;
24;3246.0;1327.0;0.02;0.12;-0.01;0.122065556157;1;960;
24;2866.0;1326.0;0.01;0.09;-0.06;0.108627804912;1;955;
24;3246.0;1329.0;0.03;0.04;0.0;0.05;1;950;
24;2860.0;1328.0;0.02;0.1;-0.01;0.10246950766;1;945;
24;3248.0;1328.0;-0.01;0.09;0.0;0.0905538513814;1;940;
24;2875.0;1326.0;0.01;0.11;-0.04;0.117473401245;1;935;
24;3192.0;1328.0;0.03;0.02;0.08;0.0877496438739;1;930;
24;2878.0;1326.0;0.02;0.07;-0.03;0.0787400787401;1;925;
24;2759.0;1328.0;0.07;0.04;-0.01;0.0812403840464;1;920;
24;2941.0;1327.0;0.03;0.06;0.01;0.0678232998313;1;915;
24;2861.0;1325.0;0.03;0.08;0.02;0.0877496438739;1;910;
24;2986.0;1326.0;0.0;0.06;-0.03;0.067082039325;1;905;
24;2882.0;1326.0;0.05;0.05;0.03;0.0768114574787;1;900;
24;3223.0;1328.0;0.02;0.0;0.01;0.022360679775;1;895;
24;2877.0;1325.0;0.02;0.06;0.06;0.0871779788708;1;890;
24;2999.0;1328.0;0.04;0.01;0.06;0.0728010988928;1;885;
24;3037.0;1326.0;0.07;0.01;-0.02;0.0734846922835;1;880;
24;2840.0;1326.0;0.0;0.13;-0.06;0.143178210633;1;875;
24;2850.0;1327.0;0.04;0.07;-0.03;0.0860232526704;1;870;
24;3097.0;1327.0;0.0;0.09;0.02;0.0921954445729;1;865;
24;2825.0;1327.0;0.05;0.01;0.04;0.0648074069841;1;860;
24;2743.0;1328.0;0.0;0.09;-0.03;0.0948683298051;1;855;
24;2908.0;1327.0;0.04;0.06;-0.01;0.0728010988928;1;850;
24;2755.0;1327.0;0.03;0.07;0.04;0.0860232526704;1;845;
24;2934.0;1327.0;0.02;0.03;0.02;0.0412310562562;1;840;
24;2895.0;1327.0;0.03;0.08;-0.01;0.0860232526704;1;835;
24;2777.0;1327.0;0.02;0.05;-0.05;0.0734846922835;1;830;
24;3198.0;1327.0;0.06;0.03;-0.05;0.0836660026534;1;825;
24;2767.0;1326.0;0.02;0.02;0.03;0.0412310562562;1;820;
24;3130.0;1328.0;0.02;0.11;0.01;0.112249721603;1;815;
24;2841.0;1326.0;0.08;0.03;0.04;0.0943398113206;1;810;
24;3152.0;1327.0;0.0;0.08;-0.09;0.120415945788;1;805;
24;2832.0;1327.0;0.0;0.08;-0.09;0.120415945788;1;800;
24;2858.0;1327.0;0.02;0.07;-0.05;0.0883176086633;1;795;
24;3222.0;1328.0;0.01;0.07;0.05;0.0866025403784;1;790;
24;2869.0;1327.0;0.07;0.04;0.03;0.0860232526704;1;785;
24;2760.0;1326.0;0.04;0.02;0.08;0.0916515138991;1;780;
24;2855.0;1326.0;0.01;0.12;-0.01;0.120830459736;1;775;
24;3115.0;1328.0;0.03;0.04;0.0;0.05;1;770;
24;3233.0;1327.0;0.02;0.08;0.0;0.0824621125124;1;765;
24;2899.0;1326.0;0.01;0.08;-0.02;0.0830662386292;1;760;
24;2850.0;1327.0;0.04;0.03;-0.05;0.0707106781187;1;755;
24;3232.0;1328.0;0.02;0.09;-0.03;0.0969535971483;1;750;
24;2856.0;1327.0;0.02;0.07;-0.01;0.0734846922835;1;745;
24;3237.0;1328.0;0.02;0.1;0.0;0.101980390272;1;740;
24;2856.0;1327.0;0.03;0.02;0.04;0.0538516480713;1;735;
24;2997.0;1328.0;0.01;0.07;0.03;0.0768114574787;1;730;
24;2852.0;1326.0;0.0;0.06;-0.1;0.116619037897;1;725;
24;3125.0;1329.0;0.0;0.09;-0.03;0.0948683298051;1;720;
24;3219.0;1328.0;0.02;0.08;-0.02;0.0848528137424;1;715;
24;2804.0;1327.0;0.03;0.05;0.02;0.0616441400297;1;710;
24;3193.0;1328.0;0.03;0.05;0.02;0.0616441400297;1;705;
24;2911.0;1326.0;0.04;0.02;0.06;0.0748331477355;1;700;
24;3062.0;1328.0;0.02;0.09;-0.03;0.0969535971483;1;695;
24;3050.0;1326.0;0.02;0.04;0.03;0.0538516480713;1;690;
24;2844.0;1328.0;0.05;0.05;-0.01;0.0714142842854;1;685;
24;3240.0;1329.0;0.02;0.03;-0.03;0.0469041575982;1;680;
24;2891.0;1327.0;0.01;0.07;0.03;0.0768114574787;1;675;
24;2825.0;1327.0;0.04;0.06;0.0;0.0721110255093;1;670;
24;3251.0;1329.0;0.04;0.07;0.01;0.0812403840464;1;665;
24;2867.0;1327.0;0.03;0.04;0.01;0.0509901951359;1;660;
24;3245.0;1328.0;0.03;0.05;-0.07;0.0911043357914;1;655;
24;2905.0;1328.0;0.01;0.09;-0.01;0.0911043357914;1;650;
24;2950.0;1328.0;0.0;0.05;0.0;0.05;1;645;
24;3080.0;1328.0;0.05;0.03;0.0;0.0583095189485;1;640;
24;2747.0;1328.0;0.04;0.07;0.01;0.0812403840464;1;635;
24;3206.0;1329.0;0.0;0.01;0.04;0.0412310562562;1;630;
24;2871.0;1326.0;0.02;0.05;-0.02;0.0574456264654;1;625;
24;2795.0;1327.0;0.05;0.07;0.0;0.0860232526704;1;620;
24;3125.0;1327.0;0.02;0.08;0.01;0.0830662386292;1;615;
24;2872.0;1327.0;0.05;0.02;0.0;0.0538516480713;1;610;
24;3086.0;1327.0;0.01;0.07;-0.04;0.0812403840464;1;605;
24;2896.0;1325.0;0.02;0.05;-0.02;0.0574456264654;1;600;
24;2846.0;1326.0;0.03;0.07;-0.02;0.0787400787401;1;595;
24;2759.0;1326.0;0.03;0.04;0.03;0.0583095189485;1;590;
24;3236.0;1327.0;0.05;0.03;0.0;0.0583095189485;1;585;
24;2851.0;1327.0;0.01;0.07;0.01;0.0714142842854;1;580;
24;3165.0;1327.0;0.07;0.05;-0.01;0.0866025403784;1;575;
24;2852.0;1327.0;0.01;0.06;-0.03;0.0678232998313;1;570;
24;3198.0;1329.0;0.04;0.02;0.04;0.06;1;565;
24;2876.0;1327.0;0.03;0.11;-0.01;0.114455231423;1;560;
24;3247.0;1329.0;0.01;0.03;0.04;0.0509901951359;1;555;
24;2880.0;1326.0;0.03;0.05;0.0;0.0583095189485;1;550;
24;2878.0;1327.0;0.02;0.11;0.01;0.112249721603;1;545;
24;3205.0;1327.0;0.02;0.02;0.0;0.0282842712475;1;540;
24;2787.0;1327.0;0.04;0.07;0.0;0.080622577483;1;535;
24;3245.0;1328.0;0.05;0.06;-0.02;0.080622577483;1;530;
24;2863.0;1326.0;-0.01;0.04;0.03;0.0509901951359;1;525;
24;3191.0;1329.0;0.02;0.03;0.0;0.0360555127546;1;520;
24;2933.0;1327.0;0.01;0.08;0.03;0.0860232526704;1;515;
24;2823.0;1327.0;0.03;0.08;-0.08;0.117046999107;1;510;
24;3247.0;1327.0;0.0;0.08;0.0;0.08;1;505;
24;2901.0;1327.0;0.06;0.05;0.0;0.0781024967591;0;500;
24;2749.0;1325.0;0.03;0.06;-0.06;0.09;0;495;
24;3084.0;1325.0;0.0;0.11;-0.02;0.111803398875;0;490;
24;2835.0;1326.0;0.08;0.04;0.03;0.0943398113206;0;485;
24;3240.0;1327.0;0.04;-0.01;0.04;0.0574456264654;0;480;
24;2852.0;1327.0;0.02;0.07;-0.07;0.100995049384;0;475;
24;3154.0;1328.0;0.0;0.04;0.01;0.0412310562562;0;470;
24;2910.0;1327.0;0.0;0.1;-0.01;0.100498756211;0;465;
24;2793.0;1326.0;0.01;0.07;0.0;0.0707106781187;0;460;
24;3245.0;1329.0;0.05;0.04;0.03;0.0707106781187;0;455;
24;2904.0;1326.0;0.05;0.08;-0.07;0.117473401245;0;450;
24;2878.0;1327.0;0.01;0.1;-0.06;0.117046999107;0;445;
24;2875.0;1327.0;0.02;0.09;0.0;0.0921954445729;0;440;
24;2946.0;1328.0;0.01;0.02;0.04;0.0458257569496;0;435;
24;3213.0;1328.0;0.0;0.07;0.0;0.07;0;430;
24;2869.0;1327.0;0.06;0.0;-0.01;0.060827625303;0;425;
24;2826.0;1328.0;0.04;0.01;0.02;0.0458257569496;0;420;
24;3087.0;1327.0;0.01;0.05;-0.04;0.0648074069841;0;415;
24;2839.0;1327.0;0.06;0.02;0.01;0.0640312423743;0;410;
24;3255.0;1328.0;-0.01;0.07;0.0;0.0707106781187;0;405;
24;2911.0;1327.0;0.05;0.0;0.02;0.0538516480713;0;400;
24;3230.0;1329.0;0.01;0.04;0.01;0.0424264068712;0;395;
24;2855.0;1327.0;0.02;0.06;0.0;0.0632455532034;0;390;
24;2972.0;1329.0;0.04;0.02;-0.06;0.0748331477355;0;385;
24;2962.0;1327.0;0.04;0.04;-0.01;0.0574456264654;0;380;
24;2781.0;1328.0;0.0;0.1;-0.05;0.111803398875;0;375;
24;3157.0;1329.0;0.01;0.03;0.0;0.0316227766017;0;370;
24;2856.0;1327.0;0.04;0.04;0.0;0.0565685424949;0;365;
24;3242.0;1327.0;0.01;0.1;-0.02;0.10246950766;0;360;
24;2863.0;1327.0;0.03;0.03;0.05;0.065574385243;0;355;
24;3144.0;1329.0;0.05;0.05;0.07;0.0994987437107;0;350;
24;2879.0;1326.0;0.07;0.02;-0.02;0.0754983443527;0;345;
24;2849.0;1328.0;0.08;0.01;0.05;0.0948683298051;0;340;
24;2747.0;1328.0;0.05;0.04;0.0;0.0640312423743;0;335;
24;3008.0;1326.0;-0.03;0.04;0.02;0.0538516480713;0;330;
24;2762.0;1328.0;0.04;0.03;-0.04;0.0640312423743;0;325;
24;3135.0;1328.0;0.0;0.07;-0.03;0.0761577310586;0;320;
24;2822.0;1328.0;-0.01;0.1;-0.06;0.117046999107;0;315;
24;3038.0;1327.0;0.03;0.1;-0.05;0.115758369028;0;310;
24;2752.0;1328.0;0.05;0.09;-0.01;0.103440804328;0;305;
24;2989.0;1329.0;0.05;0.03;0.05;0.0768114574787;0;300;
24;2974.0;1326.0;0.01;0.08;-0.06;0.100498756211;0;295;
24;2851.0;1328.0;0.0;0.08;0.04;0.0894427191;0;290;
24;3212.0;1329.0;0.0;0.04;0.05;0.0640312423743;0;285;
24;2856.0;1327.0;0.0;0.06;0.01;0.060827625303;0;280;
24;3219.0;1328.0;0.01;0.08;0.03;0.0860232526704;0;275;
24;2862.0;1328.0;0.03;0.11;-0.11;0.158429795178;0;270;
24;2749.0;1327.0;0.04;0.03;0.0;0.05;0;265;
24;2909.0;1326.0;0.0;0.09;-0.01;0.0905538513814;0;260;
24;2809.0;1327.0;0.04;0.01;0.07;0.0812403840464;0;255;
24;3045.0;1326.0;-0.03;0.07;0.01;0.0768114574787;0;250;
24;2867.0;1327.0;0.04;0.06;0.04;0.0824621125124;0;245;
24;3241.0;1327.0;-0.01;0.05;0.02;0.0547722557505;0;240;
24;2856.0;1328.0;0.02;0.11;0.02;0.113578166916;0;235;
24;2969.0;1326.0;0.03;-0.01;0.04;0.0509901951359;0;230;
24;2873.0;1327.0;0.05;0.04;0.04;0.0754983443527;0;225;
24;2810.0;1327.0;0.06;0.06;-0.02;0.0871779788708;0;220;
24;3095.0;1328.0;0.05;0.07;0.03;0.0911043357914;0;215;
24;2892.0;1326.0;0.0;0.06;-0.01;0.060827625303;0;210;
24;2825.0;1327.0;0.0;0.02;0.06;0.0632455532034;0;205;
24;3243.0;1328.0;0.04;0.07;-0.04;0.09;0;200;
24;2786.0;1326.0;0.04;0.04;-0.04;0.0692820323028;0;195;
24;3245.0;1328.0;0.07;0.09;-0.03;0.117898261226;0;190;
24;2850.0;1327.0;0.06;0.08;0.0;0.1;0;185;
24;3081.0;1329.0;0.03;0.08;-0.04;0.0943398113206;0;180;
24;2851.0;1327.0;0.03;0.03;0.04;0.0583095189485;0;175;
24;3076.0;1329.0;0.0;0.08;0.0;0.08;0;170;
24;2864.0;1328.0;0.05;0.1;0.04;0.11874342087;0;165;
24;2927.0;1325.0;0.05;0.05;0.04;0.0812403840464;0;160;
24;3003.0;1328.0;0.06;0.05;0.01;0.0787400787401;0;155;
24;3055.0;1328.0;0.03;0.07;0.01;0.0768114574787;0;150;
24;2813.0;1327.0;0.04;0.04;0.06;0.0824621125124;0;145;
24;3112.0;1326.0;0.02;0.07;-0.08;0.108166538264;0;140;
24;2852.0;1325.0;0.04;0.05;-0.03;0.0707106781187;0;135;
24;2796.0;1326.0;0.05;0.07;-0.03;0.0911043357914;0;130;
24;3085.0;1327.0;0.01;0.02;0.08;0.0830662386292;0;125;
24;2822.0;1327.0;0.03;0.06;-0.03;0.0734846922835;0;120;
24;3252.0;1328.0;0.05;0.09;-0.03;0.107238052948;0;115;
24;2835.0;1327.0;0.0;0.04;-0.01;0.0412310562562;0;110;
24;3234.0;1329.0;0.05;0.06;0.0;0.0781024967591;0;105;
24;2857.0;1326.0;0.02;0.05;0.0;0.0538516480713;0;100;
24;2989.0;1328.0;0.02;0.08;0.0;0.0824621125124;0;95;
24;2843.0;1327.0;0.01;0.03;-0.04;0.0509901951359;0;90;
24;3254.0;1327.0;0.0;0.07;0.01;0.0707106781187;0;85;
24;2875.0;1326.0;0.0;0.07;0.01;0.0707106781187;0;80;
24;3012.0;1327.0;0.06;0.07;0.04;0.100498756211;0;75;
24;3100.0;1327.0;0.01;0.04;-0.06;0.0728010988928;0;70;
24;2753.0;1328.0;0.01;0.08;0.06;0.100498756211;0;65;
24;2974.0;1326.0;0.04;0.06;-0.04;0.0824621125124;0;60;
24;2818.0;1327.0;0.02;0.07;-0.06;0.0943398113206;0;55;
24;3270.0;1329.0;0.04;0.07;0.05;0.0948683298051;0;50;
24;2838.0;1326.0;0.0;0.07;0.02;0.0728010988928;0;45;
24;3253.0;1327.0;0.01;0.08;-0.01;0.0812403840464;0;40;
24;2872.0;1326.0;0.02;0.07;0.05;0.0883176086633;0;35;
24;3039.0;1329.0;0.03;0.03;0.09;0.0994987437107;0;30;
24;2961.0;1326.0;0.05;0.0;0.01;0.0509901951359;0;25;
24;2772.0;1327.0;0.0;0.09;0.04;0.098488578018;0;20;
24;3231.0;1329.0;0.04;0.02;0.0;0.04472135955;0;15;
24;2850.0;1326.0;0.0;0.05;-0.01;0.0509901951359;0;10;
24;3254.0;1328.0;0.0;0.1;-0.04;0.107703296143;0;5;
24;2873.0;1327.0;0.03;0.0;-0.01;0.0316227766017;0;0;
24;3241.0;1329.0;0.04;0.03;0.02;0.0538516480713;0;0;
24;2859.0;1326.0;0.03;0.05;0.03;0.065574385243;0;0;
24;3055.0;1329.0;0.02;0.09;0.0;0.0921954445729;0;0;
24;3022.0;1328.0;0.06;0.04;0.02;0.0748331477355;0;0;
24;3071.0;1328.0;0.0;0.0;0.04;0.04;0;0;
24;2799.0;1327.0;0.04;0.04;0.02;0.06;0;0;
24;3144.0;1329.0;0.0;0.0;0.04;0.04;0;0;
24;2867.0;1326.0;0.05;0.05;-0.05;0.0866025403784;0;0;
24;3187.0;1328.0;0.02;0.11;0.0;0.111803398875;0;0;
24;2959.0;1327.0;0.02;0.11;-0.01;0.112249721603;0;0;
24;2876.0;1326.0;-0.01;0.09;0.0;0.0905538513814;0;0;
24;2794.0;1328.0;0.03;-0.01;0.06;0.0678232998313;0;0;
24;3193.0;1327.0;0.02;0.05;0.0;0.0538516480713;0;0;
24;2744.0;1327.0;0.03;0.0;-0.02;0.0360555127546;0;0;
24;3218.0;1327.0;0.1;0.01;0.02;0.10246950766;0;0;
24;2848.0;1327.0;-0.03;0.09;-0.03;0.0994987437107;0;0;
24;3183.0;1327.0;0.04;0.09;-0.06;0.115325625947;0;0;
24;2857.0;1326.0;0.02;0.03;-0.02;0.0412310562562;0;0;
24;2802.0;1326.0;0.09;0.05;0.0;0.10295630141;0;0;
24;3067.0;1327.0;0.0;-0.02;0.1;0.101980390272;0;0;
24;2796.0;1327.0;-0.01;0.1;0.06;0.117046999107;0;0;
24;3217.0;1327.0;0.04;0.13;-0.05;0.144913767462;0;0;
