24;3606.0;1331.0;0.0;0.0;-0.02;0.02;0;0;
24;3714.0;1331.0;-0.01;0.0;0.0;0.01;0;0;
24;3733.0;1331.0;0.04;0.0;-0.01;0.0412310562562;0;0;
24;3821.0;1331.0;-0.01;0.0;0.05;0.0509901951359;0;0;
24;3745.0;1332.0;0.0;-0.02;-0.09;0.0921954445729;0;0;
24;3760.0;1330.0;0.0;0.02;0.02;0.0282842712475;0;0;
24;3790.0;1330.0;0.0;0.0;-0.01;0.01;0;0;
24;3646.0;1331.0;0.0;-0.02;-0.02;0.0282842712475;0;0;
24;3698.0;1331.0;-0.05;0.0;0.1;0.111803398875;0;0;
24;3859.0;1331.0;-0.02;0.01;-0.04;0.0458257569496;0;0;
24;4031.0;1332.0;0.01;0.01;0.0;0.0141421356237;0;0;
24;4040.0;1330.0;0.01;0.01;0.0;0.0141421356237;0;0;
24;3804.0;1332.0;0.02;0.0;0.04;0.04472135955;0;0;
24;3832.0;1331.0;0.0;0.0;0.02;0.02;0;0;
24;3745.0;1331.0;0.0;0.0;0.04;0.04;0;0;
24;3721.0;1331.0;-0.01;-0.01;0.0;0.0141421356237;0;0;
24;3643.0;1332.0;0.0;-0.01;0.01;0.0141421356237;0;0;
24;3705.0;1330.0;0.0;0.01;-0.02;0.022360679775;0;0;
24;3602.0;1330.0;0.0;0.0;0.05;0.05;0;0;
24;3784.0;1330.0;0.0;0.0;-0.01;0.01;0;0;
24;3781.0;1331.0;0.0;0.0;-0.01;0.01;0;0;
24;3746.0;1330.0;0.0;-0.01;0.04;0.0412310562562;0;0;
24;3711.0;1332.0;0.0;0.0;-0.04;0.04;0;0;
24;3754.0;1331.0;-0.04;0.0;-0.04;0.0565685424949;0;0;
24;3735.0;1331.0;0.02;0.03;0.02;0.0412310562562;0;0;
24;3628.0;1332.0;0.0;0.0;0.02;0.02;0;0;
24;3700.0;1331.0;0.0;0.0;0.05;0.05;0;0;
24;3717.0;1331.0;0.01;-0.01;-0.04;0.0424264068712;0;0;
24;3862.0;1330.0;0.03;0.0;-0.07;0.0761577310586;0;0;
24;3787.0;1330.0;0.01;-0.01;-0.03;0.0331662479036;0;0;
24;4095.0;1331.0;0.01;0.0;0.01;0.0141421356237;0;0;
24;3925.0;1331.0;0.02;0.0;-0.06;0.0632455532034;0;0;
24;3923.0;1332.0;-0.05;0.0;0.02;0.0538516480713;0;0;
24;3797.0;1331.0;0.01;0.03;0.0;0.0316227766017;0;0;
24;3622.0;1331.0;-0.04;-0.02;0.06;0.0748331477355;0;0;
24;3697.0;1331.0;0.0;0.0;0.0;0.0;0;0;
24;3651.0;1331.0;-0.03;-0.04;-0.03;0.0583095189485;0;0;
24;3794.0;1331.0;0.03;0.0;-0.08;0.0854400374532;0;0;
24;3811.0;1331.0;0.01;0.01;0.06;0.0616441400297;0;0;
24;3679.0;1330.0;0.0;-0.02;0.05;0.0538516480713;0;0;
24;3743.0;1330.0;-0.01;0.0;0.0;0.01;0;0;
24;3765.0;1330.0;-0.01;0.0;0.0;0.01;0;0;
24;3784.0;1329.0;-0.02;0.04;0.0;0.04472135955;0;0;
24;3718.0;1330.0;-0.02;0.01;0.0;0.022360679775;0;0;
24;3764.0;1331.0;0.01;-0.03;-0.1;0.104880884817;0;0;
24;3703.0;1331.0;-0.06;0.0;0.11;0.125299640861;0;0;
24;3974.0;1330.0;0.03;0.0;-0.02;0.0360555127546;0;0;
24;4095.0;1331.0;0.0;-0.02;0.0;0.02;0;0;
24;4058.0;1329.0;0.01;-0.01;-0.17;0.170587221092;0;0;
24;4014.0;1331.0;-0.04;0.0;0.12;0.126491106407;0;0;
24;3800.0;1332.0;0.03;-0.02;-0.09;0.0969535971483;0;0;
24;3755.0;1331.0;-0.05;0.01;0.08;0.0948683298051;0;0;
24;3753.0;1332.0;0.02;0.0;-0.04;0.04472135955;0;0;
24;3660.0;1331.0;-0.01;0.0;0.06;0.060827625303;0;0;
24;3725.0;1332.0;-0.03;0.0;0.01;0.0316227766017;0;0;
24;3676.0;1332.0;-0.03;-0.01;0.07;0.0768114574787;0;0;
24;3759.0;1332.0;-0.04;-0.01;0.08;0.09;0;0;
24;3628.0;1331.0;0.04;0.01;-0.05;0.0648074069841;0;0;
24;3686.0;1333.0;0.0;-0.03;0.02;0.0360555127546;0;0;
24;3786.0;1332.0;0.01;0.0;-0.03;0.0316227766017;0;0;
24;3617.0;1332.0;-0.02;0.0;0.05;0.0538516480713;0;0;
24;3659.0;1332.0;0.02;-0.01;0.0;0.022360679775;0;0;
24;4095.0;1332.0;0.0;0.01;0.04;0.0412310562562;0;0;
24;4095.0;1332.0;0.04;0.04;0.0;0.0565685424949;0;0;
24;4095.0;1333.0;-0.01;-0.02;-0.02;0.03;0;0;
24;3853.0;1332.0;0.02;0.0;0.0;0.02;0;0;
24;3851.0;1332.0;-0.02;0.02;-0.06;0.0663324958071;0;0;
24;3793.0;1333.0;-0.05;0.0;0.03;0.0583095189485;0;0;
24;3795.0;1332.0;0.01;0.02;-0.04;0.0458257569496;0;0;
24;3804.0;1333.0;0.02;0.02;0.0;0.0282842712475;0;0;
24;3803.0;1333.0;0.01;0.0;-0.05;0.0509901951359;0;0;
24;3692.0;1333.0;-0.02;0.02;-0.03;0.0412310562562;0;0;
24;3748.0;1331.0;-0.04;-0.02;-0.04;0.06;0;0;
24;3777.0;1332.0;0.0;0.0;-0.05;0.05;0;0;
24;3647.0;1331.0;-0.01;-0.02;0.06;0.0640312423743;0;0;
24;3718.0;1332.0;0.02;0.0;-0.06;0.0632455532034;0;0;
24;3738.0;1331.0;0.0;0.0;0.03;0.03;0;0;
24;3732.0;1332.0;0.0;0.0;0.03;0.03;0;0;
24;3642.0;1332.0;0.0;0.0;0.02;0.02;0;0;
24;3651.0;1333.0;0.0;0.02;0.02;0.0282842712475;0;0;
24;3892.0;1333.0;-0.04;0.0;-0.02;0.04472135955;0;0;
24;3834.0;1331.0;-0.04;-0.02;0.05;0.067082039325;0;0;
24;4095.0;1333.0;-0.03;0.0;0.05;0.0583095189485;0;0;
24;3852.0;1333.0;0.0;-0.01;0.04;0.0412310562562;0;0;
24;3872.0;1332.0;0.02;0.0;-0.02;0.0282842712475;0;0;
24;3834.0;1333.0;0.01;-0.01;0.03;0.0331662479036;0;0;
24;3811.0;1332.0;-0.01;-0.01;-0.1;0.100995049384;0;0;
24;3827.0;1331.0;-0.04;0.0;0.03;0.05;0;0;
24;3778.0;1332.0;0.0;0.0;-0.06;0.06;0;0;
24;3701.0;1332.0;0.01;0.0;0.06;0.060827625303;0;0;
24;3761.0;1333.0;0.01;0.0;0.06;0.060827625303;0;0;
24;3755.0;1332.0;0.02;-0.02;-0.07;0.0754983443527;0;0;
24;3723.0;1331.0;0.0;0.0;0.01;0.01;0;0;
24;3773.0;1333.0;0.03;0.0;-0.08;0.0854400374532;0;0;
24;3787.0;1331.0;0.0;0.0;0.0;0.0;0;0;
24;3780.0;1332.0;-0.02;-0.04;-0.02;0.0489897948557;0;0;
24;3630.0;1331.0;0.01;0.04;0.06;0.0728010988928;0;0;
24;3724.0;1333.0;-0.03;-0.02;-0.01;0.0374165738677;0;0;
24;3799.0;1333.0;0.04;0.0;-0.11;0.117046999107;0;0;
24;3804.0;1332.0;0.02;0.01;0.03;0.0374165738677;0;0;
24;3841.0;1332.0;0.03;0.0;-0.07;0.0761577310586;0;0;
24;4095.0;1333.0;-0.02;-0.02;-0.01;0.03;0;0;
24;4095.0;1332.0;-0.04;0.01;-0.03;0.0509901951359;0;0;
24;4095.0;1333.0;-0.01;0.0;0.04;0.0412310562562;0;0;
24;3966.0;1334.0;0.0;0.0;-0.03;0.03;0;0;
24;3866.0;1333.0;-0.07;-0.01;0.06;0.092736184955;0;0;
24;3866.0;1332.0;-0.04;-0.03;0.0;0.05;0;0;
24;3689.0;1333.0;-0.03;-0.02;0.05;0.0616441400297;0;0;
24;3726.0;1333.0;0.0;-0.01;0.0;0.01;0;0;
24;3788.0;1333.0;0.02;0.0;0.0;0.02;0;0;
24;3774.0;1334.0;0.04;0.0;0.0;0.04;0;0;
24;3666.0;1334.0;0.02;0.0;0.03;0.0360555127546;0;0;
24;3783.0;1333.0;0.02;-0.02;-0.05;0.0574456264654;0;0;
24;3652.0;1334.0;0.0;0.0;0.09;0.09;0;0;
24;3734.0;1333.0;0.04;0.0;0.0;0.04;0;0;
24;3708.0;1332.0;0.0;0.0;0.04;0.04;0;0;
24;3828.0;1334.0;-0.01;-0.01;0.04;0.0424264068712;0;0;
24;3682.0;1332.0;0.0;0.0;0.01;0.01;0;0;
24;3688.0;1332.0;0.03;0.0;0.0;0.03;0;0;
24;3661.0;1332.0;-0.01;0.0;0.02;0.022360679775;0;0;
24;3712.0;1333.0;0.0;0.01;-0.02;0.022360679775;0;0;
24;3717.0;1333.0;0.0;-0.02;-0.03;0.0360555127546;0;0;
24;3754.0;1334.0;-0.02;0.0;-0.01;0.022360679775;0;0;
24;3873.0;1333.0;-0.01;-0.02;0.04;0.0458257569496;0;0;
24;4094.0;1332.0;0.0;0.01;0.03;0.0316227766017;0;0;
24;4095.0;1333.0;0.0;0.01;0.03;0.0316227766017;0;0;
24;4002.0;1333.0;0.02;0.03;-0.12;0.125299640861;0;0;
24;3825.0;1332.0;0.02;0.01;-0.02;0.03;0;0;
24;3804.0;1331.0;-0.02;0.0;0.05;0.0538516480713;0;0;
24;3726.0;1332.0;0.01;0.16;-0.06;0.171172427686;0;0;
24;3856.0;1333.0;0.0;-0.01;0.01;0.0141421356237;0;0;
24;3694.0;1333.0;0.04;0.02;0.01;0.0458257569496;0;0;
24;3665.0;1333.0;0.0;0.02;0.02;0.0282842712475;0;0;
24;3765.0;1333.0;0.03;0.02;-0.05;0.0616441400297;0;0;
24;3760.0;1333.0;-0.01;0.02;0.02;0.03;0;0;
24;3671.0;1333.0;-0.03;0.01;0.01;0.0331662479036;0;0;
24;3763.0;1334.0;0.02;0.0;-0.01;0.022360679775;0;0;
24;3759.0;1332.0;-0.57;-0.31;3.24;3.30433049195;0;20;
24;3674.0;1333.0;-0.21;0.16;0.38;0.46270941205;0;0;
24;3644.0;1332.0;0.41;0.13;-0.32;0.536097006147;0;0;
24;3825.0;1334.0;0.07;-0.07;0.25;0.268886593195;0;0;
24;3712.0;1334.0;0.04;0.0;0.29;0.292745623366;0;0;
24;4075.0;1333.0;0.1;0.06;-0.09;0.147309198627;0;0;
24;3956.0;1332.0;0.01;0.04;-0.06;0.0728010988928;0;0;
24;3790.0;1332.0;-0.03;-0.01;-0.07;0.0768114574787;0;0;
24;3863.0;1333.0;0.05;0.06;0.0;0.0781024967591;0;0;
24;3684.0;1296.0;-0.15;0.04;0.44;0.466583325892;0;0;
24;3695.0;1297.0;0.14;-0.01;-0.42;0.44283179651;0;0;
24;3783.0;1310.0;0.01;0.01;-0.02;0.0244948974278;0;0;
24;3802.0;1311.0;0.01;0.0;0.04;0.0412310562562;0;0;
24;3631.0;1311.0;0.0;0.0;0.04;0.04;0;0;
24;3688.0;1315.0;0.04;0.01;0.03;0.0509901951359;0;0;
24;3757.0;1319.0;0.02;0.02;-0.07;0.0754983443527;0;0;
24;3772.0;1319.0;0.04;0.03;0.0;0.05;0;0;
24;3808.0;1321.0;0.01;0.04;-0.02;0.0458257569496;0;0;
24;3680.0;1325.0;0.04;0.0;0.07;0.080622577483;0;0;
24;3748.0;1325.0;0.02;0.0;0.03;0.0360555127546;0;0;
24;3794.0;1324.0;0.03;0.02;-0.02;0.0412310562562;0;0;
24;3994.0;1326.0;0.01;0.02;0.07;0.0734846922835;0;0;
24;4095.0;1326.0;0.01;0.0;0.04;0.0412310562562;0;0;
24;4095.0;1329.0;0.01;0.03;0.02;0.0374165738677;0;0;
24;3988.0;1327.0;0.0;0.03;0.07;0.0761577310586;0;0;
24;3841.0;1327.0;-0.02;-0.11;0.05;0.122474487139;0;0;
24;3768.0;1325.0;0.03;0.05;0.03;0.065574385243;0;0;
24;3738.0;1324.0;0.02;0.0;0.0;0.02;0;0;
24;3807.0;1324.0;0.01;0.0;-0.06;0.060827625303;0;0;
24;3810.0;1324.0;0.01;0.03;-0.05;0.059160797831;0;0;
24;3667.0;1324.0;0.04;0.03;0.0;0.05;0;0;
24;3731.0;1323.0;0.03;0.01;0.09;0.0953939201417;0;0;
24;3744.0;1323.0;0.03;0.03;-0.04;0.0583095189485;0;0;
24;3808.0;1322.0;0.03;0.03;0.05;0.065574385243;0;0;
24;3653.0;1324.0;0.04;0.02;0.0;0.04472135955;0;0;
24;3688.0;1323.0;0.03;0.06;0.02;0.07;0;0;
24;3837.0;1322.0;0.0;0.04;0.0;0.04;0;0;
24;3667.0;1323.0;0.03;0.04;0.06;0.0781024967591;0;0;
24;3739.0;1323.0;0.01;0.02;0.06;0.0640312423743;0;0;
24;3990.0;1323.0;0.03;0.02;0.03;0.0469041575982;0;0;
24;4036.0;1323.0;0.01;0.0;0.02;0.022360679775;0;0;
24;4095.0;1324.0;0.0;0.0;0.03;0.03;0;0;
24;3971.0;1324.0;0.0;0.02;-0.06;0.0632455532034;0;0;
24;3970.0;1324.0;0.0;0.0;-0.01;0.01;0;0;
24;3859.0;1323.0;0.04;0.04;-0.1;0.114891252931;0;0;
24;3831.0;1324.0;0.04;0.03;0.0;0.05;0;0;
24;3814.0;1323.0;0.0;0.01;0.03;0.0316227766017;0;0;
24;3838.0;1324.0;0.01;0.02;-0.02;0.03;0;0;
24;3783.0;1323.0;0.0;0.0;-0.07;0.07;0;0;
24;3772.0;1323.0;0.0;0.0;0.0;0.0;0;0;
24;3795.0;1324.0;0.0;0.01;-0.03;0.0316227766017;0;0;
24;3821.0;1324.0;0.02;0.01;0.01;0.0244948974278;0;0;
24;3718.0;1325.0;0.03;0.0;0.01;0.0316227766017;0;0;
24;3779.0;1324.0;0.01;0.02;-0.08;0.0830662386292;0;0;
24;3810.0;1325.0;0.04;0.0;0.0;0.04;0;0;
24;3820.0;1325.0;0.03;0.03;-0.06;0.0734846922835;0;0;
24;3762.0;1325.0;0.03;0.01;0.02;0.0374165738677;0;0;
24;3774.0;1324.0;-0.01;-0.01;-0.05;0.0519615242271;0;0;
24;3840.0;1324.0;0.03;0.01;-0.07;0.0768114574787;0;0;
24;4095.0;1325.0;0.02;0.04;0.03;0.0538516480713;0;0;
24;4095.0;1325.0;0.04;0.0;-0.06;0.0721110255093;0;0;
24;3963.0;1326.0;-0.01;0.0;0.04;0.0412310562562;0;0;
24;3854.0;1323.0;0.02;0.0;0.01;0.022360679775;0;0;
24;3686.0;1324.0;0.04;0.04;-0.01;0.0574456264654;0;0;
24;3668.0;1324.0;0.03;0.06;-0.02;0.07;0;0;
24;3856.0;1324.0;0.05;0.05;-0.07;0.0994987437107;0;0;
24;3867.0;1324.0;-0.01;-0.03;0.02;0.0374165738677;0;0;
24;3855.0;1325.0;0.01;0.02;0.03;0.0374165738677;0;0;
24;3758.0;1324.0;0.02;0.04;-0.09;0.100498756211;0;0;
24;3815.0;1323.0;0.09;0.02;0.01;0.092736184955;0;0;
24;3767.0;1326.0;-0.07;0.04;-0.02;0.0830662386292;0;0;
24;3677.0;1326.0;-0.05;0.05;-0.05;0.0866025403784;0;0;
24;3701.0;1326.0;0.08;0.0;-0.03;0.0854400374532;0;0;
24;3736.0;1327.0;-0.08;-0.11;0.09;0.163095064303;0;0;
24;3795.0;1328.0;0.06;0.02;0.0;0.0632455532034;0;0;
24;3891.0;1326.0;-0.02;0.06;0.11;0.126885775404;0;0;
24;4095.0;1324.0;0.04;0.0;0.04;0.0565685424949;0;0;
24;4095.0;1326.0;0.0;0.04;-0.05;0.0640312423743;0;0;
24;3875.0;1330.0;0.0;0.03;0.05;0.0583095189485;0;0;
24;3853.0;1329.0;0.03;0.04;0.0;0.05;0;0;
24;3635.0;1328.0;0.03;0.01;-0.04;0.0509901951359;0;0;
24;3750.0;1324.0;0.0;0.06;-0.02;0.0632455532034;0;0;
24;3658.0;1326.0;0.03;0.02;0.0;0.0360555127546;0;0;
24;3714.0;1324.0;0.0;0.05;0.03;0.0583095189485;0;0;
24;3813.0;1323.0;0.01;0.03;-0.07;0.0768114574787;0;0;
24;3816.0;1322.0;0.02;0.02;0.02;0.0346410161514;0;0;
24;3782.0;1322.0;0.04;0.01;0.0;0.0412310562562;0;0;
24;3726.0;1321.0;-0.02;0.0;0.02;0.0282842712475;0;0;
24;3773.0;1321.0;0.02;0.01;-0.06;0.0640312423743;0;0;
24;3771.0;1321.0;0.0;0.0;0.03;0.03;0;0;
24;3724.0;1321.0;0.01;0.01;0.0;0.0141421356237;0;0;
24;3688.0;1320.0;0.04;0.05;0.05;0.0812403840464;0;0;
24;3687.0;1321.0;0.04;0.0;0.05;0.0640312423743;0;0;
24;4095.0;1321.0;0.06;0.04;-0.04;0.0824621125124;0;0;
24;4095.0;1322.0;0.02;0.01;0.05;0.0547722557505;0;0;
24;4095.0;1324.0;0.05;0.03;-0.02;0.0616441400297;0;0;
24;3845.0;1322.0;0.0;0.01;0.05;0.0509901951359;0;0;
24;3858.0;1323.0;0.0;0.01;-0.03;0.0316227766017;0;0;
24;3841.0;1321.0;0.0;0.0;-0.06;0.06;0;0;
24;3672.0;1320.0;0.0;0.03;0.03;0.0424264068712;0;0;
24;3740.0;1321.0;0.04;0.0;0.02;0.04472135955;0;0;
24;3751.0;1322.0;0.03;0.0;0.02;0.0360555127546;0;0;
24;3804.0;1322.0;0.04;0.06;-0.03;0.0781024967591;0;0;
24;3822.0;1321.0;0.0;0.05;0.01;0.0509901951359;0;0;
24;3663.0;1321.0;0.03;0.01;0.0;0.0316227766017;0;0;
24;3730.0;1322.0;0.0;0.0;-0.02;0.02;0;0;
24;3811.0;1321.0;-0.02;0.01;-0.06;0.0640312423743;0;0;
24;3830.0;1321.0;-0.01;0.02;-0.04;0.0458257569496;0;0;
24;3757.0;1322.0;0.0;0.01;0.05;0.0509901951359;0;0;
24;4095.0;1322.0;0.04;0.0;-0.09;0.098488578018;0;0;
24;4095.0;1324.0;0.02;0.05;0.07;0.0883176086633;0;0;
24;4095.0;1322.0;0.03;0.04;-0.04;0.0640312423743;0;0;
24;3835.0;1323.0;0.0;0.01;0.07;0.0707106781187;0;0;
24;3880.0;1323.0;0.01;0.02;-0.06;0.0640312423743;0;0;
24;3748.0;1322.0;0.0;0.03;0.04;0.05;0;0;
24;3745.0;1322.0;0.02;-0.01;0.0;0.022360679775;0;0;
24;3761.0;1322.0;0.04;0.05;0.0;0.0640312423743;0;0;
24;3755.0;1322.0;0.0;0.04;0.03;0.05;0;0;
24;3781.0;1321.0;0.05;0.03;-0.03;0.065574385243;0;0;
24;3797.0;1322.0;0.03;0.02;-0.02;0.0412310562562;0;0;
24;3814.0;1321.0;0.03;0.05;-0.01;0.059160797831;0;0;
24;3819.0;1322.0;0.0;0.01;0.01;0.0141421356237;0;0;
24;3833.0;1320.0;0.01;0.01;0.01;0.0173205080757;0;0;
24;4095.0;1322.0;0.05;0.02;0.01;0.0547722557505;0;0;
24;4095.0;1324.0;0.02;0.02;-0.06;0.0663324958071;0;0;
24;4095.0;1323.0;0.0;0.02;-0.02;0.0282842712475;0;0;
24;3942.0;1322.0;0.03;0.03;-0.05;0.065574385243;0;0;
24;3729.0;1323.0;-0.01;0.01;0.04;0.0424264068712;0;0;
24;3778.0;1323.0;-0.01;0.01;0.04;0.0424264068712;0;0;
24;3807.0;1321.0;-0.02;0.01;0.01;0.0244948974278;0;0;
24;3744.0;1323.0;0.04;0.0;0.03;0.05;0;0;
24;3719.0;1321.0;0.01;0.03;-0.03;0.0435889894354;0;0;
24;3805.0;1322.0;-0.02;0.01;-0.06;0.0640312423743;0;0;
24;3796.0;1322.0;0.04;0.03;-0.02;0.0538516480713;0;0;
24;3626.0;1321.0;0.0;-0.01;0.02;0.022360679775;0;0;
24;3690.0;1322.0;0.0;0.02;0.04;0.04472135955;0;0;
24;3787.0;1323.0;-0.03;0.05;0.05;0.0768114574787;0;0;
24;3794.0;1323.0;0.0;0.01;0.0;0.01;0;0;
24;3803.0;1322.0;-0.01;0.01;-0.03;0.0331662479036;0;0;
24;3891.0;1322.0;0.02;0.02;-0.03;0.0412310562562;0;0;
24;4020.0;1322.0;0.02;0.02;-0.03;0.0412310562562;0;0;
24;4095.0;1324.0;0.05;0.03;-0.07;0.0911043357914;0;0;
24;3894.0;1323.0;-0.01;0.0;0.03;0.0316227766017;0;0;
24;3890.0;1322.0;0.04;0.01;-0.02;0.0458257569496;0;0;
24;3816.0;1322.0;0.02;0.02;-0.02;0.0346410161514;0;0;
24;3832.0;1323.0;0.02;0.01;-0.06;0.0640312423743;0;0;
24;3856.0;1323.0;0.06;0.26;-0.11;0.288617393793;0;0;
24;3741.0;1322.0;0.01;0.0;-0.01;0.0141421356237;0;0;
24;3795.0;1321.0;0.01;0.01;-0.03;0.0331662479036;0;0;
24;3807.0;1320.0;0.02;0.0;0.0;0.02;0;0;
24;3828.0;1320.0;0.01;0.03;-0.02;0.0374165738677;0;0;
24;3830.0;1320.0;0.02;0.01;0.0;0.022360679775;0;0;
24;3737.0;1321.0;0.01;0.03;0.04;0.0509901951359;0;0;
24;3856.0;1321.0;0.02;0.0;0.01;0.022360679775;0;0;
24;4095.0;1321.0;0.0;0.01;0.0;0.01;0;0;
24;4095.0;1321.0;0.03;0.0;-0.06;0.067082039325;0;0;
24;3968.0;1320.0;0.0;0.01;0.0;0.01;0;0;
24;3789.0;1320.0;0.03;0.04;0.01;0.0509901951359;0;0;
24;3678.0;1320.0;0.0;0.01;0.05;0.0509901951359;0;0;
24;3771.0;1320.0;0.0;0.0;0.03;0.03;0;0;
24;3795.0;1320.0;0.02;0.02;0.0;0.0282842712475;0;0;
24;3801.0;1320.0;0.02;0.04;-0.07;0.0830662386292;0;0;
24;3776.0;1320.0;0.03;0.03;-0.09;0.0994987437107;0;0;
24;3739.0;1319.0;0.0;0.01;0.06;0.060827625303;0;0;
24;3695.0;1319.0;0.02;0.03;0.0;0.0360555127546;0;0;
24;3846.0;1320.0;0.02;0.03;-0.04;0.0538516480713;0;0;
24;3924.0;1320.0;0.03;0.01;0.0;0.0316227766017;0;0;
24;4095.0;1321.0;0.05;0.04;0.03;0.0707106781187;0;0;
24;4078.0;1323.0;0.0;0.0;0.03;0.03;0;0;
24;3782.0;1322.0;-0.02;0.0;0.05;0.0538516480713;0;0;
24;3828.0;1321.0;0.05;0.0;-0.05;0.0707106781187;0;0;
24;3843.0;1322.0;0.0;0.0;-0.03;0.03;0;0;
24;3837.0;1322.0;0.01;0.03;-0.04;0.0509901951359;0;0;
24;3854.0;1322.0;0.01;0.01;-0.06;0.0616441400297;0;0;
24;3681.0;1321.0;0.03;0.0;0.02;0.0360555127546;0;0;
24;3798.0;1322.0;-0.01;0.02;-0.05;0.0547722557505;0;0;
24;3819.0;1320.0;0.01;-0.01;-0.07;0.0714142842854;0;0;
24;3685.0;1321.0;0.02;0.03;0.03;0.0469041575982;0;0;
24;3775.0;1320.0;0.0;0.02;0.04;0.04472135955;0;0;
24;3761.0;1320.0;-0.01;0.01;0.08;0.0812403840464;0;0;
24;3832.0;1319.0;0.01;0.02;0.0;0.022360679775;0;0;
24;3744.0;1319.0;0.01;0.01;0.04;0.0424264068712;0;0;
24;3921.0;1321.0;0.02;0.0;0.0;0.02;0;0;
24;4095.0;1321.0;0.03;0.02;0.05;0.0616441400297;0;0;
24;4095.0;1323.0;-0.01;0.02;-0.01;0.0244948974278;0;0;
24;4095.0;1325.0;0.06;-0.01;-0.08;0.100498756211;0;0;
24;3777.0;1321.0;0.04;0.0;0.01;0.0412310562562;0;0;
24;3767.0;1322.0;0.0;0.03;0.05;0.0583095189485;0;0;
24;3825.0;1320.0;0.01;0.0;-0.04;0.0412310562562;0;0;
24;3826.0;1319.0;0.01;0.0;0.05;0.0509901951359;0;0;
24;3841.0;1320.0;0.0;0.01;-0.05;0.0509901951359;0;0;
24;3814.0;1319.0;0.0;0.01;0.0;0.01;0;0;
24;3802.0;1318.0;0.02;0.02;0.0;0.0282842712475;0;0;
24;3655.0;1319.0;0.0;0.0;0.03;0.03;0;0;
24;3703.0;1318.0;0.0;0.03;0.05;0.0583095189485;0;0;
24;3792.0;1319.0;0.0;0.06;-0.06;0.0848528137424;0;0;
24;3825.0;1317.0;0.03;0.02;0.04;0.0538516480713;0;0;
24;3707.0;1319.0;0.0;0.02;0.0;0.02;0;0;
24;3837.0;1319.0;0.02;0.04;-0.01;0.0458257569496;0;0;
24;3692.0;1320.0;0.04;0.01;0.0;0.0412310562562;0;0;
24;3699.0;1320.0;0.02;0.02;0.05;0.0574456264654;0;0;
24;4095.0;1320.0;0.0;-0.01;-0.01;0.0141421356237;0;0;
24;4095.0;1320.0;0.01;0.0;0.05;0.0509901951359;0;0;
24;4095.0;1322.0;0.0;-0.02;0.04;0.04472135955;0;0;
24;3887.0;1319.0;0.02;0.02;0.0;0.0282842712475;0;0;
24;3708.0;1320.0;0.0;0.01;0.0;0.01;0;0;
24;3727.0;1320.0;0.04;0.03;0.02;0.0538516480713;0;0;
24;3780.0;1320.0;0.0;0.0;0.03;0.03;0;0;
24;3873.0;1319.0;0.0;0.0;0.01;0.01;0;0;
24;3714.0;1320.0;0.01;0.01;0.04;0.0424264068712;0;0;
24;3854.0;1320.0;0.01;0.0;0.0;0.01;0;0;
24;3793.0;1320.0;0.0;0.0;-0.03;0.03;0;0;
24;3659.0;1320.0;-0.02;0.0;0.04;0.04472135955;0;0;
24;3719.0;1321.0;0.03;0.0;0.0;0.03;0;0;
24;3872.0;1319.0;-0.01;0.0;0.0;0.01;0;0;
24;3861.0;1320.0;0.01;0.0;0.0;0.01;0;0;
24;3732.0;1319.0;0.0;0.0;0.06;0.06;0;0;
24;3839.0;1320.0;0.0;0.04;-0.01;0.0412310562562;0;0;
24;3673.0;1320.0;0.0;0.0;0.0;0.0;0;0;
24;3730.0;1319.0;-0.01;0.03;0.04;0.0509901951359;0;0;
24;4095.0;1320.0;0.04;0.0;0.0;0.04;0;0;
24;4091.0;1320.0;0.03;0.03;0.02;0.0469041575982;0;0;
24;4095.0;1321.0;0.03;0.0;0.04;0.05;0;0;
24;3875.0;1320.0;0.0;0.01;0.01;0.0141421356237;0;0;
24;3822.0;1320.0;-0.01;0.04;0.05;0.0648074069841;0;0;
24;3811.0;1321.0;0.0;0.0;0.01;0.01;0;0;
24;3898.0;1321.0;0.02;0.03;0.01;0.0374165738677;0;0;
24;3906.0;1320.0;0.01;-0.02;0.03;0.0374165738677;0;0;
24;3709.0;1320.0;0.03;0.0;-0.01;0.0316227766017;0;0;
24;3795.0;1320.0;0.0;0.03;0.0;0.03;0;0;
24;3650.0;1320.0;0.01;0.0;0.02;0.022360679775;0;0;
24;3706.0;1320.0;0.01;0.03;0.05;0.059160797831;0;0;
24;3830.0;1321.0;0.01;-0.01;-0.04;0.0424264068712;0;0;
24;3694.0;1321.0;0.02;0.01;-0.02;0.03;0;0;
24;3746.0;1322.0;0.02;-0.02;0.0;0.0282842712475;0;0;
24;3835.0;1322.0;0.04;0.0;-0.1;0.107703296143;0;0;
24;3821.0;1321.0;0.02;0.05;0.0;0.0538516480713;0;0;
24;3851.0;1321.0;0.06;0.01;-0.04;0.0728010988928;0;0;
24;4066.0;1322.0;0.0;0.0;0.0;0.0;0;0;
24;4095.0;1323.0;-0.01;-0.01;-0.04;0.0424264068712;0;0;
24;4095.0;1325.0;0.0;0.02;0.04;0.04472135955;0;0;
24;3804.0;1323.0;0.04;0.02;0.06;0.0748331477355;0;0;
24;3826.0;1321.0;0.05;0.01;0.01;0.0519615242271;0;0;
24;3806.0;1321.0;0.08;0.02;-0.02;0.0848528137424;0;0;
24;3700.0;1321.0;-0.04;0.0;0.03;0.05;0;0;
24;3785.0;1321.0;0.0;-0.01;-0.01;0.0141421356237;0;0;
24;3792.0;1321.0;0.01;-0.01;0.02;0.0244948974278;0;0;
24;3680.0;1322.0;0.04;0.05;0.06;0.0877496438739;0;0;
24;3780.0;1323.0;-0.01;0.01;-0.06;0.0616441400297;0;0;
24;3664.0;1321.0;0.05;0.01;0.03;0.059160797831;0;0;
24;3751.0;1322.0;0.0;0.01;0.04;0.0412310562562;0;0;
24;3790.0;1322.0;0.04;0.04;-0.05;0.0754983443527;0;0;
24;3826.0;1321.0;0.03;0.04;-0.03;0.0583095189485;0;0;
24;3831.0;1322.0;0.0;0.0;-0.01;0.01;0;0;
24;3699.0;1324.0;0.03;0.02;0.03;0.0469041575982;0;0;
24;3704.0;1323.0;0.0;-0.02;0.02;0.0282842712475;0;0;
24;3940.0;1322.0;0.0;0.0;0.01;0.01;0;0;
24;3804.0;1323.0;-0.01;0.0;0.02;0.022360679775;0;0;
24;4095.0;1323.0;0.0;0.04;0.03;0.05;0;0;
24;3842.0;1323.0;0.02;0.02;0.03;0.0412310562562;0;0;
24;3885.0;1324.0;0.0;0.02;-0.04;0.04472135955;0;0;
24;3793.0;1324.0;0.02;0.05;0.01;0.0547722557505;0;0;
24;3845.0;1323.0;0.0;0.04;-0.07;0.080622577483;0;0;
24;3789.0;1324.0;0.01;0.01;0.0;0.0141421356237;0;0;
24;3781.0;1323.0;-0.01;0.03;0.0;0.0316227766017;0;0;
24;3792.0;1324.0;0.03;0.05;0.0;0.0583095189485;0;0;
24;3741.0;1322.0;0.0;0.01;0.09;0.0905538513814;0;0;
24;3772.0;1322.0;0.0;0.0;0.04;0.04;0;0;
24;3845.0;1323.0;0.05;0.02;-0.02;0.0574456264654;0;0;
24;3687.0;1322.0;0.04;0.02;0.06;0.0748331477355;0;0;
24;3779.0;1324.0;0.06;0.0;-0.01;0.060827625303;0;0;
24;3679.0;1323.0;-0.01;0.0;0.0;0.01;0;0;
24;3729.0;1323.0;0.0;0.0;0.01;0.01;0;0;
24;3772.0;1323.0;0.0;0.0;0.03;0.03;0;0;
24;4095.0;1322.0;-0.02;0.01;0.0;0.022360679775;0;0;
24;4095.0;1323.0;0.01;0.04;0.05;0.0648074069841;0;0;
24;4095.0;1325.0;0.0;0.0;-0.05;0.05;0;0;
24;3796.0;1322.0;0.06;0.02;-0.06;0.0871779788708;0;0;
24;3848.0;1324.0;0.01;-0.01;-0.05;0.0519615242271;0;0;
24;3831.0;1323.0;0.04;0.0;-0.02;0.04472135955;0;0;
24;3784.0;1322.0;-0.04;0.0;-0.02;0.04472135955;0;0;
24;3827.0;1322.0;0.0;0.01;-0.08;0.080622577483;0;0;
24;3862.0;1321.0;0.0;0.0;-0.05;0.05;0;0;
24;3791.0;1322.0;0.0;0.02;0.0;0.02;0;0;
24;3776.0;1321.0;-0.02;-0.03;-0.04;0.0538516480713;0;0;
24;3845.0;1322.0;0.0;0.02;0.0;0.02;0;0;
24;3831.0;1323.0;0.05;0.01;-0.06;0.0787400787401;0;0;
24;3845.0;1323.0;0.0;0.04;0.05;0.0640312423743;0;0;
24;3842.0;1323.0;0.0;0.01;0.0;0.01;0;0;
24;3753.0;1321.0;0.0;0.03;0.03;0.0424264068712;0;0;
24;3809.0;1321.0;0.01;0.0;0.0;0.01;0;0;
24;3831.0;1322.0;0.0;0.01;-0.02;0.022360679775;0;0;
24;4094.0;1322.0;0.0;-0.01;-0.08;0.080622577483;0;0;
24;4095.0;1323.0;0.0;0.0;0.01;0.01;0;0;
24;4095.0;1324.0;0.0;-0.01;0.01;0.0141421356237;0;0;
24;3804.0;1323.0;0.0;0.02;0.03;0.0360555127546;0;0;
24;3825.0;1324.0;0.02;0.0;-0.06;0.0632455532034;0;0;
24;3799.0;1324.0;0.05;-0.03;-0.06;0.0836660026534;0;0;
24;3729.0;1323.0;0.03;0.01;0.03;0.0435889894354;0;0;
24;3786.0;1324.0;0.02;0.0;0.01;0.022360679775;0;0;
24;3793.0;1323.0;0.03;0.0;0.02;0.0360555127546;0;0;
24;3712.0;1323.0;0.05;0.0;0.0;0.05;0;0;
24;3760.0;1322.0;0.04;0.01;0.0;0.0412310562562;0;0;
24;3818.0;1323.0;0.05;0.01;-0.05;0.0714142842854;0;0;
24;3749.0;1324.0;-0.02;0.01;0.03;0.0374165738677;0;0;
24;3691.0;1322.0;0.04;0.02;0.01;0.0458257569496;0;0;
24;3747.0;1324.0;0.04;0.06;0.0;0.0721110255093;0;0;
24;3829.0;1324.0;0.0;0.0;-0.07;0.07;0;0;
24;3834.0;1323.0;0.02;0.03;-0.08;0.0877496438739;0;0;
24;3920.0;1324.0;0.0;0.0;0.06;0.06;0;0;
24;4095.0;1322.0;0.07;0.03;-0.12;0.142126704036;0;0;
24;4095.0;1325.0;0.01;0.02;-0.04;0.0458257569496;0;0;
24;3863.0;1323.0;0.01;0.03;0.07;0.0768114574787;0;0;
24;3852.0;1323.0;-0.01;-0.01;-0.01;0.0173205080757;0;0;
24;3868.0;1322.0;0.0;0.0;-0.03;0.03;0;0;
24;3853.0;1323.0;0.05;0.0;-0.07;0.0860232526704;0;0;
24;3871.0;1324.0;0.03;0.01;0.0;0.0316227766017;0;0;
24;3798.0;1323.0;0.0;0.0;0.04;0.04;0;0;
24;3820.0;1323.0;0.04;0.0;-0.01;0.0412310562562;0;0;
24;3645.0;1324.0;0.0;0.02;0.03;0.0360555127546;0;0;
24;3685.0;1325.0;0.01;0.02;0.02;0.03;0;0;
24;3753.0;1325.0;0.0;0.03;0.09;0.0948683298051;0;0;
24;3698.0;1326.0;0.05;0.03;-0.02;0.0616441400297;0;0;
24;3781.0;1325.0;0.0;0.02;0.0;0.02;0;0;
24;3833.0;1325.0;0.0;0.0;0.0;0.0;0;0;
24;3706.0;1327.0;0.0;0.04;0.03;0.05;0;0;
24;3739.0;1326.0;0.0;-0.02;0.03;0.0360555127546;0;0;
24;4058.0;1327.0;0.04;0.0;-0.05;0.0640312423743;0;0;
24;4085.0;1328.0;0.02;0.0;0.02;0.0282842712475;0;0;
24;4095.0;1332.0;0.02;0.05;-0.01;0.0547722557505;0;0;
24;3845.0;1329.0;0.01;-0.01;0.0;0.0141421356237;0;0;
24;3839.0;1328.0;0.03;0.01;0.01;0.0331662479036;0;0;
24;3797.0;1329.0;0.04;0.04;0.04;0.0692820323028;0;0;
24;3716.0;1327.0;0.0;0.01;0.01;0.0141421356237;0;0;
24;3764.0;1325.0;-0.01;0.0;0.03;0.0316227766017;0;0;
24;3787.0;1326.0;0.0;0.0;0.03;0.03;0;0;
24;3729.0;1327.0;0.04;0.03;0.03;0.0583095189485;0;0;
24;3672.0;1327.0;0.03;0.02;0.04;0.0538516480713;0;0;
24;3760.0;1326.0;0.05;0.01;0.0;0.0509901951359;0;0;
24;3689.0;1326.0;0.0;0.0;0.05;0.05;0;0;
24;3786.0;1326.0;0.02;0.03;-0.07;0.0787400787401;0;0;
24;3759.0;1325.0;0.0;0.03;0.05;0.0583095189485;0;0;
24;3836.0;1325.0;0.03;0.02;0.03;0.0469041575982;0;0;
24;3699.0;1326.0;0.01;0.02;-0.01;0.0244948974278;0;0;
24;3722.0;1327.0;0.06;0.02;0.0;0.0632455532034;0;0;
24;3856.0;1326.0;-0.01;0.0;-0.01;0.0141421356237;0;0;
24;3705.0;1326.0;0.02;0.03;0.0;0.0360555127546;0;0;
24;3905.0;1326.0;-0.01;-0.02;0.0;0.022360679775;0;0;
24;4095.0;1328.0;0.0;0.01;-0.05;0.0509901951359;0;0;
24;4095.0;1327.0;0.02;0.04;0.0;0.04472135955;0;0;
24;3841.0;1327.0;0.0;0.02;0.02;0.0282842712475;0;0;
24;3779.0;1325.0;0.02;0.04;0.07;0.0830662386292;0;0;
24;3817.0;1325.0;0.0;0.0;-0.03;0.03;0;0;
24;3864.0;1326.0;0.03;0.0;-0.1;0.104403065089;0;0;
24;3792.0;1325.0;0.03;0.0;-0.07;0.0761577310586;0;0;
24;3812.0;1327.0;0.01;0.03;0.04;0.0509901951359;0;0;
24;3739.0;1326.0;0.03;0.0;-0.02;0.0360555127546;0;0;
24;3805.0;1325.0;0.02;0.02;-0.03;0.0412310562562;0;0;
24;3842.0;1327.0;0.0;0.01;0.01;0.0141421356237;0;0;
24;3854.0;1327.0;0.0;0.02;0.0;0.02;0;0;
24;3767.0;1325.0;-0.01;0.02;0.0;0.022360679775;0;0;
24;3760.0;1325.0;0.05;-0.01;-0.02;0.0547722557505;0;0;
24;4095.0;1325.0;0.01;0.02;0.04;0.0458257569496;0;0;
24;4095.0;1329.0;0.01;0.02;-0.06;0.0640312423743;0;0;
24;4087.0;1328.0;0.01;0.0;-0.08;0.080622577483;0;0;
24;3805.0;1327.0;0.06;0.0;0.0;0.06;0;0;
24;3666.0;1326.0;0.0;0.0;0.0;0.0;0;0;
24;3813.0;1327.0;0.04;0.0;0.01;0.0412310562562;0;0;
24;3890.0;1327.0;0.04;-0.02;0.0;0.04472135955;0;0;
24;3723.0;1328.0;0.0;0.01;0.07;0.0707106781187;0;0;
24;3797.0;1326.0;0.01;0.02;-0.01;0.0244948974278;0;0;
24;3804.0;1326.0;0.0;0.03;-0.05;0.0583095189485;0;0;
24;3850.0;1326.0;0.03;-0.01;-0.04;0.0509901951359;0;0;
24;3861.0;1326.0;0.0;0.03;0.0;0.03;0;0;
24;3810.0;1326.0;0.01;0.03;-0.04;0.0509901951359;0;0;
24;3822.0;1326.0;0.0;0.0;0.04;0.04;0;0;
24;3891.0;1325.0;0.02;0.02;-0.03;0.0412310562562;0;0;
24;4095.0;1326.0;0.0;0.0;0.03;0.03;0;0;
24;4095.0;1328.0;0.01;0.01;-0.06;0.0616441400297;0;0;
24;4095.0;1329.0;-0.03;0.0;-0.06;0.067082039325;0;0;
24;3832.0;1328.0;0.02;0.02;0.04;0.0489897948557;0;0;
24;3878.0;1328.0;0.04;0.03;0.0;0.05;0;0;
24;3796.0;1327.0;0.01;0.04;0.04;0.0574456264654;0;0;
24;3764.0;1327.0;0.01;0.03;0.01;0.0331662479036;0;0;
24;3736.0;1326.0;-0.01;0.0;0.03;0.0316227766017;0;0;
24;3786.0;1325.0;0.0;0.01;0.02;0.022360679775;0;0;
24;3835.0;1326.0;0.0;0.02;0.0;0.02;0;0;
24;3790.0;1325.0;0.01;-0.01;0.0;0.0141421356237;0;0;
24;3690.0;1326.0;0.0;0.0;0.05;0.05;0;0;
24;3854.0;1325.0;0.01;0.05;0.01;0.0519615242271;0;0;
24;3828.0;1326.0;0.0;0.01;0.04;0.0412310562562;0;0;
24;3702.0;1326.0;0.03;0.01;0.01;0.0331662479036;0;0;
24;3844.0;1325.0;0.0;0.0;-0.04;0.04;0;0;
24;3827.0;1324.0;0.01;0.04;0.0;0.0412310562562;0;0;
24;3759.0;1325.0;0.0;0.01;0.01;0.0141421356237;0;0;
24;4094.0;1326.0;0.05;0.01;-0.12;0.130384048104;0;0;
24;4095.0;1327.0;0.02;0.04;0.02;0.0489897948557;0;0;
24;4095.0;1333.0;0.0;0.04;0.02;0.04472135955;0;0;
24;3958.0;1331.0;0.0;0.0;0.01;0.01;0;0;
24;3978.0;1330.0;0.0;0.02;-0.06;0.0632455532034;0;0;
24;3907.0;1329.0;0.02;0.01;-0.06;0.0640312423743;0;0;
24;3800.0;1325.0;0.02;0.0;0.02;0.0282842712475;0;0;
24;3704.0;1327.0;0.0;0.06;0.06;0.0848528137424;0;0;
24;3739.0;1324.0;0.0;0.02;0.04;0.04472135955;0;0;
24;3878.0;1325.0;0.0;0.03;0.03;0.0424264068712;0;0;
24;3846.0;1325.0;0.0;0.0;0.0;0.0;0;0;
24;3827.0;1325.0;0.01;0.0;0.02;0.022360679775;0;0;
24;3804.0;1324.0;0.01;0.03;-0.06;0.0678232998313;0;0;
24;3816.0;1325.0;0.03;0.02;-0.03;0.0469041575982;0;0;
24;3854.0;1325.0;0.0;0.03;0.03;0.0424264068712;0;0;
24;3788.0;1326.0;0.0;0.0;0.0;0.0;0;0;
24;3823.0;1325.0;0.0;0.01;-0.05;0.0509901951359;0;0;
24;3798.0;1325.0;0.02;0.02;-0.06;0.0663324958071;0;0;
24;3691.0;1326.0;0.0;0.01;0.04;0.0412310562562;0;0;
24;3756.0;1324.0;0.01;0.02;0.02;0.03;0;0;
24;3783.0;1324.0;0.0;0.0;0.07;0.07;0;0;
24;4058.0;1324.0;0.02;0.02;-0.02;0.0346410161514;0;0;
24;3999.0;1325.0;0.0;0.02;0.0;0.02;0;0;
24;4095.0;1331.0;0.01;0.0;0.03;0.0316227766017;0;0;
24;4032.0;1329.0;-0.01;0.0;0.0;0.01;0;0;
24;3873.0;1326.0;0.02;0.01;0.06;0.0640312423743;0;0;
24;3807.0;1327.0;0.0;-0.02;0.02;0.0282842712475;0;0;
24;3833.0;1326.0;0.05;0.02;-0.07;0.0883176086633;0;0;
24;3844.0;1325.0;0.0;0.02;0.0;0.02;0;0;
24;3901.0;1325.0;0.0;0.0;0.04;0.04;0;0;
24;3801.0;1325.0;0.0;-0.01;-0.07;0.0707106781187;0;0;
24;3829.0;1325.0;0.0;0.01;0.01;0.0141421356237;0;0;
24;3869.0;1325.0;-0.04;0.02;0.01;0.0458257569496;0;0;
24;3799.0;1325.0;0.04;0.03;0.04;0.0640312423743;0;0;
24;3829.0;1326.0;0.03;0.04;-0.07;0.0860232526704;0;0;
24;3841.0;1325.0;0.05;0.01;-0.06;0.0787400787401;0;0;
24;3684.0;1325.0;-0.02;0.03;0.06;0.07;0;0;
24;3768.0;1325.0;0.0;0.0;0.04;0.04;0;0;
24;3773.0;1325.0;-0.02;0.0;0.05;0.0538516480713;0;0;
24;3878.0;1324.0;0.04;0.0;0.0;0.04;0;0;
24;3746.0;1326.0;0.06;0.03;-0.02;0.07;0;0;
24;4095.0;1324.0;0.02;0.04;0.04;0.06;0;0;
24;4095.0;1330.0;0.03;0.03;-0.02;0.0469041575982;0;0;
24;4095.0;1329.0;0.0;-0.01;0.0;0.01;0;0;
24;3955.0;1328.0;0.0;0.02;0.04;0.04472135955;0;0;
24;3801.0;1326.0;0.0;-0.01;0.01;0.0141421356237;0;0;
24;3822.0;1325.0;0.02;0.0;-0.04;0.04472135955;0;0;
24;3852.0;1326.0;0.0;0.02;-0.03;0.0360555127546;0;0;
24;3736.0;1326.0;0.04;-0.01;0.0;0.0412310562562;0;0;
24;3762.0;1325.0;0.0;0.01;-0.02;0.022360679775;0;0;
24;3768.0;1325.0;0.03;0.0;0.03;0.0424264068712;0;0;
24;3748.0;1325.0;0.0;0.0;0.05;0.05;0;0;
24;3754.0;1325.0;0.02;-0.01;0.02;0.03;0;0;
24;3777.0;1324.0;0.01;-0.02;0.0;0.022360679775;0;0;
24;3821.0;1324.0;0.0;0.03;0.02;0.0360555127546;0;0;
24;3657.0;1325.0;0.0;0.02;0.04;0.04472135955;0;0;
24;3706.0;1326.0;0.01;0.02;0.04;0.0458257569496;0;0;
24;3859.0;1325.0;0.0;0.0;-0.05;0.05;0;0;
24;3847.0;1325.0;-0.01;-0.01;-0.01;0.0173205080757;0;0;
24;3862.0;1325.0;0.0;0.0;0.01;0.01;0;0;
24;4037.0;1324.0;0.05;0.03;0.02;0.0616441400297;0;0;
24;4095.0;1326.0;0.05;0.0;-0.07;0.0860232526704;0;0;
24;4095.0;1334.0;0.05;0.02;0.0;0.0538516480713;0;0;
24;3965.0;1333.0;0.01;0.02;0.02;0.03;0;0;
24;3965.0;1333.0;0.0;0.0;0.07;0.07;0;0;
24;3935.0;1329.0;0.0;-0.01;-0.05;0.0509901951359;0;0;
24;3871.0;1327.0;0.02;-0.01;0.0;0.022360679775;0;0;
24;3687.0;1327.0;0.06;0.01;0.05;0.0787400787401;0;0;
24;3725.0;1326.0;0.02;0.0;0.0;0.02;0;0;
24;3853.0;1326.0;0.06;0.02;-0.1;0.118321595662;0;0;
24;3847.0;1326.0;0.03;0.06;-0.01;0.0678232998313;0;0;
24;3842.0;1325.0;0.04;0.02;0.03;0.0538516480713;0;0;
24;3747.0;1324.0;0.0;0.01;0.02;0.022360679775;0;0;
24;3813.0;1326.0;0.0;0.01;0.03;0.0316227766017;0;0;
24;3840.0;1326.0;0.0;0.0;-0.06;0.06;0;0;
24;3781.0;1326.0;0.04;0.0;0.0;0.04;0;0;
24;3831.0;1326.0;0.05;0.0;-0.07;0.0860232526704;0;0;
24;3853.0;1328.0;0.03;0.01;-0.06;0.0678232998313;0;0;
24;3656.0;1324.0;0.0;0.13;-0.07;0.147648230602;0;0;
24;3697.0;1323.0;0.02;-0.09;-0.05;0.104880884817;0;0;
24;3809.0;1325.0;0.02;0.01;-0.01;0.0244948974278;0;0;
24;3566.0;1329.0;0.14;-0.11;-0.62;0.645058136915;0;0;
24;3587.0;1331.0;0.05;0.1;0.2;0.229128784748;0;0;
24;4095.0;1333.0;0.12;0.02;-0.61;0.622012861603;0;0;
24;4095.0;1393.0;0.0;0.13;0.18;0.222036033112;0;0;
24;3880.0;1385.0;-0.05;-0.02;0.26;0.265518360947;0;0;
24;3761.0;1362.0;0.02;0.0;0.11;0.111803398875;0;0;
24;3862.0;1349.0;0.02;0.06;0.01;0.0640312423743;0;0;
24;3735.0;1346.0;-0.01;-0.01;0.07;0.0714142842854;0;0;
24;3883.0;1341.0;0.02;0.06;0.0;0.0632455532034;0;0;
24;3831.0;1338.0;-0.03;0.0;0.03;0.0424264068712;0;0;
24;3896.0;1337.0;0.04;0.02;-0.12;0.128062484749;0;0;
24;3893.0;1337.0;-0.01;0.03;-0.08;0.0860232526704;0;0;
24;3634.0;1336.0;0.01;-0.12;0.26;0.286530975638;0;0;
24;3655.0;1335.0;-0.12;0.16;-0.47;0.510783711565;0;0;
24;3691.0;1334.0;0.06;-0.03;0.18;0.192093727123;0;0;
24;3713.0;1332.0;0.06;0.02;0.09;0.11;0;0;
24;3757.0;1331.0;-0.04;0.01;-0.12;0.126885775404;0;0;
24;3847.0;1331.0;0.04;-0.03;0.06;0.0781024967591;0;0;
24;3720.0;1331.0;0.0;0.02;0.0;0.02;0;0;
24;3732.0;1331.0;0.07;0.0;0.12;0.138924439894;0;0;
24;3853.0;1330.0;0.04;0.04;-0.07;0.09;0;0;
24;4060.0;1332.0;0.03;0.03;-0.04;0.0583095189485;0;0;
24;4095.0;1331.0;0.0;-0.02;0.07;0.0728010988928;0;0;
24;4095.0;1334.0;0.0;0.0;-0.02;0.02;0;0;
24;3939.0;1332.0;0.0;0.0;0.02;0.02;0;0;
24;3723.0;1332.0;0.01;0.04;0.05;0.0648074069841;0;0;
24;3691.0;1332.0;0.01;0.02;0.04;0.0458257569496;0;0;
24;3858.0;1332.0;0.06;0.1;-0.2;0.231516738056;0;0;
24;3881.0;1333.0;0.06;0.01;-0.02;0.0640312423743;0;0;
24;3822.0;1332.0;0.0;0.07;-0.01;0.0707106781187;0;0;
24;3827.0;1331.0;0.01;-0.01;0.01;0.0173205080757;0;0;
24;3824.0;1331.0;0.01;0.03;0.01;0.0331662479036;0;0;
24;3828.0;1332.0;0.02;0.03;-0.03;0.0469041575982;0;0;
24;3792.0;1332.0;0.02;0.03;0.04;0.0538516480713;0;0;
24;3799.0;1332.0;0.0;0.0;0.0;0.0;0;0;
24;3853.0;1331.0;0.0;0.01;0.02;0.022360679775;0;0;
24;3755.0;1332.0;-0.02;0.03;0.03;0.0469041575982;0;0;
24;3815.0;1332.0;0.04;0.06;-0.07;0.100498756211;0;0;
24;4061.0;1332.0;0.01;0.07;-0.1;0.122474487139;0;0;
24;4095.0;1333.0;0.04;0.0;-0.05;0.0640312423743;0;0;
24;4093.0;1334.0;0.03;0.0;-0.05;0.0583095189485;0;0;
24;3926.0;1331.0;0.02;-0.01;-0.01;0.0244948974278;0;0;
24;3736.0;1332.0;0.0;0.05;0.05;0.0707106781187;0;0;
24;3798.0;1332.0;0.01;-0.02;-0.03;0.0374165738677;0;0;
24;3849.0;1330.0;0.01;0.02;-0.07;0.0734846922835;0;0;
24;3798.0;1331.0;-0.01;-0.02;0.0;0.022360679775;0;0;
24;3686.0;1332.0;0.03;0.01;0.05;0.059160797831;0;0;
24;3836.0;1331.0;0.0;-0.01;-0.09;0.0905538513814;0;0;
24;3834.0;1331.0;0.02;0.01;-0.02;0.03;0;0;
24;3877.0;1331.0;0.0;0.0;-0.04;0.04;0;0;
24;3935.0;1332.0;0.01;0.0;-0.01;0.0141421356237;0;0;
24;3862.0;1332.0;0.03;-0.01;0.03;0.0435889894354;0;0;
24;4095.0;1333.0;0.01;0.06;0.04;0.0728010988928;0;0;
24;4065.0;1335.0;0.02;0.07;0.04;0.0830662386292;0;0;
24;3836.0;1333.0;-0.02;-0.04;0.0;0.04472135955;0;0;
24;3877.0;1334.0;0.02;0.0;-0.09;0.0921954445729;0;0;
24;3687.0;1332.0;0.01;0.03;0.03;0.0435889894354;0;0;
24;3737.0;1332.0;0.0;0.03;-0.01;0.0316227766017;0;0;
24;3898.0;1331.0;0.02;0.02;-0.04;0.0489897948557;0;0;
24;3657.0;1331.0;-0.02;-0.02;0.0;0.0282842712475;0;0;
24;3780.0;1332.0;-0.02;0.0;-0.04;0.04472135955;0;0;
24;3806.0;1331.0;0.0;-0.06;-0.08;0.1;0;0;
24;3670.0;1331.0;0.01;0.03;0.0;0.0316227766017;0;0;
24;3743.0;1332.0;0.0;0.05;-0.01;0.0509901951359;0;0;
24;3734.0;1331.0;0.02;0.05;0.06;0.080622577483;0;0;
24;3682.0;1331.0;0.0;0.0;-0.01;0.01;0;0;
24;3696.0;1332.0;-0.01;0.01;0.01;0.0173205080757;0;0;
24;3949.0;1332.0;-0.02;0.04;0.1;0.109544511501;0;0;
24;4095.0;1351.0;0.04;0.0;0.0;0.04;0;0;
24;4095.0;1355.0;0.02;0.05;0.06;0.080622577483;0;0;
24;3931.0;1344.0;0.0;-0.01;0.03;0.0316227766017;0;0;
24;3801.0;1336.0;0.0;-0.02;0.0;0.02;0;0;
24;3802.0;1335.0;0.0;0.04;-0.01;0.0412310562562;0;0;
24;3755.0;1333.0;0.0;0.0;0.03;0.03;0;0;
24;3781.0;1332.0;0.03;0.03;0.0;0.0424264068712;0;0;
24;3719.0;1331.0;0.02;0.02;0.02;0.0346410161514;0;0;
24;3765.0;1333.0;0.0;-0.02;-0.03;0.0360555127546;0;0;
24;3847.0;1331.0;0.02;-0.01;-0.01;0.0244948974278;0;0;
24;3661.0;1333.0;0.02;-0.02;0.03;0.0412310562562;0;0;
24;3718.0;1331.0;-0.01;0.02;0.01;0.0244948974278;0;0;
24;3850.0;1331.0;0.04;0.0;0.02;0.04472135955;0;0;
24;3669.0;1331.0;0.0;0.02;0.04;0.04472135955;0;0;
24;3674.0;1330.0;0.03;0.0;0.04;0.05;0;0;
24;3849.0;1331.0;0.01;0.03;0.03;0.0435889894354;0;0;
24;3666.0;1330.0;0.0;0.0;0.01;0.01;0;0;
24;3698.0;1332.0;0.02;0.0;0.05;0.0538516480713;0;0;
24;4095.0;1331.0;0.03;0.03;0.03;0.0519615242271;0;0;
24;4095.0;1334.0;0.0;0.0;0.01;0.01;0;0;
24;4095.0;1345.0;0.01;-0.02;0.01;0.0244948974278;0;0;
24;4010.0;1337.0;0.02;0.04;0.01;0.0458257569496;0;0;
24;3833.0;1337.0;0.01;0.03;0.04;0.0509901951359;0;0;
24;3763.0;1334.0;0.02;0.02;0.03;0.0412310562562;0;0;
24;3910.0;1331.0;0.02;0.03;0.0;0.0360555127546;0;0;
24;3727.0;1333.0;-0.01;0.01;0.02;0.0244948974278;0;0;
24;3747.0;1332.0;0.03;0.08;0.04;0.0943398113206;0;0;
24;3856.0;1332.0;0.01;0.03;0.03;0.0435889894354;0;0;
24;3666.0;1331.0;0.01;-0.02;0.01;0.0244948974278;0;0;
24;3662.0;1331.0;0.0;0.02;0.02;0.0282842712475;0;0;
24;3811.0;1331.0;-0.01;0.03;0.02;0.0374165738677;0;0;
24;3621.0;1332.0;0.01;0.02;0.02;0.03;0;0;
24;3692.0;1333.0;0.0;-0.01;0.02;0.022360679775;0;0;
24;3856.0;1332.0;0.0;0.06;0.0;0.06;0;0;
24;3705.0;1332.0;-0.01;-0.05;0.03;0.059160797831;0;0;
24;3715.0;1331.0;0.0;0.03;0.01;0.0316227766017;0;0;
24;4095.0;1332.0;0.02;0.04;-0.03;0.0538516480713;0;0;
24;4095.0;1332.0;0.02;0.04;-0.03;0.0538516480713;0;0;
24;4095.0;1333.0;0.01;-0.01;0.04;0.0424264068712;0;0;
24;3877.0;1332.0;-0.01;-0.01;-0.1;0.100995049384;0;0;
24;3868.0;1333.0;0.0;0.0;0.03;0.03;0;0;
24;3835.0;1332.0;0.0;0.04;-0.08;0.0894427191;0;0;
24;3874.0;1333.0;0.0;-0.01;-0.05;0.0509901951359;0;0;
24;3927.0;1332.0;0.04;0.04;0.0;0.0565685424949;0;0;
24;3918.0;1332.0;0.04;0.01;-0.02;0.0458257569496;0;0;
24;3802.0;1332.0;0.0;0.0;-0.06;0.06;0;0;
24;3789.0;1330.0;0.01;-0.01;0.05;0.0519615242271;0;0;
24;3865.0;1330.0;-0.01;0.01;-0.04;0.0424264068712;0;0;
24;3796.0;1332.0;0.01;0.0;-0.03;0.0316227766017;0;0;
24;3839.0;1331.0;0.01;-0.01;-0.02;0.0244948974278;0;0;
24;3854.0;1331.0;0.03;0.02;-0.01;0.0374165738677;0;0;
24;3804.0;1331.0;0.0;0.0;-0.03;0.03;0;0;
24;3854.0;1331.0;0.05;0.03;0.0;0.0583095189485;0;0;
24;3895.0;1332.0;0.02;0.0;0.02;0.0282842712475;0;0;
24;4095.0;1332.0;0.02;0.05;-0.03;0.0616441400297;0;0;
24;4006.0;1333.0;0.0;0.02;0.02;0.0282842712475;0;0;
24;3830.0;1333.0;0.0;0.04;0.05;0.0640312423743;0;0;
24;3810.0;1331.0;0.0;0.01;-0.08;0.080622577483;0;0;
24;3789.0;1331.0;0.01;0.02;-0.04;0.0458257569496;0;0;
24;3896.0;1332.0;0.04;0.01;-0.01;0.0424264068712;0;0;
24;3695.0;1331.0;0.02;-0.01;0.01;0.0244948974278;0;0;
24;3763.0;1332.0;0.0;0.03;0.03;0.0424264068712;0;0;
24;3793.0;1332.0;0.0;0.08;-0.02;0.0824621125124;0;0;
24;3710.0;1332.0;0.0;0.03;0.04;0.05;0;0;
24;3722.0;1331.0;0.0;0.03;0.0;0.03;0;0;
24;3763.0;1330.0;0.04;0.08;0.06;0.107703296143;0;0;
24;3727.0;1331.0;-0.02;-0.01;-0.02;0.03;0;0;
24;3819.0;1332.0;0.0;-0.06;-0.08;0.1;0;0;
24;3873.0;1331.0;0.01;0.0;0.0;0.01;0;0;
24;3649.0;1331.0;0.02;0.02;0.01;0.03;0;0;
24;3696.0;1331.0;0.01;0.04;-0.01;0.0424264068712;0;0;
24;3938.0;1330.0;0.04;0.04;0.03;0.0640312423743;0;0;
24;4095.0;1334.0;-0.03;-0.06;0.0;0.067082039325;0;0;
24;4095.0;1334.0;0.0;-0.05;0.0;0.05;0;0;
24;3932.0;1332.0;0.03;0.01;0.07;0.0768114574787;0;0;
24;3700.0;1331.0;-0.02;-0.02;0.0;0.0282842712475;0;0;
24;3801.0;1333.0;0.02;0.0;-0.02;0.0282842712475;0;0;
24;3811.0;1332.0;-0.01;0.04;0.0;0.0412310562562;0;0;
24;3777.0;1332.0;0.0;0.0;-0.01;0.01;0;0;
24;3763.0;1332.0;0.05;0.03;0.0;0.0583095189485;0;0;
24;3762.0;1330.0;0.04;0.03;0.01;0.0509901951359;0;0;
24;3845.0;1332.0;0.0;0.0;0.0;0.0;0;0;
24;3715.0;1334.0;-0.01;0.0;0.08;0.080622577483;0;0;
24;3765.0;1332.0;0.0;0.01;0.02;0.022360679775;0;0;
24;3820.0;1332.0;0.04;0.04;0.0;0.0565685424949;0;0;
24;3648.0;1331.0;0.04;0.06;0.03;0.0781024967591;0;0;
24;3722.0;1332.0;0.03;0.03;-0.01;0.0435889894354;0;0;
24;3871.0;1330.0;0.0;0.0;0.01;0.01;0;0;
24;3655.0;1332.0;0.0;0.0;0.07;0.07;0;0;
24;3695.0;1332.0;0.0;0.01;0.02;0.022360679775;0;0;
24;4061.0;1330.0;0.02;-0.02;-0.06;0.0663324958071;0;0;
24;3982.0;1331.0;0.01;0.0;0.04;0.0412310562562;0;0;
24;4095.0;1333.0;0.02;0.02;-0.04;0.0489897948557;0;0;
24;3887.0;1331.0;0.0;0.04;0.02;0.04472135955;0;0;
24;3795.0;1331.0;0.0;0.0;0.0;0.0;0;0;
24;3743.0;1331.0;0.01;0.0;0.01;0.0141421356237;0;0;
24;3710.0;1333.0;0.0;0.03;0.02;0.0360555127546;0;0;
24;3719.0;1332.0;0.0;0.02;0.02;0.0282842712475;0;0;
24;3815.0;1331.0;-0.02;-0.02;-0.01;0.03;0;0;
24;3796.0;1330.0;0.0;-0.03;-0.05;0.0583095189485;0;0;
24;3842.0;1331.0;0.02;0.03;-0.02;0.0412310562562;0;0;
24;3859.0;1331.0;0.0;0.0;-0.05;0.05;0;0;
24;3670.0;1332.0;0.02;0.01;0.07;0.0734846922835;0;0;
24;3793.0;1332.0;0.01;0.0;-0.05;0.0509901951359;0;0;
24;3832.0;1331.0;0.03;0.02;-0.07;0.0787400787401;0;0;
24;3814.0;1331.0;0.02;0.05;0.04;0.067082039325;0;0;
24;3846.0;1332.0;0.05;0.06;-0.03;0.0836660026534;0;0;
24;3855.0;1333.0;0.01;0.03;-0.01;0.0331662479036;0;0;
24;3926.0;1332.0;-0.01;0.0;0.0;0.01;0;0;
24;4064.0;1331.0;0.01;0.01;-0.06;0.0616441400297;0;0;
24;4095.0;1332.0;-0.03;-0.02;-0.01;0.0374165738677;0;0;
24;3883.0;1332.0;0.04;0.05;-0.06;0.0877496438739;0;0;
24;3878.0;1331.0;0.0;0.03;-0.05;0.0583095189485;0;0;
24;3884.0;1333.0;0.06;0.06;-0.02;0.0871779788708;0;0;
24;3827.0;1332.0;-0.01;0.02;-0.03;0.0374165738677;0;0;
24;3863.0;1331.0;0.0;0.03;-0.02;0.0360555127546;0;0;
24;3880.0;1331.0;-0.01;-0.02;0.02;0.03;0;0;
24;3855.0;1332.0;0.03;0.07;-0.07;0.103440804328;0;0;
24;3849.0;1331.0;0.01;0.0;-0.01;0.0141421356237;0;0;
24;3740.0;1331.0;0.0;0.04;0.0;0.04;0;0;
24;3851.0;1331.0;0.02;0.03;-0.02;0.0412310562562;0;0;
24;3749.0;1332.0;0.04;0.04;0.01;0.0574456264654;0;0;
24;3665.0;1332.0;0.01;0.0;0.04;0.0412310562562;0;0;
24;3717.0;1331.0;0.03;0.03;0.01;0.0435889894354;0;0;
24;3674.0;1332.0;0.0;-0.01;0.09;0.0905538513814;0;0;
24;3747.0;1331.0;0.01;0.06;0.04;0.0728010988928;0;0;
24;3770.0;1331.0;0.0;-0.02;0.0;0.02;0;0;
24;4095.0;1332.0;0.02;0.06;0.0;0.0632455532034;0;0;
24;4095.0;1332.0;0.0;-0.03;0.0;0.03;0;0;
24;4095.0;1334.0;0.0;0.08;-0.03;0.0854400374532;0;0;
24;4095.0;1334.0;-0.02;-0.01;0.02;0.03;0;0;
24;3797.0;1332.0;-0.02;-0.01;0.02;0.03;0;0;
24;3739.0;1332.0;0.01;0.05;0.02;0.0547722557505;0;0;
24;3809.0;1332.0;0.0;-0.04;0.04;0.0565685424949;0;0;
24;3865.0;1332.0;0.02;0.06;-0.04;0.0748331477355;0;0;
24;3849.0;1332.0;0.0;-0.04;0.0;0.04;0;0;
24;3689.0;1332.0;0.0;-0.02;0.01;0.022360679775;0;0;
24;3684.0;1331.0;-0.01;-0.02;0.03;0.0374165738677;0;0;
24;3758.0;1332.0;0.01;0.04;0.02;0.0458257569496;0;0;
24;3861.0;1332.0;0.01;0.03;-0.05;0.059160797831;0;0;
24;3834.0;1331.0;0.0;-0.02;-0.03;0.0360555127546;0;0;
24;3721.0;1332.0;0.02;-0.01;0.01;0.0244948974278;0;0;
24;3813.0;1332.0;0.03;0.03;-0.01;0.0435889894354;0;0;
24;3688.0;1332.0;0.04;0.02;0.03;0.0538516480713;0;0;
24;3732.0;1331.0;0.0;0.01;0.02;0.022360679775;0;0;
24;3807.0;1331.0;0.0;0.0;0.04;0.04;0;0;
24;4095.0;1332.0;0.0;0.03;-0.02;0.0360555127546;0;0;
24;3919.0;1332.0;0.02;0.03;0.0;0.0360555127546;0;0;
24;3911.0;1332.0;0.01;0.02;0.01;0.0244948974278;0;0;
24;3926.0;1332.0;0.01;0.01;-0.06;0.0616441400297;0;0;
24;3845.0;1332.0;0.0;0.0;0.0;0.0;0;0;
24;3699.0;1331.0;0.02;0.04;0.01;0.0458257569496;0;0;
24;3740.0;1331.0;0.0;0.03;0.0;0.03;0;0;
24;3883.0;1332.0;0.0;0.02;-0.05;0.0538516480713;0;0;
24;3891.0;1333.0;0.01;0.01;0.0;0.0141421356237;0;0;
24;3746.0;1332.0;-0.01;0.01;0.06;0.0616441400297;0;0;
24;3852.0;1332.0;0.02;0.07;-0.02;0.0754983443527;0;0;
24;3698.0;1331.0;-0.01;-0.01;-0.01;0.0173205080757;0;0;
24;3785.0;1332.0;0.0;0.03;0.01;0.0316227766017;0;0;
24;3840.0;1332.0;-0.01;0.0;-0.01;0.0141421356237;0;0;
24;3835.0;1331.0;0.01;0.03;-0.01;0.0331662479036;0;0;
24;3875.0;1331.0;-0.01;-0.05;-0.01;0.0519615242271;0;0;
24;3771.0;1331.0;0.02;0.01;0.0;0.022360679775;0;0;
24;3795.0;1332.0;0.05;0.05;-0.08;0.10677078252;0;0;
24;3885.0;1332.0;0.03;0.0;-0.01;0.0316227766017;0;0;
24;4095.0;1333.0;-0.06;-0.03;0.02;0.07;0;0;
24;4095.0;1334.0;0.04;0.03;-0.04;0.0640312423743;0;0;
24;4095.0;1333.0;-0.01;-0.07;-0.01;0.0714142842854;0;0;
24;3813.0;1333.0;0.03;0.0;0.0;0.03;0;0;
24;3888.0;1332.0;0.02;0.05;-0.02;0.0574456264654;0;0;
24;3879.0;1331.0;0.04;0.06;-0.06;0.0938083151965;0;0;
24;3793.0;1332.0;0.03;0.04;-0.02;0.0538516480713;0;0;
24;3680.0;1332.0;0.03;0.0;0.02;0.0360555127546;0;0;
24;3765.0;1331.0;0.03;0.07;0.01;0.0768114574787;0;0;
24;3763.0;1331.0;0.0;0.0;0.0;0.0;0;0;
24;3724.0;1331.0;0.02;0.05;0.04;0.067082039325;0;0;
24;3744.0;1331.0;0.0;-0.01;0.01;0.0141421356237;0;0;
24;3769.0;1332.0;-0.01;0.02;0.06;0.0640312423743;0;0;
24;3723.0;1331.0;0.03;0.03;0.0;0.0424264068712;0;0;
24;3668.0;1331.0;0.02;0.03;0.0;0.0360555127546;0;0;
24;3883.0;1332.0;0.0;0.01;0.0;0.01;0;0;
24;4095.0;1333.0;0.0;0.02;0.03;0.0360555127546;0;0;
24;4095.0;1334.0;0.01;0.0;0.02;0.022360679775;0;0;
24;3925.0;1333.0;0.0;0.0;0.0;0.0;0;0;
24;3911.0;1332.0;0.01;0.0;-0.01;0.0141421356237;0;0;
24;3703.0;1332.0;0.02;0.01;0.03;0.0374165738677;0;0;
24;3752.0;1332.0;0.0;-0.01;0.02;0.022360679775;0;0;
24;3874.0;1331.0;0.03;0.0;0.02;0.0360555127546;0;0;
24;3740.0;1332.0;0.02;0.03;0.0;0.0360555127546;0;0;
24;3740.0;1331.0;0.02;0.02;-0.01;0.03;0;0;
24;3812.0;1332.0;0.01;0.0;0.04;0.0412310562562;0;0;
24;3663.0;1331.0;0.01;0.02;0.03;0.0374165738677;0;0;
24;3733.0;1332.0;0.01;0.0;0.07;0.0707106781187;0;0;
24;3705.0;1331.0;-0.01;0.0;0.02;0.022360679775;0;0;
24;3734.0;1332.0;0.0;0.0;0.01;0.01;0;0;
24;3734.0;1332.0;-0.01;0.04;0.07;0.0812403840464;0;0;
24;3685.0;1331.0;0.03;0.04;0.01;0.0509901951359;0;0;
24;3768.0;1331.0;0.0;0.0;-0.01;0.01;0;0;
24;4074.0;1332.0;0.03;0.01;0.0;0.0316227766017;0;0;
24;4095.0;1332.0;0.0;0.02;-0.01;0.022360679775;0;0;
24;4095.0;1340.0;0.0;0.01;0.02;0.022360679775;0;0;
24;4095.0;1339.0;0.04;0.03;-0.06;0.0781024967591;0;0;
24;3999.0;1336.0;0.01;-0.01;-0.05;0.0519615242271;0;0;
24;3914.0;1334.0;0.01;0.05;-0.04;0.0648074069841;0;0;
24;3905.0;1334.0;-0.01;-0.03;0.06;0.0678232998313;0;0;
24;3908.0;1333.0;0.01;0.01;0.0;0.0141421356237;0;0;
24;3826.0;1333.0;0.02;-0.07;0.05;0.0883176086633;0;0;
24;3827.0;1332.0;0.05;0.08;-0.01;0.0948683298051;0;0;
24;3726.0;1333.0;0.0;0.0;0.01;0.01;0;0;
24;3861.0;1331.0;0.02;0.02;0.03;0.0412310562562;0;0;
24;3804.0;1332.0;0.0;0.01;0.07;0.0707106781187;0;0;
24;3809.0;1331.0;0.01;0.05;-0.03;0.059160797831;0;0;
24;3678.0;1331.0;0.02;0.03;0.01;0.0374165738677;0;0;
24;3744.0;1331.0;0.05;0.06;0.02;0.080622577483;0;0;
24;3749.0;1332.0;0.0;0.0;0.02;0.02;0;0;
24;3685.0;1330.0;0.04;0.01;0.02;0.0458257569496;0;0;
24;3862.0;1332.0;-0.02;0.01;-0.02;0.03;0;0;
24;3856.0;1331.0;0.0;-0.01;0.04;0.0412310562562;0;0;
24;3837.0;1331.0;0.02;0.0;0.0;0.02;0;0;
24;3856.0;1332.0;-0.02;0.02;0.02;0.0346410161514;0;0;
24;3991.0;1332.0;0.0;0.03;0.02;0.0360555127546;0;0;
24;4095.0;1334.0;-0.01;0.0;-0.05;0.0509901951359;0;0;
24;4036.0;1341.0;0.04;0.03;0.0;0.05;0;0;
24;3904.0;1341.0;0.02;0.04;0.04;0.06;0;0;
24;3799.0;1337.0;0.01;0.01;0.01;0.0173205080757;0;0;
24;3948.0;1333.0;-0.01;0.01;-0.02;0.0244948974278;0;0;
24;3749.0;1333.0;0.03;0.01;0.05;0.059160797831;0;0;
24;3857.0;1333.0;0.0;0.0;0.0;0.0;0;0;
24;3811.0;1332.0;0.0;-0.01;0.03;0.0316227766017;0;0;
24;3853.0;1331.0;0.03;0.05;-0.01;0.059160797831;0;0;
24;3820.0;1331.0;0.0;0.01;-0.04;0.0412310562562;0;0;
24;3765.0;1331.0;0.05;0.0;0.01;0.0509901951359;0;0;
24;3666.0;1331.0;0.03;0.05;0.02;0.0616441400297;0;0;
24;3698.0;1332.0;0.04;0.01;0.05;0.0648074069841;0;0;
24;3861.0;1332.0;0.0;0.0;-0.01;0.01;0;0;
24;3824.0;1331.0;0.0;0.01;0.05;0.0509901951359;0;0;
24;3756.0;1331.0;-0.02;0.0;0.05;0.0538516480713;0;0;
24;3815.0;1332.0;0.0;-0.06;0.0;0.06;0;0;
24;3834.0;1331.0;0.04;0.05;-0.04;0.0754983443527;0;0;
24;3856.0;1332.0;0.0;0.0;0.0;0.0;0;0;
24;3902.0;1332.0;0.06;0.08;0.0;0.1;0;0;
24;4074.0;1331.0;0.0;0.0;0.0;0.0;0;0;
24;4095.0;1334.0;0.03;0.01;-0.04;0.0509901951359;0;0;
24;4072.0;1335.0;0.01;0.0;-0.03;0.0316227766017;0;0;
24;3892.0;1334.0;0.0;0.01;0.02;0.022360679775;0;0;
24;3786.0;1333.0;0.0;0.01;0.04;0.0412310562562;0;0;
24;3851.0;1332.0;-0.05;-0.06;-0.03;0.0836660026534;0;0;
24;3908.0;1332.0;0.01;-0.01;-0.01;0.0173205080757;0;0;
24;3921.0;1333.0;0.01;0.03;-0.05;0.059160797831;0;0;
24;3704.0;1332.0;0.03;0.07;0.01;0.0768114574787;0;0;
24;3787.0;1332.0;0.0;-0.03;0.0;0.03;0;0;
24;3778.0;1331.0;0.02;0.06;0.02;0.0663324958071;0;0;
24;3861.0;1331.0;0.01;0.03;-0.04;0.0509901951359;0;0;
24;3749.0;1331.0;0.0;0.04;0.03;0.05;0;0;
24;3812.0;1333.0;0.03;0.02;0.0;0.0360555127546;0;0;
24;3815.0;1332.0;0.02;0.05;0.04;0.067082039325;0;0;
24;3856.0;1331.0;0.03;0.06;-0.06;0.09;0;0;
24;3854.0;1331.0;0.0;-0.02;-0.05;0.0538516480713;0;0;
24;3686.0;1332.0;0.0;-0.02;0.04;0.04472135955;0;0;
24;3864.0;1333.0;0.0;0.03;-0.1;0.104403065089;0;0;
24;4016.0;1331.0;0.03;0.05;0.03;0.065574385243;0;0;
24;4095.0;1334.0;0.01;0.03;-0.04;0.0509901951359;0;0;
24;4095.0;1338.0;0.0;0.03;0.03;0.0424264068712;0;0;
24;4081.0;1338.0;0.02;0.05;0.02;0.0574456264654;0;0;
24;4036.0;1336.0;0.01;0.03;-0.01;0.0331662479036;0;0;
24;3909.0;1335.0;0.0;0.02;-0.01;0.022360679775;0;0;
24;3785.0;1332.0;0.03;0.0;0.03;0.0424264068712;0;0;
24;3801.0;1333.0;0.02;0.05;0.0;0.0538516480713;0;0;
24;3842.0;1331.0;0.01;-0.01;-0.06;0.0616441400297;0;0;
24;3731.0;1332.0;0.0;-0.03;0.0;0.03;0;0;
24;3915.0;1331.0;-0.01;-0.02;-0.05;0.0547722557505;0;0;
24;3726.0;1331.0;0.0;-0.01;0.02;0.022360679775;0;0;
24;3788.0;1334.0;0.01;0.04;0.02;0.0458257569496;0;0;
24;3832.0;1332.0;0.01;0.0;-0.09;0.0905538513814;0;0;
24;3864.0;1331.0;0.01;0.03;-0.09;0.0953939201417;0;0;
24;3685.0;1332.0;0.0;0.01;0.02;0.022360679775;0;0;
24;3760.0;1331.0;0.0;0.01;0.02;0.022360679775;0;0;
24;3778.0;1332.0;0.0;0.01;0.01;0.0141421356237;0;0;
24;3834.0;1333.0;0.03;0.03;0.02;0.0469041575982;0;0;
24;3712.0;1331.0;0.01;0.0;0.01;0.0141421356237;0;0;
24;3824.0;1332.0;-0.02;0.0;-0.04;0.04472135955;0;0;
24;3683.0;1331.0;0.02;0.04;0.02;0.0489897948557;0;0;
24;3896.0;1331.0;0.01;0.03;-0.03;0.0435889894354;0;0;
24;3898.0;1333.0;-0.01;0.0;0.0;0.01;0;0;
24;3992.0;1331.0;0.03;0.03;-0.06;0.0734846922835;0;0;
24;4095.0;1345.0;-0.01;-0.01;0.06;0.0616441400297;0;0;
24;4095.0;1344.0;0.0;0.0;-0.04;0.04;0;0;
24;4080.0;1339.0;0.0;-0.04;-0.06;0.0721110255093;0;0;
24;3860.0;1335.0;0.03;0.0;0.01;0.0316227766017;0;0;
24;3887.0;1335.0;0.01;0.0;-0.02;0.022360679775;0;0;
24;3855.0;1335.0;0.01;0.04;0.05;0.0648074069841;0;0;
24;3925.0;1333.0;0.01;0.03;0.02;0.0374165738677;0;0;
24;3758.0;1332.0;0.0;-0.01;0.03;0.0316227766017;0;0;
24;3911.0;1333.0;0.03;0.0;0.0;0.03;0;0;
24;3771.0;1332.0;-0.01;0.03;0.0;0.0316227766017;0;0;
24;3826.0;1331.0;0.0;-0.02;-0.06;0.0632455532034;0;0;
24;3815.0;1331.0;0.04;0.07;-0.04;0.09;0;0;
24;3881.0;1331.0;0.01;0.02;-0.05;0.0547722557505;0;0;
24;3884.0;1332.0;0.01;0.04;0.02;0.0458257569496;0;0;
24;3851.0;1332.0;0.0;-0.03;-0.01;0.0316227766017;0;0;
24;3688.0;1333.0;0.0;0.03;0.04;0.05;0;0;
24;3758.0;1331.0;0.0;0.03;0.05;0.0583095189485;0;0;
24;3845.0;1331.0;0.02;0.0;-0.01;0.022360679775;0;0;
24;3766.0;1331.0;0.02;0.03;0.03;0.0469041575982;0;0;
24;3803.0;1332.0;0.03;0.05;-0.05;0.0768114574787;0;0;
24;3808.0;1332.0;0.0;0.03;-0.01;0.0316227766017;0;0;
24;4095.0;1331.0;-0.01;-0.02;0.01;0.0244948974278;0;0;
24;4094.0;1332.0;0.04;0.04;0.0;0.0565685424949;0;0;
24;4095.0;1349.0;0.01;0.03;-0.01;0.0331662479036;0;0;
24;4095.0;1359.0;0.0;-0.05;0.0;0.05;0;0;
24;4036.0;1355.0;0.04;0.06;0.02;0.0748331477355;0;0;
24;4074.0;1347.0;0.0;0.01;-0.01;0.0141421356237;0;0;
24;4018.0;1340.0;-0.01;-0.03;0.0;0.0316227766017;0;0;
24;3800.0;1339.0;0.0;-0.01;0.02;0.022360679775;0;0;
24;3949.0;1338.0;0.0;0.03;-0.01;0.0316227766017;0;0;
24;3939.0;1336.0;0.0;0.01;0.0;0.01;0;0;
24;3737.0;1334.0;0.0;0.0;0.02;0.02;0;0;
24;3936.0;1333.0;0.02;0.06;0.0;0.0632455532034;0;0;
24;3920.0;1333.0;0.0;-0.01;0.03;0.0316227766017;0;0;
24;3719.0;1332.0;0.02;0.03;0.02;0.0412310562562;0;0;
24;3882.0;1332.0;0.02;0.04;0.02;0.0489897948557;0;0;
24;3916.0;1332.0;0.05;0.04;0.01;0.0648074069841;0;0;
24;3704.0;1333.0;0.05;0.04;0.01;0.0648074069841;0;0;
24;3878.0;1332.0;0.0;0.04;-0.04;0.0565685424949;0;0;
24;3914.0;1330.0;0.01;0.03;0.02;0.0374165738677;0;0;
24;3683.0;1332.0;0.0;0.01;0.01;0.0141421356237;0;0;
24;3906.0;1333.0;0.01;0.01;0.0;0.0141421356237;0;0;
24;3714.0;1333.0;-0.01;0.0;0.01;0.0141421356237;0;0;
24;3688.0;1332.0;0.0;0.03;0.03;0.0424264068712;0;0;
24;3900.0;1331.0;-0.01;0.01;0.0;0.0141421356237;0;0;
24;3822.0;1332.0;0.0;-0.02;0.0;0.02;0;0;
24;3736.0;1333.0;0.01;0.03;0.05;0.059160797831;0;0;
24;4095.0;1332.0;0.01;-0.02;0.01;0.0244948974278;0;0;
24;4095.0;1344.0;0.03;0.02;0.01;0.0374165738677;0;0;
24;4095.0;1343.0;0.01;0.03;0.02;0.0374165738677;0;0;
24;4095.0;1341.0;0.0;0.0;0.01;0.01;0;0;
24;3825.0;1336.0;0.01;0.0;0.03;0.0316227766017;0;0;
24;3894.0;1336.0;0.0;0.01;0.07;0.0707106781187;0;0;
24;3744.0;1334.0;0.01;-0.02;-0.01;0.0244948974278;0;0;
24;3713.0;1334.0;0.01;0.02;0.03;0.0374165738677;0;0;
24;3805.0;1334.0;0.02;0.01;0.0;0.022360679775;0;0;
24;3821.0;1334.0;0.01;0.02;0.03;0.0374165738677;0;0;
24;3769.0;1332.0;0.0;0.07;0.0;0.07;0;0;
24;3791.0;1333.0;0.02;0.0;0.06;0.0632455532034;0;0;
24;3707.0;1333.0;0.0;0.0;0.01;0.01;0;0;
24;3675.0;1331.0;0.0;0.01;0.04;0.0412310562562;0;0;
24;3754.0;1332.0;0.0;0.02;0.0;0.02;0;0;
24;3772.0;1332.0;0.02;0.01;0.01;0.0244948974278;0;0;
24;3701.0;1330.0;0.02;0.0;0.02;0.0282842712475;0;0;
24;3776.0;1332.0;0.02;0.0;0.02;0.0282842712475;0;0;
24;3710.0;1332.0;0.02;0.05;0.03;0.0616441400297;0;0;
24;3703.0;1332.0;0.05;-0.01;0.09;0.103440804328;0;0;
24;3732.0;1332.0;0.04;0.05;-0.01;0.0648074069841;0;0;
24;3687.0;1333.0;0.0;0.07;0.03;0.0761577310586;0;0;
24;3691.0;1332.0;-0.02;-0.01;0.0;0.022360679775;0;0;
24;3780.0;1333.0;0.0;0.0;-0.01;0.01;0;0;
24;3872.0;1333.0;0.0;0.05;0.07;0.0860232526704;0;0;
24;4095.0;1336.0;0.01;0.0;0.02;0.022360679775;0;0;
24;4095.0;1336.0;0.0;0.02;0.0;0.02;0;0;
24;4095.0;1367.0;0.05;0.07;0.03;0.0911043357914;0;0;
24;4080.0;1350.0;0.01;0.06;-0.03;0.0678232998313;0;0;
24;4095.0;1349.0;-0.01;-0.02;-0.08;0.0830662386292;0;0;
24;4013.0;1344.0;0.04;0.07;0.02;0.0830662386292;0;0;
24;3957.0;1337.0;0.04;0.0;-0.05;0.0640312423743;0;0;
24;3953.0;1338.0;0.04;0.06;-0.02;0.0748331477355;0;0;
24;3934.0;1335.0;-0.01;-0.04;-0.03;0.0509901951359;0;0;
24;3947.0;1334.0;0.01;0.01;-0.03;0.0331662479036;0;0;
24;3954.0;1334.0;0.0;0.03;-0.02;0.0360555127546;0;0;
24;3906.0;1334.0;-0.03;-0.04;-0.05;0.0707106781187;0;0;
24;3930.0;1333.0;0.0;0.05;0.0;0.05;0;0;
24;3712.0;1333.0;0.0;-0.01;0.04;0.0412310562562;0;0;
24;3882.0;1333.0;-0.01;0.0;0.01;0.0141421356237;0;0;
24;3799.0;1331.0;-0.03;-0.03;-0.01;0.0435889894354;0;0;
24;3723.0;1331.0;-0.01;-0.03;0.01;0.0331662479036;0;0;
24;3925.0;1333.0;0.01;-0.01;0.02;0.0244948974278;0;0;
24;3715.0;1333.0;-0.01;-0.08;0.07;0.10677078252;0;0;
24;3773.0;1331.0;-0.01;-0.08;0.07;0.10677078252;0;0;
24;3716.0;1332.0;0.03;0.03;-0.01;0.0435889894354;0;0;
24;3740.0;1331.0;0.03;0.06;0.01;0.0678232998313;0;0;
24;3783.0;1332.0;0.04;0.06;0.01;0.0728010988928;0;0;
24;3702.0;1332.0;0.0;0.0;0.0;0.0;0;0;
24;3780.0;1333.0;0.01;0.02;0.03;0.0374165738677;0;0;
24;3968.0;1331.0;0.02;0.03;-0.01;0.0374165738677;0;0;
24;4095.0;1332.0;0.01;0.02;-0.01;0.0244948974278;0;0;
24;4095.0;1334.0;0.03;0.03;0.0;0.0424264068712;0;0;
24;4095.0;1436.0;0.0;0.03;-0.08;0.0854400374532;0;0;
24;4095.0;1430.0;0.02;0.0;-0.01;0.022360679775;0;0;
24;4095.0;1397.0;0.04;0.04;-0.01;0.0574456264654;0;0;
24;4095.0;1366.0;0.02;0.03;-0.02;0.0412310562562;0;0;
24;3982.0;1362.0;0.0;0.02;0.04;0.04472135955;0;0;
24;4059.0;1353.0;0.03;0.07;-0.01;0.0768114574787;0;0;
24;4022.0;1342.0;0.01;0.0;0.01;0.0141421356237;0;0;
24;3819.0;1342.0;0.0;0.0;0.06;0.06;0;0;
24;4028.0;1338.0;0.02;0.02;0.02;0.0346410161514;0;0;
24;3786.0;1334.0;0.02;0.01;0.0;0.022360679775;0;0;
24;3837.0;1336.0;0.01;0.04;0.0;0.0412310562562;0;0;
24;3760.0;1334.0;0.04;0.01;0.02;0.0458257569496;0;0;
24;3803.0;1332.0;0.02;0.02;0.01;0.03;0;0;
24;3815.0;1333.0;0.04;0.05;-0.06;0.0877496438739;0;0;
24;3823.0;1332.0;0.0;0.02;0.06;0.0632455532034;0;0;
24;3934.0;1332.0;0.04;0.0;-0.02;0.04472135955;0;0;
24;3761.0;1332.0;0.01;0.01;0.0;0.0141421356237;0;0;
24;3900.0;1331.0;0.01;0.02;0.0;0.022360679775;0;0;
24;3788.0;1331.0;0.04;0.01;0.04;0.0574456264654;0;0;
24;3766.0;1332.0;0.02;0.03;0.03;0.0469041575982;0;0;
24;3855.0;1331.0;0.0;0.01;0.01;0.0141421356237;0;0;
24;3769.0;1332.0;0.05;0.07;0.0;0.0860232526704;0;0;
24;3831.0;1333.0;0.06;0.04;-0.08;0.107703296143;0;0;
24;3712.0;1332.0;-0.03;-0.01;0.05;0.059160797831;0;0;
24;4095.0;1331.0;0.0;0.03;0.06;0.067082039325;0;0;
24;4095.0;1334.0;0.01;-0.04;-0.05;0.0648074069841;0;0;
24;4095.0;1338.0;-0.01;-0.01;-0.02;0.0244948974278;0;0;
24;4095.0;1362.0;-0.04;-0.02;-0.07;0.0830662386292;0;0;
24;4095.0;1360.0;0.0;0.02;0.0;0.02;0;0;
24;4095.0;1350.0;-0.01;-0.02;-0.04;0.0458257569496;0;0;
24;4091.0;1340.0;-0.04;-0.02;0.01;0.0458257569496;0;0;
24;3866.0;1340.0;0.0;0.0;0.05;0.05;0;0;
24;4010.0;1338.0;0.03;0.07;-0.05;0.0911043357914;0;0;
24;3946.0;1336.0;0.01;0.03;0.0;0.0316227766017;0;0;
24;3830.0;1335.0;-0.02;0.01;0.02;0.03;0;0;
24;3981.0;1333.0;0.04;0.08;0.0;0.0894427191;0;0;
24;3779.0;1333.0;-0.01;-0.02;0.04;0.0458257569496;0;0;
24;3834.0;1334.0;0.0;0.05;0.02;0.0538516480713;0;0;
24;3782.0;1332.0;0.03;-0.02;-0.01;0.0374165738677;0;0;
24;3745.0;1332.0;0.02;0.01;0.0;0.022360679775;0;0;
24;3803.0;1332.0;0.03;0.01;0.02;0.0374165738677;0;0;
24;3755.0;1332.0;0.0;0.0;0.04;0.04;0;0;
24;3815.0;1331.0;0.02;0.0;0.03;0.0360555127546;0;0;
24;3871.0;1331.0;0.0;-0.04;-0.06;0.0721110255093;0;0;
24;3802.0;1332.0;0.05;0.07;0.0;0.0860232526704;0;0;
24;3809.0;1332.0;0.01;0.0;0.03;0.0316227766017;0;0;
24;3807.0;1333.0;0.02;-0.02;-0.05;0.0574456264654;0;0;
24;3808.0;1331.0;0.02;0.03;0.0;0.0360555127546;0;0;
24;3862.0;1332.0;0.0;-0.02;-0.03;0.0360555127546;0;0;
24;3881.0;1332.0;0.02;0.06;0.02;0.0663324958071;0;0;
24;4023.0;1333.0;-0.04;-0.06;-0.05;0.0877496438739;0;0;
24;4095.0;1334.0;0.0;0.0;0.02;0.02;0;0;
24;4095.0;1342.0;0.0;0.0;0.0;0.0;0;0;
24;4095.0;1344.0;-0.01;0.0;-0.03;0.0316227766017;0;0;
24;4095.0;1337.0;0.0;0.02;0.02;0.0282842712475;0;0;
24;3928.0;1339.0;-0.02;-0.02;0.01;0.03;0;0;
24;4071.0;1336.0;0.03;0.03;-0.04;0.0583095189485;0;0;
24;3984.0;1334.0;0.0;-0.02;0.0;0.02;0;0;
24;3792.0;1334.0;0.02;0.03;0.05;0.0616441400297;0;0;
24;3947.0;1334.0;0.05;0.03;-0.02;0.0616441400297;0;0;
24;3809.0;1333.0;0.03;0.03;0.0;0.0424264068712;0;0;
24;3861.0;1333.0;0.0;0.0;0.01;0.01;0;0;
24;3814.0;1332.0;0.0;0.0;-0.01;0.01;0;0;
24;3733.0;1333.0;0.03;0.0;0.01;0.0316227766017;0;0;
24;3800.0;1332.0;0.04;0.04;0.01;0.0574456264654;0;0;
24;3737.0;1333.0;0.04;0.03;0.07;0.0860232526704;0;0;
24;3872.0;1331.0;0.03;0.07;-0.04;0.0860232526704;0;0;
24;3903.0;1332.0;0.03;0.01;-0.04;0.0509901951359;0;0;
24;3808.0;1332.0;0.0;0.0;0.02;0.02;0;0;
24;3826.0;1332.0;0.02;0.02;-0.03;0.0412310562562;0;0;
24;3835.0;1331.0;0.05;0.01;-0.01;0.0519615242271;0;0;
24;3833.0;1331.0;-0.03;0.0;-0.06;0.067082039325;0;0;
24;3899.0;1333.0;0.0;0.0;0.01;0.01;0;0;
24;3738.0;1331.0;0.03;0.0;0.01;0.0316227766017;0;0;
24;3892.0;1332.0;0.02;0.0;-0.07;0.0728010988928;0;0;
24;3875.0;1333.0;-0.03;-0.02;-0.02;0.0412310562562;0;0;
24;3705.0;1332.0;0.01;0.04;0.0;0.0412310562562;0;0;
24;4093.0;1333.0;0.03;0.02;-0.01;0.0374165738677;0;0;
24;4095.0;1334.0;0.03;0.06;0.01;0.0678232998313;0;0;
24;4095.0;1334.0;-0.01;0.0;0.0;0.01;0;0;
24;4095.0;1334.0;0.03;0.02;-0.02;0.0412310562562;0;0;
24;3868.0;1332.0;0.0;0.02;0.0;0.02;0;0;
24;3911.0;1334.0;0.0;0.01;0.0;0.01;0;0;
24;3845.0;1332.0;0.01;-0.01;0.02;0.0244948974278;0;0;
24;3828.0;1333.0;0.05;0.01;0.03;0.059160797831;0;0;
24;3866.0;1332.0;0.0;-0.02;-0.05;0.0538516480713;0;0;
24;3806.0;1333.0;0.06;0.07;0.03;0.0969535971483;0;0;
24;3852.0;1331.0;0.02;0.0;0.03;0.0360555127546;0;0;
24;3853.0;1331.0;0.04;0.0;-0.03;0.05;0;0;
24;3807.0;1332.0;0.02;0.05;0.01;0.0547722557505;0;0;
24;3856.0;1332.0;0.0;0.02;-0.01;0.022360679775;0;0;
24;3892.0;1332.0;0.01;0.02;-0.01;0.0244948974278;0;0;
24;3842.0;1332.0;0.01;0.05;0.01;0.0519615242271;0;0;
24;3891.0;1332.0;0.01;0.02;-0.01;0.0244948974278;0;0;
24;3877.0;1333.0;0.02;0.0;0.02;0.0282842712475;0;0;
24;3857.0;1333.0;0.0;-0.01;-0.08;0.080622577483;0;0;
24;3890.0;1331.0;0.0;0.04;0.03;0.05;0;0;
24;3792.0;1331.0;0.03;0.07;-0.01;0.0768114574787;0;0;
24;3877.0;1331.0;0.01;0.04;-0.01;0.0424264068712;0;0;
24;3861.0;1331.0;-0.04;-0.03;-0.01;0.0509901951359;0;0;
24;3862.0;1332.0;0.04;0.04;-0.02;0.06;0;0;
24;3836.0;1333.0;0.0;0.0;-0.01;0.01;0;0;
24;3674.0;1332.0;0.0;0.04;0.02;0.04472135955;0;0;
24;3854.0;1332.0;0.03;0.02;-0.01;0.0374165738677;0;0;
24;3951.0;1331.0;0.01;0.03;0.01;0.0331662479036;0;0;
24;4000.0;1332.0;0.05;0.0;0.03;0.0583095189485;0;0;
24;4095.0;1333.0;0.02;0.03;0.01;0.0374165738677;0;0;
24;3946.0;1332.0;0.03;0.0;0.03;0.0424264068712;0;0;
24;3978.0;1332.0;0.02;0.03;0.04;0.0538516480713;0;0;
24;3806.0;1332.0;0.0;0.03;-0.01;0.0316227766017;0;0;
24;3770.0;1331.0;0.0;0.0;0.02;0.02;0;0;
24;3837.0;1332.0;0.0;0.01;0.04;0.0412310562562;0;0;
24;3713.0;1332.0;0.0;0.0;0.03;0.03;0;0;
24;3884.0;1332.0;0.0;0.0;0.06;0.06;0;0;
24;3912.0;1332.0;0.0;0.0;-0.03;0.03;0;0;
24;3886.0;1331.0;0.0;-0.02;-0.06;0.0632455532034;0;0;
24;3871.0;1333.0;0.0;0.03;-0.06;0.067082039325;0;0;
24;3845.0;1331.0;-0.01;0.0;-0.01;0.0141421356237;0;0;
24;3851.0;1332.0;0.02;0.0;-0.09;0.0921954445729;0;0;
24;3895.0;1331.0;0.0;-0.01;-0.03;0.0316227766017;0;0;
24;3705.0;1332.0;-0.02;0.0;0.0;0.02;0;0;
24;3869.0;1333.0;0.01;0.04;-0.01;0.0424264068712;0;0;
24;3706.0;1331.0;0.02;0.02;-0.01;0.03;0;0;
24;3743.0;1333.0;0.01;0.03;0.0;0.0316227766017;0;0;
24;3674.0;1332.0;0.02;0.0;0.03;0.0360555127546;0;0;
24;3800.0;1331.0;0.01;0.04;-0.04;0.0574456264654;0;0;
24;3824.0;1331.0;0.0;-0.02;-0.09;0.0921954445729;0;0;
24;3787.0;1332.0;0.05;0.04;0.04;0.0754983443527;0;0;
24;3932.0;1332.0;0.0;-0.02;-0.06;0.0632455532034;0;0;
24;4026.0;1333.0;0.02;0.04;-0.03;0.0538516480713;0;0;
24;4095.0;1333.0;-0.02;-0.04;-0.09;0.100498756211;0;0;
24;4095.0;1333.0;0.01;0.05;-0.02;0.0547722557505;0;0;
24;3950.0;1332.0;0.0;-0.04;0.0;0.04;0;0;
24;4014.0;1333.0;0.01;-0.02;0.0;0.022360679775;0;0;
24;3972.0;1332.0;0.01;0.03;-0.01;0.0331662479036;0;0;
24;3782.0;1333.0;0.0;0.0;0.03;0.03;0;0;
24;3875.0;1333.0;0.02;0.0;0.0;0.02;0;0;
24;3742.0;1332.0;-0.01;-0.01;0.03;0.0331662479036;0;0;
24;3819.0;1331.0;0.03;0.04;0.0;0.05;0;0;
24;3757.0;1332.0;0.02;0.0;0.0;0.02;0;0;
24;3807.0;1331.0;0.04;0.06;0.01;0.0728010988928;0;0;
24;3824.0;1331.0;-0.01;-0.04;-0.06;0.0728010988928;0;0;
24;3809.0;1332.0;0.0;0.01;0.01;0.0141421356237;0;0;
24;3853.0;1331.0;0.0;-0.03;-0.07;0.0761577310586;0;0;
24;3772.0;1331.0;0.02;0.05;0.0;0.0538516480713;0;0;
24;3787.0;1333.0;0.0;0.01;0.02;0.022360679775;0;0;
24;3823.0;1332.0;0.0;-0.02;-0.03;0.0360555127546;0;0;
24;3812.0;1333.0;0.01;0.0;-0.01;0.0141421356237;0;0;
24;3860.0;1332.0;-0.02;0.02;-0.09;0.0943398113206;0;0;
24;3849.0;1333.0;0.0;0.01;-0.02;0.022360679775;0;0;
24;3819.0;1332.0;0.04;0.07;-0.03;0.0860232526704;0;0;
24;3858.0;1331.0;0.02;0.04;-0.02;0.0489897948557;0;0;
24;3723.0;1332.0;-0.01;0.01;-0.01;0.0173205080757;0;0;
24;3884.0;1332.0;0.04;0.08;-0.01;0.09;0;0;
24;3908.0;1332.0;0.05;0.03;-0.05;0.0768114574787;0;0;
24;3819.0;1333.0;-0.01;0.02;-0.01;0.0244948974278;0;0;
24;4095.0;1333.0;0.05;0.05;-0.01;0.0714142842854;0;0;
24;4095.0;1333.0;0.04;0.02;0.01;0.0458257569496;0;0;
24;4030.0;1333.0;0.03;0.03;0.04;0.0583095189485;0;0;
24;4094.0;1333.0;0.02;0.01;0.02;0.03;0;0;
24;3881.0;1332.0;0.02;0.05;0.01;0.0547722557505;0;0;
24;3913.0;1332.0;0.01;-0.03;0.0;0.0316227766017;0;0;
24;3815.0;1334.0;-0.01;-0.05;0.02;0.0547722557505;0;0;
24;3797.0;1331.0;0.01;-0.02;0.01;0.0244948974278;0;0;
24;3852.0;1333.0;-0.01;-0.01;0.0;0.0141421356237;0;0;
24;3765.0;1333.0;0.03;0.05;0.01;0.059160797831;0;0;
24;3850.0;1331.0;0.0;-0.02;-0.04;0.04472135955;0;0;
24;3884.0;1332.0;0.0;0.03;-0.05;0.0583095189485;0;0;
24;3742.0;1332.0;0.03;0.03;0.04;0.0583095189485;0;0;
24;3821.0;1331.0;0.01;0.05;-0.01;0.0519615242271;0;0;
24;3876.0;1332.0;0.0;0.0;-0.05;0.05;0;0;
24;3799.0;1332.0;0.01;0.04;0.0;0.0412310562562;0;0;
24;3850.0;1332.0;0.02;0.04;-0.05;0.067082039325;0;0;
24;3835.0;1331.0;0.0;0.01;-0.04;0.0412310562562;0;0;
24;3835.0;1331.0;0.0;0.0;-0.05;0.05;0;0;
24;3859.0;1333.0;0.01;0.03;-0.08;0.0860232526704;0;0;
24;3831.0;1332.0;0.01;-0.03;-0.03;0.0435889894354;0;0;
24;3831.0;1332.0;0.02;0.03;-0.05;0.0616441400297;0;0;
24;3869.0;1333.0;0.0;0.0;-0.01;0.01;0;0;
24;3688.0;1332.0;0.0;0.01;0.0;0.01;0;0;
24;3838.0;1331.0;0.01;0.0;-0.01;0.0141421356237;0;0;
24;3888.0;1331.0;0.01;0.0;0.02;0.022360679775;0;0;
24;3672.0;1331.0;-0.02;-0.01;0.05;0.0547722557505;0;0;
24;3865.0;1332.0;0.0;0.04;0.01;0.0412310562562;0;0;
24;3945.0;1332.0;0.0;0.0;0.0;0.0;0;0;
24;4090.0;1331.0;0.01;0.02;-0.01;0.0244948974278;0;0;
24;4095.0;1333.0;0.02;0.02;0.01;0.03;0;0;
24;4023.0;1333.0;0.01;0.02;0.03;0.0374165738677;0;0;
24;4022.0;1333.0;0.01;-0.02;0.02;0.03;0;0;
24;3865.0;1333.0;0.01;0.02;0.02;0.03;0;0;
24;3899.0;1333.0;0.02;0.0;-0.01;0.022360679775;0;0;
24;3916.0;1331.0;0.02;0.06;-0.05;0.080622577483;0;0;
24;3862.0;1333.0;0.0;-0.04;0.07;0.080622577483;0;0;
24;3953.0;1331.0;-0.01;0.0;-0.02;0.022360679775;0;0;
24;3927.0;1332.0;0.03;-0.01;-0.01;0.0331662479036;0;0;
24;3909.0;1332.0;0.02;0.04;-0.03;0.0538516480713;0;0;
24;3910.0;1332.0;0.0;0.01;-0.02;0.022360679775;0;0;
24;3902.0;1332.0;0.0;0.01;-0.02;0.022360679775;0;0;
24;3883.0;1333.0;0.01;0.02;0.01;0.0244948974278;0;0;
24;3750.0;1332.0;0.03;0.03;0.03;0.0519615242271;0;0;
24;3743.0;1332.0;0.01;-0.02;0.0;0.022360679775;0;0;
24;3909.0;1333.0;0.0;0.02;0.01;0.022360679775;0;0;
24;3768.0;1332.0;0.01;0.09;0.02;0.092736184955;0;0;
24;3841.0;1332.0;0.04;0.06;-0.07;0.100498756211;0;0;
24;3694.0;1331.0;0.04;0.03;0.02;0.0538516480713;0;0;
24;3780.0;1331.0;-0.01;-0.04;-0.01;0.0424264068712;0;0;
24;3891.0;1331.0;0.0;0.0;0.02;0.02;0;0;
24;3785.0;1331.0;0.0;0.0;-0.01;0.01;0;0;
24;3822.0;1332.0;0.04;0.05;-0.09;0.110453610172;0;0;
24;3711.0;1331.0;0.01;-0.02;0.03;0.0374165738677;0;0;
24;4095.0;1331.0;0.02;0.03;-0.07;0.0787400787401;0;0;
24;4095.0;1332.0;0.0;0.03;-0.02;0.0360555127546;0;0;
24;4095.0;1332.0;0.01;0.05;0.03;0.059160797831;0;0;
24;4080.0;1332.0;0.04;0.04;-0.07;0.09;0;0;
24;4038.0;1333.0;-0.01;0.0;-0.05;0.0509901951359;0;0;
24;3949.0;1333.0;0.03;0.05;-0.03;0.065574385243;0;0;
24;3986.0;1331.0;0.01;0.0;0.0;0.01;0;0;
24;3759.0;1331.0;0.01;0.03;0.02;0.0374165738677;0;0;
24;3919.0;1332.0;0.0;0.0;0.0;0.0;0;0;
24;3838.0;1332.0;0.01;0.02;0.05;0.0547722557505;0;0;
24;3756.0;1331.0;0.04;0.01;0.01;0.0424264068712;0;0;
24;3939.0;1333.0;0.0;0.01;0.05;0.0509901951359;0;0;
24;3713.0;1332.0;-0.01;-0.05;0.05;0.0714142842854;0;0;
24;3774.0;1331.0;0.01;0.05;0.06;0.0787400787401;0;0;
24;3746.0;1332.0;0.04;0.07;-0.01;0.0812403840464;0;0;
24;3707.0;1332.0;-0.01;-0.02;0.01;0.0244948974278;0;0;
24;3766.0;1332.0;0.0;0.04;0.0;0.04;0;0;
24;3686.0;1332.0;0.05;0.06;0.04;0.0877496438739;0;0;
24;3779.0;1332.0;0.01;0.02;0.01;0.0244948974278;0;0;
24;3831.0;1331.0;0.0;0.0;-0.05;0.05;0;0;
24;3703.0;1331.0;0.0;0.02;0.02;0.0282842712475;0;0;
24;3772.0;1330.0;0.04;0.02;0.05;0.067082039325;0;0;
24;3829.0;1333.0;0.03;0.01;-0.06;0.0678232998313;0;0;
24;3767.0;1332.0;0.0;-0.02;0.05;0.0538516480713;0;0;
24;3861.0;1331.0;0.0;0.0;-0.04;0.04;0;0;
24;3875.0;1331.0;0.07;0.03;-0.02;0.0787400787401;0;0;
24;4087.0;1333.0;0.01;0.0;-0.08;0.080622577483;0;0;
24;4095.0;1333.0;0.0;0.03;-0.01;0.0316227766017;0;0;
24;4095.0;1337.0;0.03;0.01;-0.01;0.0331662479036;0;0;
24;4095.0;1337.0;-0.01;0.0;0.0;0.01;0;0;
24;3953.0;1335.0;0.0;0.0;0.04;0.04;0;0;
24;3855.0;1334.0;0.01;0.03;0.05;0.059160797831;0;0;
24;4052.0;1334.0;0.0;0.01;0.01;0.0141421356237;0;0;
24;3791.0;1332.0;-0.03;-0.01;0.0;0.0316227766017;0;0;
24;3836.0;1333.0;0.0;0.03;0.03;0.0424264068712;0;0;
24;3860.0;1332.0;0.02;0.01;0.02;0.03;0;0;
24;3776.0;1333.0;0.03;0.03;0.04;0.0583095189485;0;0;
24;3800.0;1333.0;0.0;-0.02;0.02;0.0282842712475;0;0;
24;3748.0;1333.0;0.03;0.0;0.0;0.03;0;0;
24;3779.0;1332.0;0.0;0.03;0.03;0.0424264068712;0;0;
24;3837.0;1332.0;0.0;0.0;0.01;0.01;0;0;
24;3708.0;1332.0;0.01;-0.02;0.01;0.0244948974278;0;0;
24;3823.0;1332.0;0.0;0.01;0.0;0.01;0;0;
24;3836.0;1333.0;0.0;-0.02;-0.06;0.0632455532034;0;0;
24;3793.0;1333.0;0.04;0.06;0.02;0.0748331477355;0;0;
24;3834.0;1331.0;0.01;0.0;0.0;0.01;0;0;
24;3837.0;1332.0;0.02;0.03;-0.09;0.0969535971483;0;0;
24;3829.0;1332.0;0.01;0.04;0.07;0.0812403840464;0;0;
24;3854.0;1332.0;0.02;0.0;-0.01;0.022360679775;0;0;
24;3774.0;1333.0;0.0;0.03;0.01;0.0316227766017;0;0;
24;3837.0;1332.0;0.01;0.02;-0.04;0.0458257569496;0;0;
24;3925.0;1333.0;-0.02;0.02;-0.03;0.0412310562562;0;0;
24;3751.0;1331.0;0.05;0.03;0.05;0.0768114574787;0;0;
24;4095.0;1333.0;-0.02;0.01;0.0;0.022360679775;0;0;
24;4095.0;1345.0;0.01;0.05;0.06;0.0787400787401;0;0;
24;4095.0;1346.0;0.0;-0.05;0.05;0.0707106781187;0;0;
24;4095.0;1340.0;0.0;0.04;0.02;0.04472135955;0;0;
24;3897.0;1336.0;-0.02;-0.05;0.06;0.080622577483;0;0;
24;3945.0;1337.0;-0.02;-0.05;0.06;0.080622577483;0;0;
24;3855.0;1335.0;-0.02;-0.04;0.05;0.067082039325;0;0;
24;3868.0;1333.0;0.02;0.04;0.03;0.0538516480713;0;0;
24;3926.0;1334.0;-0.02;-0.06;-0.03;0.07;0;0;
24;3796.0;1333.0;0.02;0.0;0.02;0.0282842712475;0;0;
24;3862.0;1332.0;0.06;0.04;-0.01;0.0728010988928;0;0;
24;3887.0;1332.0;-0.02;0.0;-0.08;0.0824621125124;0;0;
24;3824.0;1332.0;0.02;0.04;-0.05;0.067082039325;0;0;
24;3876.0;1333.0;0.01;0.0;-0.06;0.060827625303;0;0;
24;3857.0;1331.0;-0.02;-0.03;-0.04;0.0538516480713;0;0;
24;3819.0;1331.0;0.02;0.0;0.08;0.0824621125124;0;0;
24;3880.0;1333.0;-0.02;-0.05;-0.02;0.0574456264654;0;0;
24;3899.0;1332.0;0.01;-0.03;0.0;0.0316227766017;0;0;
24;3856.0;1332.0;0.0;0.02;-0.03;0.0360555127546;0;0;
24;3878.0;1331.0;0.02;0.02;0.0;0.0282842712475;0;0;
24;3681.0;1332.0;0.04;0.02;0.03;0.0538516480713;0;0;
24;3871.0;1332.0;0.0;0.02;-0.02;0.0282842712475;0;0;
24;3890.0;1331.0;0.02;0.05;-0.04;0.067082039325;0;0;
24;3684.0;1332.0;0.0;0.0;0.05;0.05;0;0;
24;3882.0;1331.0;-0.03;-0.02;0.02;0.0412310562562;0;0;
24;3734.0;1333.0;-0.01;0.0;0.06;0.060827625303;0;0;
24;4017.0;1332.0;0.03;0.0;-0.05;0.0583095189485;0;0;
24;4095.0;1339.0;0.03;0.04;0.01;0.0509901951359;0;0;
24;4095.0;1338.0;0.0;0.01;0.0;0.01;0;0;
24;4029.0;1337.0;0.01;0.05;0.03;0.059160797831;0;0;
24;3919.0;1335.0;0.01;0.03;0.02;0.0374165738677;0;0;
24;3993.0;1335.0;0.0;0.03;-0.03;0.0424264068712;0;0;
24;3836.0;1333.0;0.03;0.02;0.03;0.0469041575982;0;0;
24;3868.0;1333.0;0.01;0.02;0.01;0.0244948974278;0;0;
24;3951.0;1333.0;0.02;0.03;-0.05;0.0616441400297;0;0;
24;3833.0;1333.0;0.0;0.0;0.01;0.01;0;0;
24;3893.0;1332.0;0.0;-0.02;0.0;0.02;0;0;
24;3890.0;1332.0;0.02;0.03;-0.04;0.0538516480713;0;0;
24;3816.0;1332.0;0.0;0.01;0.05;0.0509901951359;0;0;
24;3873.0;1332.0;0.0;0.02;-0.05;0.0538516480713;0;0;
24;3878.0;1333.0;0.0;0.02;-0.05;0.0538516480713;0;0;
24;3847.0;1333.0;0.0;0.0;0.03;0.03;0;0;
24;3854.0;1332.0;0.01;-0.02;-0.07;0.0734846922835;0;0;
24;3873.0;1332.0;0.0;0.02;0.0;0.02;0;0;
24;3829.0;1333.0;0.01;0.03;-0.05;0.059160797831;0;0;
24;3876.0;1332.0;0.0;0.03;-0.03;0.0424264068712;0;0;
24;3702.0;1333.0;0.0;0.03;0.01;0.0316227766017;0;0;
24;3881.0;1332.0;-0.01;-0.01;-0.01;0.0173205080757;0;0;
24;3763.0;1332.0;0.0;0.04;0.01;0.0412310562562;0;0;
24;3714.0;1332.0;-0.02;-0.03;0.02;0.0412310562562;0;0;
24;4031.0;1332.0;0.04;0.06;0.02;0.0748331477355;0;0;
24;4095.0;1338.0;0.0;0.01;0.0;0.01;0;0;
24;4095.0;1339.0;0.0;0.01;0.0;0.01;0;0;
24;4064.0;1339.0;0.05;0.04;0.05;0.0812403840464;0;0;
24;3953.0;1335.0;0.06;0.08;0.03;0.104403065089;0;0;
24;4020.0;1335.0;0.0;0.0;-0.06;0.06;0;0;
24;3926.0;1334.0;0.03;0.04;-0.04;0.0640312423743;0;0;
24;3910.0;1332.0;0.01;0.08;0.02;0.0830662386292;0;0;
24;3923.0;1333.0;0.0;-0.02;0.0;0.02;0;0;
24;3924.0;1332.0;0.03;0.0;-0.06;0.067082039325;0;0;
24;3907.0;1332.0;-0.01;-0.08;-0.02;0.0830662386292;0;0;
24;3898.0;1333.0;0.0;-0.03;0.01;0.0316227766017;0;0;
24;3850.0;1333.0;0.0;-0.02;-0.05;0.0538516480713;0;0;
24;3876.0;1332.0;-0.02;0.0;-0.05;0.0538516480713;0;0;
24;3870.0;1333.0;-0.01;-0.02;0.01;0.0244948974278;0;0;
24;3891.0;1332.0;-0.02;0.03;0.01;0.0374165738677;0;0;
24;3863.0;1331.0;0.0;0.0;0.02;0.02;0;0;
24;3692.0;1334.0;-0.01;0.02;0.05;0.0547722557505;0;0;
24;3874.0;1333.0;0.02;0.07;-0.02;0.0754983443527;0;0;
24;3755.0;1332.0;0.06;0.07;0.0;0.0921954445729;0;0;
24;3674.0;1330.0;-0.04;0.0;0.03;0.05;0;0;
24;3764.0;1332.0;0.02;-0.01;0.0;0.022360679775;0;0;
24;3682.0;1332.0;0.0;-0.02;0.04;0.04472135955;0;0;
24;3741.0;1332.0;0.03;0.02;0.06;0.07;0;0;
24;3696.0;1331.0;0.05;0.03;0.05;0.0768114574787;0;0;
24;3869.0;1333.0;0.0;0.01;0.01;0.0141421356237;0;0;
24;3988.0;1332.0;0.01;0.03;-0.03;0.0435889894354;0;0;
24;4095.0;1331.0;0.0;0.01;0.02;0.022360679775;0;0;
24;4095.0;1349.0;0.02;-0.02;0.05;0.0574456264654;0;0;
24;4095.0;1352.0;0.03;0.03;-0.05;0.065574385243;0;0;
24;4095.0;1347.0;0.02;0.03;-0.01;0.0374165738677;0;0;
24;4072.0;1338.0;0.02;0.03;-0.05;0.0616441400297;0;0;
24;4091.0;1338.0;0.03;0.03;-0.01;0.0435889894354;0;0;
24;3979.0;1336.0;-0.01;-0.04;-0.03;0.0509901951359;0;0;
24;3945.0;1334.0;0.0;0.0;-0.01;0.01;0;0;
24;3935.0;1334.0;0.02;0.0;0.01;0.022360679775;0;0;
24;3961.0;1333.0;0.02;0.0;0.0;0.02;0;0;
24;3904.0;1332.0;0.0;0.02;0.0;0.02;0;0;
24;3749.0;1331.0;0.02;0.0;0.01;0.022360679775;0;0;
24;3896.0;1333.0;0.0;0.03;-0.01;0.0316227766017;0;0;
24;3721.0;1333.0;0.01;-0.02;0.02;0.03;0;0;
24;3737.0;1332.0;0.0;0.01;0.07;0.0707106781187;0;0;
24;3827.0;1332.0;0.02;0.03;0.02;0.0412310562562;0;0;
24;3689.0;1332.0;0.0;0.0;0.05;0.05;0;0;
24;3751.0;1333.0;0.0;0.0;0.03;0.03;0;0;
24;3688.0;1333.0;0.02;0.01;0.0;0.022360679775;0;0;
24;3748.0;1331.0;0.0;0.0;0.03;0.03;0;0;
24;3820.0;1331.0;0.03;0.02;0.02;0.0412310562562;0;0;
24;3678.0;1333.0;0.0;0.02;0.03;0.0360555127546;0;0;
24;3807.0;1333.0;0.02;0.05;0.03;0.0616441400297;0;0;
24;3822.0;1332.0;0.01;0.01;-0.05;0.0519615242271;0;0;
24;3765.0;1333.0;0.0;0.02;0.01;0.022360679775;0;0;
24;3883.0;1332.0;0.0;-0.02;-0.05;0.0538516480713;0;0;
24;3978.0;1332.0;0.0;-0.01;0.0;0.01;0;0;
24;4095.0;1334.0;0.0;-0.01;-0.04;0.0412310562562;0;0;
24;4095.0;1341.0;0.01;-0.03;-0.06;0.0678232998313;0;0;
24;4095.0;1344.0;0.02;0.01;0.04;0.0458257569496;0;0;
24;4048.0;1337.0;0.01;0.0;0.01;0.0141421356237;0;0;
24;3941.0;1337.0;0.03;0.0;0.05;0.0583095189485;0;0;
24;4012.0;1334.0;0.0;0.06;0.0;0.06;0;0;
24;3947.0;1333.0;0.03;0.03;0.01;0.0435889894354;0;0;
24;3767.0;1334.0;0.03;0.03;0.01;0.0435889894354;0;0;
24;3982.0;1333.0;0.0;-0.01;0.0;0.01;0;0;
24;3769.0;1333.0;0.04;0.04;0.02;0.06;0;0;
24;3773.0;1333.0;0.0;-0.02;0.01;0.022360679775;0;0;
24;3762.0;1332.0;0.03;0.02;0.02;0.0412310562562;0;0;
24;3692.0;1332.0;0.0;0.01;0.02;0.022360679775;0;0;
24;3774.0;1334.0;0.01;0.02;0.01;0.0244948974278;0;0;
24;3709.0;1332.0;0.0;-0.02;0.01;0.022360679775;0;0;
24;3792.0;1332.0;0.01;0.0;0.01;0.0141421356237;0;0;
24;3848.0;1332.0;0.0;-0.04;-0.02;0.04472135955;0;0;
24;3744.0;1332.0;0.01;0.07;0.01;0.0714142842854;0;0;
24;3807.0;1332.0;0.02;0.0;0.03;0.0360555127546;0;0;
24;3830.0;1331.0;0.0;-0.02;-0.08;0.0824621125124;0;0;
24;3799.0;1332.0;0.05;0.08;-0.02;0.0964365076099;0;0;
24;3845.0;1332.0;0.0;0.0;-0.04;0.04;0;0;
24;3859.0;1333.0;0.01;0.02;0.03;0.0374165738677;0;0;
24;4095.0;1332.0;0.04;0.05;-0.02;0.067082039325;0;0;
24;4095.0;1338.0;0.01;0.02;-0.02;0.03;0;0;
24;4095.0;1342.0;0.01;-0.02;0.0;0.022360679775;0;0;
24;4095.0;1338.0;0.02;0.03;0.0;0.0360555127546;0;0;
24;3832.0;1336.0;0.03;0.06;0.05;0.0836660026534;0;0;
24;3901.0;1335.0;0.02;0.07;-0.03;0.0787400787401;0;0;
24;3770.0;1334.0;0.0;0.02;0.06;0.0632455532034;0;0;
24;3875.0;1334.0;0.0;-0.03;0.03;0.0424264068712;0;0;
24;3940.0;1333.0;0.02;0.03;0.0;0.0360555127546;0;0;
24;3869.0;1333.0;0.02;0.03;0.0;0.0360555127546;0;0;
24;3904.0;1332.0;0.02;0.0;-0.09;0.0921954445729;0;0;
24;3876.0;1332.0;0.01;0.04;-0.02;0.0458257569496;0;0;
24;3842.0;1331.0;0.0;0.02;-0.01;0.022360679775;0;0;
24;3859.0;1333.0;0.01;0.04;0.0;0.0412310562562;0;0;
24;3690.0;1332.0;0.01;0.03;0.01;0.0331662479036;0;0;
24;3883.0;1332.0;0.0;-0.03;-0.03;0.0424264068712;0;0;
24;3739.0;1333.0;0.01;0.02;0.0;0.022360679775;0;0;
24;3721.0;1333.0;0.02;0.0;0.05;0.0538516480713;0;0;
24;3783.0;1332.0;0.01;0.0;0.01;0.0141421356237;0;0;
24;3756.0;1331.0;0.0;0.0;0.0;0.0;0;0;
24;3824.0;1331.0;-0.01;0.0;-0.05;0.0509901951359;0;0;
24;3748.0;1332.0;0.02;-0.01;0.01;0.0244948974278;0;0;
24;3779.0;1333.0;0.01;0.04;-0.01;0.0424264068712;0;0;
24;3859.0;1332.0;0.01;0.03;0.0;0.0316227766017;0;0;
24;3883.0;1333.0;0.02;0.06;0.05;0.080622577483;0;0;
24;4095.0;1334.0;0.03;0.0;-0.04;0.05;0;0;
24;4095.0;1345.0;0.01;0.0;-0.01;0.0141421356237;0;0;
24;4095.0;1349.0;0.0;-0.03;-0.07;0.0761577310586;0;0;
24;4095.0;1345.0;0.01;0.01;-0.01;0.0173205080757;0;0;
24;4095.0;1342.0;0.01;0.02;0.02;0.03;0;0;
24;4093.0;1338.0;0.0;-0.02;-0.02;0.0282842712475;0;0;
24;4002.0;1335.0;0.0;-0.02;0.0;0.02;0;0;
24;3778.0;1336.0;0.0;-0.02;0.03;0.0360555127546;0;0;
24;3930.0;1335.0;0.0;0.0;-0.01;0.01;0;0;
24;3835.0;1334.0;0.01;-0.01;-0.01;0.0173205080757;0;0;
24;3765.0;1333.0;-0.02;-0.03;0.0;0.0360555127546;0;0;
24;3844.0;1333.0;0.04;0.04;0.04;0.0692820323028;0;0;
24;3706.0;1332.0;-0.02;-0.03;0.03;0.0469041575982;0;0;
24;3793.0;1333.0;0.01;0.07;0.01;0.0714142842854;0;0;
24;3861.0;1333.0;0.01;0.08;-0.03;0.0860232526704;0;0;
24;3786.0;1332.0;0.01;0.03;0.01;0.0331662479036;0;0;
24;3810.0;1332.0;0.03;0.05;0.0;0.0583095189485;0;0;
24;3810.0;1333.0;0.03;0.03;0.02;0.0469041575982;0;0;
24;3829.0;1332.0;0.01;-0.02;-0.06;0.0640312423743;0;0;
24;3874.0;1332.0;0.04;0.04;-0.01;0.0574456264654;0;0;
24;3780.0;1332.0;0.0;0.01;0.0;0.01;0;0;
24;3881.0;1332.0;0.04;0.07;0.0;0.080622577483;0;0;
24;3877.0;1332.0;0.06;0.07;0.02;0.0943398113206;0;0;
24;3868.0;1333.0;0.0;0.04;0.0;0.04;0;0;
24;3868.0;1332.0;0.04;0.09;0.05;0.110453610172;0;0;
24;3646.0;1333.0;0.02;-0.02;0.05;0.0574456264654;0;0;
24;3858.0;1334.0;-0.01;0.0;0.02;0.022360679775;0;0;
24;4095.0;1334.0;-0.01;-0.01;-0.01;0.0173205080757;0;0;
24;4095.0;1334.0;0.0;-0.05;0.04;0.0640312423743;0;0;
24;4095.0;1348.0;0.0;0.02;0.0;0.02;0;0;
24;4012.0;1343.0;0.0;0.01;0.03;0.0316227766017;0;0;
24;4051.0;1344.0;0.0;0.01;0.03;0.0316227766017;0;0;
24;3995.0;1339.0;0.02;0.0;0.01;0.022360679775;0;0;
24;3800.0;1336.0;0.03;0.03;0.03;0.0519615242271;0;0;
24;3881.0;1336.0;0.02;0.02;0.01;0.03;0;0;
24;3746.0;1335.0;0.05;0.07;0.02;0.0883176086633;0;0;
24;3858.0;1334.0;0.02;0.02;0.01;0.03;0;0;
24;3901.0;1334.0;0.03;0.02;-0.1;0.106301458127;0;0;
24;3797.0;1333.0;0.01;0.01;0.03;0.0331662479036;0;0;
24;3817.0;1332.0;0.0;0.01;0.01;0.0141421356237;0;0;
24;3861.0;1332.0;0.01;0.0;-0.04;0.0412310562562;0;0;
24;3802.0;1332.0;-0.03;0.02;0.04;0.0538516480713;0;0;
24;3851.0;1332.0;0.0;-0.03;-0.01;0.0316227766017;0;0;
24;3836.0;1333.0;0.01;0.01;-0.01;0.0173205080757;0;0;
24;3839.0;1333.0;0.0;0.01;-0.02;0.022360679775;0;0;
24;3875.0;1333.0;0.0;-0.03;-0.04;0.05;0;0;
24;3898.0;1333.0;0.0;0.0;0.05;0.05;0;0;
24;3770.0;1333.0;0.01;0.02;0.01;0.0244948974278;0;0;
24;3901.0;1333.0;0.0;0.02;0.0;0.02;0;0;
24;3671.0;1332.0;0.0;0.0;0.0;0.0;0;0;
24;3807.0;1333.0;0.02;0.03;0.04;0.0538516480713;0;0;
24;3843.0;1332.0;0.01;0.01;0.0;0.0141421356237;0;0;
24;3782.0;1333.0;0.01;0.05;0.01;0.0519615242271;0;0;
24;3825.0;1332.0;0.01;-0.04;-0.04;0.0574456264654;0;0;
24;3730.0;1334.0;0.03;0.08;0.03;0.0905538513814;0;0;
24;4060.0;1332.0;0.02;0.01;-0.03;0.0374165738677;0;0;
24;4095.0;1339.0;0.0;-0.04;0.0;0.04;0;0;
24;4095.0;1345.0;0.05;0.08;0.02;0.0964365076099;0;0;
24;4095.0;1346.0;0.05;0.09;0.04;0.110453610172;0;0;
24;4095.0;1344.0;-0.04;-0.03;0.0;0.05;0;0;
24;3947.0;1339.0;0.01;0.02;0.05;0.0547722557505;0;0;
24;3828.0;1336.0;-0.01;-0.03;0.03;0.0435889894354;0;0;
24;3844.0;1335.0;0.01;0.03;0.0;0.0316227766017;0;0;
24;3734.0;1334.0;-0.02;-0.05;0.03;0.0616441400297;0;0;
24;3800.0;1334.0;0.01;0.03;0.05;0.059160797831;0;0;
24;3887.0;1333.0;0.05;0.03;-0.04;0.0707106781187;0;0;
24;3762.0;1333.0;-0.01;-0.02;0.02;0.03;0;0;
24;3817.0;1333.0;0.02;0.04;0.03;0.0538516480713;0;0;
24;3841.0;1334.0;0.02;0.03;-0.04;0.0538516480713;0;0;
24;3743.0;1332.0;0.05;0.03;0.01;0.059160797831;0;0;
24;3772.0;1332.0;0.01;0.06;-0.01;0.0616441400297;0;0;
24;3859.0;1332.0;0.01;0.04;-0.01;0.0424264068712;0;0;
24;3865.0;1333.0;-0.04;-0.05;0.0;0.0640312423743;0;0;
24;3827.0;1333.0;0.03;0.04;-0.04;0.0640312423743;0;0;
24;3854.0;1333.0;0.0;-0.02;-0.07;0.0728010988928;0;0;
24;3853.0;1333.0;-0.01;-0.03;-0.04;0.0509901951359;0;0;
24;3694.0;1332.0;0.0;0.03;0.02;0.0360555127546;0;0;
24;3877.0;1332.0;0.05;0.03;-0.06;0.0836660026534;0;0;
