25;3157.0;2365.0;-0.06;3.27;-9.07;9.64164923652;9.64164923652;
25;3203.0;2396.0;-0.06;3.28;-9.05;9.62624017984;19.2678894164;
25;3183.0;2393.0;0.0;3.27;-9.0;9.57564097071;28.8435303871;
25;3271.0;2394.0;0.2;3.26;-9.01;9.58372057189;38.427250959;
25;3172.0;2396.0;0.04;3.46;-9.13;9.76371343291;48.1909643919;
25;3197.0;2376.0;0.01;3.38;-9.39;9.97980961742;58.1707740093;
25;3159.0;2374.0;0.0;3.38;-9.35;9.94217782983;68.1129518391;
25;3163.0;2369.0;0.35;3.26;-8.72;9.31603456413;77.4289864032;
25;3173.0;2388.0;0.49;3.29;-8.94;9.53875253899;86.9677389422;
25;3239.0;2405.0;0.55;3.41;-8.85;9.50016315649;96.4679020987;
25;3133.0;2350.0;0.2;3.75;-9.06;9.80745124892;106.275353348;
25;3160.0;2379.0;0.12;3.66;-9.07;9.7813547119;116.05670806;
25;3322.0;2357.0;0.22;3.48;-9.06;9.70785249167;125.764560551;
25;3169.0;2394.0;0.27;3.1;-9.37;9.87318590932;135.637746461;
25;3151.0;2367.0;0.14;3.23;-9.15;9.70438045421;145.342126915;
25;3158.0;2371.0;0.19;3.42;-9.24;9.85444569725;155.196572612;
25;3151.0;2365.0;0.09;3.54;-9.48;10.1197875472;165.316360159;
25;3267.0;2389.0;0.18;3.48;-9.18;9.8191241972;175.135484356;
25;3163.0;2376.0;0.4;3.3;-8.98;9.57551043026;184.710994787;
25;3181.0;2353.0;0.26;3.04;-9.12;9.61683939764;194.327834184;
25;3149.0;2366.0;0.14;4.72;-9.74;10.8243059824;205.152140167;
25;3184.0;2400.0;0.46;3.68;-8.98;9.71567805148;214.867818218;
25;3166.0;2381.0;0.46;3.87;-8.92;9.73421285981;224.602031078;
25;3169.0;2386.0;0.24;3.68;-8.89;9.62455713267;234.226588211;
25;3165.0;2366.0;0.1;3.2;-8.98;9.53364568253;243.760233893;
25;3165.0;2379.0;0.14;3.3;-8.88;9.47438652368;253.234620417;
25;3188.0;2415.0;0.49;3.71;-8.83;9.59026068467;262.824881101;
25;3158.0;2367.0;0.4;3.67;-9.01;9.73699132176;272.561872423;
25;3174.0;2375.0;0.28;3.66;-9.1;9.81244108263;282.374313506;
25;3161.0;2360.0;0.25;3.45;-9.03;9.66984487983;292.044158386;
25;3137.0;2315.0;0.45;3.46;-11.05;11.5877780441;303.63193643;
25;3219.0;2471.0;1.38;4.74;-9.87;11.0358008318;314.667737262;
25;3141.0;2345.0;1.58;4.69;-10.01;11.1665840793;325.834321341;
25;3171.0;2387.0;1.37;4.68;-10.15;11.260630533;337.094951874;
25;3128.0;2355.0;-0.76;2.37;-9.84;10.1498817727;347.244833647;
25;2347.0;1569.0;0.25;3.53;-9.67;10.2971986482;357.542032295;
25;3675.0;4057.0;-0.25;4.17;-9.92;10.7637261206;368.305758415;
25;4095.0;2831.0;-0.13;4.02;-8.76;9.63923752171;377.944995937;
25;4095.0;4095.0;-0.07;3.73;-8.56;9.33763353318;387.28262947;
25;788.0;27.0;2.82;4.05;-10.56;11.6562644102;398.938893881;
25;3476.0;3572.0;0.51;3.59;-9.97;10.6089160615;409.547809942;
25;4095.0;4053.0;-0.23;4.79;-9.97;11.0633584413;420.611168383;
25;2127.0;1448.0;-0.99;4.87;-9.43;10.6593573915;431.270525775;
25;1547.0;2771.0;-2.83;3.57;-7.85;9.07613904697;440.346664822;
25;3254.0;2941.0;-2.66;2.52;-6.29;7.27942992273;447.626094745;
25;3230.0;2807.0;-1.34;1.19;-5.44;5.72759111669;453.353685861;
25;3136.0;2266.0;0.43;0.89;-4.3;4.41214233678;457.765828198;
25;3159.0;2383.0;1.19;0.86;-3.9;4.16721729695;461.933045495;
25;3245.0;2836.0;-0.34;6.08;-9.02;10.8831245513;472.816170046;
25;3165.0;2403.0;-2.95;7.7;-12.53;14.9997799984;487.815950045;
25;3289.0;2419.0;-3.77;8.32;-13.25;16.0934085886;503.909358633;
25;3293.0;2870.0;-2.71;7.11;-10.75;13.1703720525;517.079730686;
25;3118.0;2123.0;-2.31;3.44;-6.56;7.75907855354;524.838809239;
25;3295.0;2809.0;-0.37;2.31;-5.11;5.62006227724;530.458871516;
26;3225.0;2471.0;2.76;0.66;-2.48;3.76876637642;534.227637893;
26;261.0;3.0;0.67;6.41;-7.66;10.0106243562;544.238262249;
26;4095.0;4095.0;0.67;6.41;-7.66;10.0106243562;554.248886605;
26;1122.0;0.0;-1.99;10.05;-12.34;16.0386470751;570.28753368;
26;1143.0;0.0;-3.35;8.87;-11.83;15.1607486623;585.448282343;
26;2657.0;358.0;-2.44;7.55;-10.51;13.1687584836;598.617040826;
26;3291.0;3126.0;1.23;3.42;-5.74;6.79388695814;605.410927784;
26;3086.0;2077.0;4.13;0.2;-2.34;4.75105251497;610.161980299;
26;3169.0;2406.0;3.62;2.17;-4.08;5.87023849601;616.032218795;
26;3121.0;2258.0;1.79;4.09;-6.85;8.17647234448;624.20869114;
26;2268.0;2924.0;-3.39;9.82;-14.76;18.0494348942;642.258126034;
26;3836.0;4095.0;-3.41;10.02;-14.66;18.0815956154;660.339721649;
26;4016.0;4095.0;-3.44;7.84;-11.72;14.514048367;674.853770016;
26;2600.0;4095.0;1.2;2.0;-4.79;5.32767303802;680.181443054;
26;3937.0;4095.0;1.39;1.82;-4.54;5.08488937933;685.266332434;
26;1209.0;0.0;2.82;1.34;-3.8;4.91812972582;690.18446216;
26;2995.0;1820.0;0.15;3.54;-7.67;8.44884607506;698.633308235;
26;3051.0;1967.0;-0.32;3.77;-8.12;8.9582196892;707.591527924;
26;4095.0;4095.0;-2.18;6.66;-12.12;14.000085714;721.591613638;
26;3120.0;2564.0;-0.69;7.6;-12.23;14.4155818474;736.007195485;
26;3191.0;2982.0;-0.31;6.57;-10.84;12.6793769563;748.686572442;
25;3145.0;2335.0;1.53;3.15;-6.13;7.05976628508;755.746338727;
25;3248.0;2760.0;2.73;1.64;-4.23;5.29484655113;761.041185278;
25;3194.0;2762.0;2.32;2.0;-4.7;5.6100267379;766.651212016;
25;3076.0;2320.0;-0.4;3.59;-8.51;9.24490129747;775.896113313;
25;3149.0;2332.0;-1.53;5.56;-12.01;13.3227099345;789.218823248;
25;3158.0;2410.0;-1.35;5.54;-11.82;13.1235094392;802.342332687;
25;4031.0;4095.0;0.55;4.02;-8.58;9.49101153724;811.833344224;
25;3062.0;1834.0;-0.6;4.45;-9.42;10.4354635738;822.268807798;
25;3089.0;1971.0;-0.43;4.31;-8.85;9.85309596015;832.121903758;
25;3168.0;2462.0;-0.86;4.42;-8.61;9.7163830719;841.83828683;
25;3100.0;2269.0;-0.67;4.9;-8.34;9.6961074664;851.534394296;
25;3251.0;2520.0;-0.96;4.79;-8.37;9.6913672926;861.225761589;
25;3142.0;2360.0;-0.6;4.52;-8.44;9.59291405153;870.818675641;
25;3171.0;2605.0;-0.73;3.05;-9.13;9.65361590286;880.472291543;
25;3254.0;2860.0;-0.76;3.08;-9.23;9.75996413928;890.232255683;
25;3234.0;2847.0;-0.72;3.27;-9.52;10.0916648775;900.32392056;
25;3117.0;2262.0;-0.33;3.25;-8.84;9.42427716061;909.748197721;
25;3372.0;2352.0;-0.51;3.19;-8.92;9.48697001155;919.235167732;
25;3250.0;2928.0;-0.38;2.89;-9.14;9.59354470464;928.828712437;
25;3063.0;2165.0;-0.23;2.45;-9.15;9.47512005201;938.303832489;
25;3158.0;2384.0;-0.23;2.3;-9.14;9.42775158773;947.731584077;
26;3243.0;2308.0;-0.43;2.21;-9.81;10.0650434674;957.796627544;
26;3141.0;2287.0;0.99;1.87;-10.34;10.5542692784;968.350896822;
26;3212.0;2313.0;-0.15;2.24;-11.58;11.7956135915;980.146510414;
26;3155.0;2384.0;-0.92;2.2;-11.21;11.4608245777;991.607334992;
26;3319.0;2931.0;1.69;1.94;-10.13;10.4516314516;0;
26;3287.0;2384.0;0.5;1.75;-9.7;9.86927048976;9.86927048976;
26;3163.0;2419.0;0.47;1.69;-9.78;9.93606561975;19.8053361095;
26;3234.0;2899.0;0.04;1.41;-9.77;9.87130183917;29.6766379487;
26;3106.0;2184.0;-0.01;1.39;-9.46;9.56157936745;39.2382173161;
26;3191.0;2761.0;0.19;1.18;-10.02;10.0910306708;49.329247987;
26;3125.0;2242.0;0.47;1.25;-10.32;10.4060463193;59.7352943063;
26;3074.0;2267.0;0.68;1.77;-9.98;10.1585284367;69.893822743;
26;3211.0;2841.0;0.79;1.7;-10.15;10.3216568437;80.2154795868;
26;3043.0;2147.0;1.02;1.88;-9.7;9.93301565488;90.1484952417;
26;3114.0;2235.0;1.07;1.62;-9.6;9.79435041236;99.942845654;
26;3144.0;2372.0;1.06;1.54;-9.65;9.82943029885;109.772275953;
26;3285.0;2965.0;0.33;1.57;-9.28;9.41765363559;119.189929588;
26;3046.0;2071.0;0.4;1.16;-10.4;10.4721344529;129.662064041;
26;3043.0;2083.0;0.37;1.14;-10.4;10.4688347011;140.130898743;
26;3109.0;2444.0;0.33;1.55;-9.44;9.57209485954;149.702993602;
26;3148.0;2407.0;0.54;1.57;-9.49;9.63413722136;159.337130823;
26;3302.0;3064.0;0.56;1.82;-9.14;9.33625192462;168.673382748;
26;3111.0;2239.0;0.82;1.49;-10.23;10.370409828;179.043792576;
26;3269.0;3064.0;0.87;1.46;-9.77;9.91672324914;188.960515825;
26;3118.0;2235.0;0.86;1.38;-9.85;9.98331107399;198.943826899;
26;3161.0;2431.0;0.8;1.32;-9.85;9.97020059979;208.914027499;
26;3099.0;2389.0;0.72;1.35;-9.48;9.60267150328;218.516699002;
26;3128.0;2294.0;0.11;1.82;-8.69;8.87922293897;227.395921941;
26;3144.0;2262.0;0.03;1.93;-8.48;8.69690749635;236.092829438;
26;3286.0;3082.0;1.33;0.8;-12.11;12.2090540174;248.301883455;
26;3035.0;2089.0;0.07;2.15;-7.69;7.98520506938;256.287088524;
26;3284.0;2991.0;0.42;1.93;-8.31;8.54151040507;264.828598929;
26;3229.0;2411.0;1.19;0.97;-10.89;10.9976861203;275.82628505;
26;3141.0;2350.0;1.04;0.96;-10.78;10.8725158082;286.698800858;
26;3087.0;2136.0;1.27;0.65;-11.61;11.6973287549;298.396129613;
26;3036.0;2067.0;0.36;1.62;-8.72;8.87650832253;307.272637935;
26;3147.0;2288.0;0.98;1.24;-10.69;10.8062065499;318.078844485;
26;3265.0;2522.0;0.97;1.24;-10.59;10.7063812747;328.78522576;
26;3142.0;2635.0;0.46;1.67;-9.25;9.41079167764;338.196017438;
26;3246.0;2631.0;0.82;1.16;-9.96;10.0607951972;348.256812635;
26;3214.0;2233.0;0.8;1.23;-9.76;9.86967577988;358.126488415;
26;3174.0;2753.0;0.42;1.52;-8.85;8.98939931252;367.115887727;
26;3090.0;2152.0;0.92;0.84;-10.64;10.7126840708;377.828571798;
26;3064.0;2251.0;0.88;0.89;-10.52;10.5941918049;388.422763603;
26;3070.0;2133.0;0.46;1.25;-9.25;9.34540528816;397.768168891;
26;3215.0;2379.0;0.9;1.05;-10.4;10.4915442143;408.259713105;
26;3245.0;2406.0;0.6;1.43;-9.37;9.49746281909;417.757175924;
26;3187.0;2422.0;0.46;1.61;-8.91;9.06596933593;426.82314526;
26;3276.0;3106.0;0.9;1.25;-10.16;10.2760936158;437.099238876;
26;3162.0;2589.0;0.71;1.37;-9.82;9.94049294552;447.039731822;
26;3151.0;2245.0;0.72;1.3;-9.91;10.020803361;457.060535183;
26;3165.0;2437.0;0.79;1.18;-10.06;10.1597293271;467.22026451;
26;3222.0;2138.0;0.86;1.06;-10.26;10.3504009584;477.570665468;
26;3211.0;2892.0;0.57;1.08;-9.53;9.60792381319;487.178589281;
26;3230.0;2414.0;0.7;0.98;-9.81;9.88364811191;497.062237393;
26;3128.0;2536.0;0.79;1.06;-9.8;9.8887663538;506.951003747;
26;3239.0;2332.0;0.8;1.12;-9.82;9.91598709156;516.866990839;
26;3077.0;2112.0;0.75;1.17;-9.77;9.86834839271;526.735339231;
26;3217.0;2909.0;0.48;1.5;-9.46;9.59020333465;536.325542566;
26;3090.0;2395.0;0.61;1.17;-10.17;10.2552376862;546.580780252;
26;3262.0;3074.0;0.46;1.28;-9.54;9.63647238361;556.217252636;
26;3138.0;2248.0;0.45;1.34;-9.17;9.27830803541;565.495560671;
26;3161.0;2433.0;0.51;1.33;-9.14;9.25032972385;574.745890395;
26;3301.0;2059.0;1.0;0.94;-10.25;10.3414747498;585.087365145;
26;3148.0;2424.0;0.59;1.41;-9.2;9.32610315191;594.413468297;
26;3134.0;2609.0;0.67;1.39;-9.38;9.50607174389;603.919540041;
26;3134.0;2255.0;0.74;1.29;-9.65;9.76392339175;613.683463432;
26;3157.0;2389.0;0.85;1.09;-10.29;10.382422646;624.065886078;
26;3306.0;3144.0;0.5;1.34;-9.23;9.34015524496;633.406041323;
26;3253.0;3044.0;0.87;0.92;-10.46;10.5363608518;643.942402175;
26;3302.0;3126.0;0.79;0.96;-10.39;10.4641196476;654.406521823;
26;3150.0;2404.0;0.7;1.07;-10.13;10.2103770743;664.616898897;
26;3054.0;2250.0;0.52;1.27;-9.49;9.58871211373;674.205611011;
26;3094.0;2225.0;0.73;1.17;-9.88;9.97578067121;684.181391682;
26;3098.0;2185.0;0.59;1.28;-9.5;9.60398354851;693.785375231;
26;3058.0;2075.0;0.61;1.31;-9.42;9.53019412184;703.315569352;
26;3296.0;2963.0;0.79;1.11;-9.93;10.0230284844;713.338597837;
26;3259.0;3074.0;0.75;1.1;-10.08;10.1675414924;723.506139329;
26;3294.0;2649.0;0.76;1.05;-10.07;10.1530783509;733.65921768;
26;3165.0;2441.0;0.65;1.06;-10.01;10.0869321402;743.74614982;
26;3243.0;3029.0;0.54;1.3;-9.35;9.45537413326;753.201523954;
26;3158.0;2440.0;0.48;1.35;-9.43;9.53822834703;762.739752301;
26;3075.0;2135.0;0.49;1.39;-9.24;9.35680501026;772.096557311;
26;3151.0;2419.0;0.84;1.04;-10.28;10.3665616286;782.46311894;
26;3307.0;3108.0;0.52;1.28;-9.34;9.441631215;791.904750155;
26;3148.0;2276.0;0.74;1.16;-9.69;9.78720082557;801.69195098;
26;3150.0;2425.0;0.83;1.1;-9.96;10.0548744398;811.74682542;
26;3165.0;2433.0;0.93;1.03;-10.25;10.3435148765;822.090340296;
26;3161.0;2349.0;0.5;1.38;-9.07;9.18799760557;831.278337902;
26;3270.0;3106.0;0.73;1.15;-10.01;10.1022522241;841.380590126;
26;3162.0;2320.0;0.65;1.24;-9.75;9.85000507614;851.230595202;
26;3159.0;2416.0;0.59;1.29;-9.55;9.65477602019;860.885371222;
26;3149.0;2310.0;0.55;1.34;-9.4;9.51094632516;870.396317548;
26;3043.0;2058.0;0.64;1.14;-9.66;9.74806647495;880.144384023;
26;3300.0;2954.0;0.63;1.11;-9.68;9.76378000572;889.908164028;
26;3311.0;3068.0;0.64;1.06;-9.71;9.78863116069;899.696795189;
26;3247.0;3020.0;0.76;1.05;-9.9;9.98449297661;909.681288166;
26;3031.0;2051.0;0.79;1.13;-9.86;9.95593290455;919.63722107;
26;3309.0;3062.0;0.91;1.05;-10.31;10.4032062365;930.040427307;
26;3314.0;3099.0;0.85;1.08;-10.2;10.2921766405;940.332603947;
26;3149.0;2427.0;0.67;1.3;-9.49;9.60203103515;949.934634982;
26;3121.0;2241.0;0.79;1.12;-9.93;10.0241408609;959.958775843;
26;3168.0;2438.0;0.78;1.09;-9.97;10.0596918442;970.018467687;
26;3298.0;3049.0;0.6;1.16;-9.61;9.69833490863;979.716802596;
26;3146.0;2344.0;0.63;1.18;-9.67;9.76207969646;989.478882293;
26;3032.0;2086.0;0.67;1.12;-9.74;9.82704940458;999.305931697;
26;3299.0;3091.0;0.66;1.13;-9.73;9.81760663298;1009.12353833;
26;3124.0;2302.0;0.75;1.12;-9.81;9.90217147902;1019.02570981;
26;3218.0;2299.0;0.79;1.12;-9.9;9.9944234451;1029.02013325;
26;3304.0;3142.0;0.69;1.22;-9.65;9.75125632931;1038.77138958;
26;3186.0;2819.0;0.82;1.05;-10.05;10.1379189186;1048.9093085;
26;3269.0;2715.0;0.79;1.07;-10.01;10.0979750445;1059.00728355;
26;3140.0;2394.0;0.65;1.15;-9.65;9.73999486653;1068.74727841;
26;3214.0;2934.0;0.6;1.2;-9.48;9.57446604255;1078.32174446;
26;3276.0;2754.0;0.62;1.19;-9.57;9.66361216109;1087.98535662;
26;3301.0;3116.0;0.8;1.0;-10.15;10.2304691975;1098.21582581;
26;3141.0;2383.0;0.65;1.22;-9.53;9.62973519885;1107.84556101;
26;3147.0;2409.0;0.8;1.04;-9.83;9.91718205944;1117.76274307;
26;3181.0;2279.0;0.77;1.12;-9.73;9.82446945132;1127.58721252;
26;3295.0;2968.0;0.78;1.11;-9.78;9.87364674272;1137.46085927;
26;3225.0;2534.0;0.9;1.04;-10.15;10.2427584175;1147.70361768;
26;3068.0;2315.0;0.61;1.12;-9.65;9.73390980028;1157.43752748;
26;3143.0;2278.0;1.2;0.71;-11.1;11.1872293263;1168.62475681;
26;3142.0;2261.0;1.21;0.67;-11.27;11.3545541524;1179.97931096;
26;3278.0;3102.0;0.33;1.6;-8.35;8.50831358143;1188.48762454;
26;3054.0;2237.0;0.81;1.0;-10.3;10.3800818879;1198.86770643;
26;3101.0;2177.0;0.66;1.2;-9.7;9.79620334619;1208.66390978;
26;3120.0;2253.0;1.03;0.99;-10.1;10.2005392014;1218.86444898;
26;3238.0;2989.0;0.36;1.48;-8.46;8.59602233594;1227.46047132;
26;3113.0;2224.0;0.33;1.6;-8.29;8.44943785112;1235.90990917;
26;3158.0;2421.0;0.57;1.39;-8.98;9.10480093138;1245.0147101;
26;3042.0;2118.0;0.77;1.21;-9.57;9.67687449541;1254.69158459;
26;3267.0;3072.0;0.63;1.2;-9.49;9.58629229682;1264.27787689;
26;3082.0;2368.0;1.04;0.81;-10.86;10.939712062;1275.21758895;
26;3272.0;2763.0;1.04;0.73;-10.97;11.0433418855;1286.26093084;
26;3142.0;2388.0;0.98;0.84;-10.71;10.7874973928;1297.04842823;
26;3143.0;2632.0;0.33;1.35;-8.7;8.81030078942;1305.85872902;
26;3161.0;2429.0;1.04;0.88;-10.47;10.5582621676;1316.41699119;
26;3212.0;2885.0;0.89;1.0;-10.06;10.1486797171;1326.56567091;
26;3287.0;2927.0;0.59;1.28;-9.24;9.34687648362;1335.91254739;
26;3285.0;2902.0;0.42;1.42;-8.75;8.8744182908;1344.78696568;
26;3134.0;2259.0;1.25;0.76;-11.02;11.1166766617;1355.90364234;
26;3291.0;3027.0;0.42;1.46;-8.55;8.68392192503;1364.58756427;
26;3107.0;2262.0;0.54;1.36;-8.99;9.10830939308;1373.69587366;
26;3139.0;2334.0;0.94;1.0;-10.05;10.1432785627;1383.83915222;
26;3056.0;2183.0;1.2;0.71;-10.94;11.0284949109;1394.86764713;
26;3341.0;2710.0;0.45;1.38;-8.66;8.78080292456;1403.64845006;
26;3261.0;3042.0;1.21;0.72;-10.94;11.0302357182;1414.67868578;
26;3280.0;3067.0;1.15;0.78;-10.81;10.8989449031;1425.57763068;
26;3144.0;2377.0;0.83;0.94;-10.07;10.1477780819;1435.72540876;
26;3263.0;3062.0;0.6;1.23;-9.24;9.34079761048;1445.06620637;
26;3042.0;2068.0;0.79;1.09;-9.87;9.96138042643;1455.0275868;
26;3278.0;3053.0;0.58;1.22;-9.28;9.3778035808;1464.40539038;
26;3292.0;2842.0;0.55;1.28;-9.03;9.13683752728;1473.54222791;
26;3128.0;2348.0;0.62;1.23;-9.26;9.36188549385;1482.9041134;
26;3113.0;2307.0;0.92;0.89;-10.34;10.4189298875;1493.32304329;
26;3210.0;2475.0;0.71;1.05;-9.61;9.69322959596;1503.01627288;
26;3153.0;2430.0;0.79;0.97;-9.92;9.99856989774;1513.01484278;
26;3292.0;2998.0;0.82;1.04;-9.79;9.87917506678;1522.89401785;
26;3040.0;2133.0;0.82;1.08;-9.84;9.93299551998;1532.82701337;
26;3298.0;3005.0;0.93;1.02;-10.07;10.1641625331;1542.9911759;
26;3236.0;2592.0;1.0;0.95;-10.4;10.4910676292;1553.48224353;
26;3161.0;2428.0;1.0;0.94;-10.46;10.5496540228;1564.03189755;
26;3060.0;2064.0;0.62;1.23;-9.24;9.34210361749;1573.37400117;
26;3103.0;2229.0;0.69;0.98;-9.81;9.88294490524;1583.25694608;
26;3129.0;2924.0;0.61;1.1;-9.37;9.45404675258;1592.71099283;
26;4094.0;4095.0;0.53;1.2;-9.03;9.12479040855;1601.83578324;
26;4095.0;4095.0;0.59;1.17;-8.96;9.05530783574;1610.89109107;
26;4095.0;4095.0;0.9;0.89;-10.09;10.1690805877;1621.06017166;
26;4095.0;4095.0;1.07;0.89;-10.5;10.5918364791;1631.65200814;
26;4095.0;4095.0;1.1;0.8;-10.76;10.8456258464;1642.49763399;
26;114.0;0.0;0.86;0.96;-10.37;10.4497894716;1652.94742346;
26;1057.0;0.0;0.72;1.1;-9.94;10.0265647158;1662.97398817;
26;4095.0;4095.0;0.91;0.92;-10.32;10.4008124683;1673.37480064;
26;1285.0;2720.0;0.45;1.25;-8.84;8.93927290108;1682.31407354;
26;4095.0;4095.0;0.46;1.23;-8.87;8.9666827757;1691.28075632;
26;4095.0;4095.0;0.76;0.99;-9.45;9.53206168675;1700.812818;
26;960.0;0.0;0.86;0.9;-9.83;9.90850644648;1710.72132445;
26;1373.0;0.0;0.8;0.99;-9.61;9.69392593328;1720.41525038;
26;4095.0;4095.0;1.13;0.73;-10.75;10.8338497313;1731.24910012;
26;295.0;0.0;1.06;0.74;-10.72;10.7976664146;1742.04676653;
26;0.0;0.0;0.56;1.28;-9.1;9.20662804723;1751.25339458;
26;4095.0;4095.0;0.7;1.06;-9.69;9.77290642542;1761.026301;
26;4095.0;4095.0;0.65;1.14;-9.45;9.54068131739;1770.56698232;
26;47.0;0.0;0.82;0.9;-9.9;9.97458771078;1780.54157003;
26;1094.0;0.0;0.83;0.9;-9.82;9.89602445429;1790.43759449;
26;3158.0;2431.0;0.82;0.98;-9.67;9.75406069286;1800.19165518;
26;3282.0;3027.0;0.83;1.03;-9.91;9.9978947784;1810.18954996;
26;3221.0;2873.0;0.59;1.21;-9.62;9.71373254728;1819.9032825;
26;3122.0;2257.0;0.51;1.34;-9.11;9.22213641192;1829.12541892;
26;3062.0;2247.0;1.08;0.78;-10.72;10.8024626822;1839.9278816;
26;3354.0;2464.0;0.72;1.12;-9.28;9.37503066662;1849.30291226;
26;3116.0;2246.0;1.01;0.78;-10.31;10.3886765278;1859.69158879;
26;3245.0;2923.0;0.75;1.08;-9.48;9.57075232153;1869.26234111;
26;3127.0;2322.0;0.93;0.92;-10.27;10.3529802473;1879.61532136;
26;3206.0;2804.0;0.77;1.05;-9.94;10.0249189523;1889.64024031;
26;3271.0;2950.0;0.68;1.11;-9.73;9.81668986981;1899.45693018;
26;3107.0;2273.0;0.71;1.2;-9.59;9.69083071775;1909.1477609;
26;3133.0;2248.0;0.81;1.03;-9.88;9.96651393417;1919.11427484;
26;3153.0;2419.0;0.81;0.98;-9.88;9.96147077494;1929.07574561;
26;3197.0;2770.0;0.77;1.04;-9.6;9.68682094394;1938.76256655;
26;3048.0;2182.0;0.74;1.0;-9.66;9.73977412469;1948.50234068;
26;3142.0;2341.0;0.64;1.12;-9.32;9.40884690066;1957.91118758;
26;3272.0;2956.0;0.67;1.11;-9.39;9.47908750883;1967.39027509;
26;3086.0;2170.0;0.64;1.21;-9.3;9.40019680645;1976.79047189;
26;3054.0;2160.0;0.81;1.06;-9.93;10.0192115458;1986.80968344;
26;3154.0;2407.0;0.81;1.04;-9.84;9.92790511639;1996.73758856;
26;3219.0;2524.0;0.79;1.02;-9.6;9.68630476498;2006.42389332;
26;3190.0;2415.0;0.78;1.01;-9.72;9.80341267111;2016.22730599;
26;3273.0;2943.0;0.78;1.01;-9.8;9.88273747501;2026.11004347;
26;3099.0;2201.0;0.78;1.02;-9.85;9.93334284116;2036.04338631;
26;3150.0;2389.0;0.73;1.03;-9.8;9.8809817326;2045.92436804;
26;3313.0;2892.0;0.74;1.02;-10.05;10.128696856;2056.0530649;
26;3067.0;2270.0;0.71;1.06;-9.63;9.7141443267;2065.76720922;
26;3271.0;2834.0;0.76;1.0;-9.71;9.79089883514;2075.55810806;
26;3141.0;2408.0;0.78;1.02;-9.66;9.74496793222;2085.30307599;
26;3161.0;2677.0;0.77;1.02;-9.8;9.88298031972;2095.18605631;
26;3242.0;2912.0;0.77;1.03;-9.67;9.75513710821;2104.94119342;
26;3260.0;2958.0;0.79;1.02;-9.72;9.8052485945;2114.74644201;
26;3232.0;2903.0;0.67;1.13;-9.58;9.66965356153;2124.41609558;
26;3069.0;2107.0;0.75;1.01;-9.85;9.93001007049;2134.34610565;
26;3035.0;2119.0;0.67;1.05;-9.81;9.88875624131;2144.23486189;
26;3112.0;2251.0;0.92;0.88;-10.28;10.3585327146;2154.5933946;
26;3120.0;2316.0;0.81;0.91;-10.15;10.2228518526;2164.81624645;
26;3134.0;2379.0;0.93;0.94;-9.97;10.0573058023;2174.87355226;
26;3105.0;2247.0;0.66;1.19;-9.22;9.31987660863;2184.19342887;
26;3144.0;2382.0;0.65;1.12;-9.39;9.47887124082;2193.67230011;
26;3094.0;2410.0;0.73;1.02;-9.63;9.71134388229;2203.38364399;
26;3224.0;2858.0;0.82;0.99;-9.82;9.90378210584;2213.28742609;
26;3217.0;2482.0;0.63;1.09;-9.5;9.58305796706;2222.87048406;
26;3258.0;2952.0;1.02;0.8;-10.55;10.629341466;2233.49982553;
26;3373.0;2331.0;0.99;0.77;-10.52;10.5944985724;2244.0943241;
26;3113.0;2267.0;0.84;0.93;-10.08;10.1576030637;2254.25192716;
26;3180.0;2377.0;0.65;1.12;-9.41;9.49868411939;2263.75061128;
26;3040.0;2100.0;0.96;0.88;-10.26;10.3423208227;2274.09293211;
26;3049.0;2101.0;0.54;1.17;-9.08;9.17098140877;2283.26391351;
26;3290.0;2935.0;0.52;1.21;-9.06;9.15522255328;2292.41913607;
26;3043.0;2113.0;0.7;1.08;-9.39;9.47778982675;2301.89692589;
26;3207.0;2771.0;0.79;1.0;-9.68;9.76352907508;2311.66045497;
26;3114.0;2248.0;0.75;1.05;-9.66;9.74579909499;2321.40625406;
26;3159.0;2340.0;0.97;0.9;-10.28;10.3648106591;2331.77106472;
26;3134.0;2297.0;1.02;0.85;-10.51;10.5935357648;2342.36460049;
26;3154.0;2391.0;0.94;0.88;-10.4;10.4794083802;2352.84400887;
26;3086.0;2159.0;0.82;0.96;-10.16;10.2381443631;2363.08215323;
26;3201.0;2797.0;0.88;0.96;-9.96;10.0447797387;2373.12693297;
26;3141.0;2375.0;0.58;1.15;-9.16;9.25010810748;2382.37704108;
26;3173.0;2273.0;0.61;1.16;-9.3;9.39189544235;2391.76893652;
26;3275.0;2913.0;0.92;0.88;-10.31;10.3883059254;2402.15724245;
26;3183.0;2726.0;0.66;1.1;-9.41;9.49703637984;2411.65427883;
26;3370.0;2279.0;0.74;1.05;-9.73;9.81442815451;2421.46870698;
26;3098.0;2238.0;0.91;0.89;-10.22;10.2989611127;2431.76766809;
26;3275.0;2970.0;0.84;1.01;-9.71;9.79845906253;2441.56612716;
26;3271.0;2809.0;1.09;0.75;-10.74;10.8211921709;2452.38731933;
26;3268.0;2861.0;0.59;1.24;-9.22;9.32170048864;2461.70901982;
26;3111.0;2241.0;0.98;0.83;-10.38;10.4591443245;2472.16816414;
26;3065.0;2116.0;0.83;0.94;-9.99;10.0683960987;2482.23656024;
26;3222.0;2863.0;0.76;0.97;-9.81;9.88709259591;2492.12365283;
26;3098.0;2421.0;0.7;1.04;-9.58;9.66167687309;2501.78532971;
26;3135.0;2361.0;0.75;1.01;-9.75;9.8308239736;2511.61615368;
26;3145.0;2387.0;0.7;1.07;-9.63;9.71451491326;2521.33066859;
26;3129.0;2282.0;0.84;1.0;-9.87;9.95602832459;2531.28669692;
26;3081.0;2172.0;0.63;1.2;-9.1;9.20037499236;2540.48707191;
26;3230.0;2877.0;0.71;1.12;-9.3;9.39406727674;2549.88113919;
26;3151.0;2335.0;0.86;0.97;-9.9;9.98451300765;2559.8656522;
26;3095.0;2204.0;0.91;0.97;-10.05;10.1376279277;2570.00328012;
26;3051.0;2094.0;0.98;0.88;-10.41;10.4929929;2580.49627302;
26;3143.0;2399.0;0.5;1.27;-9.04;9.14245590637;2589.63872893;
26;3275.0;2841.0;0.96;0.82;-10.43;10.5061363022;2600.14486523;
26;3266.0;2252.0;0.78;0.94;-9.94;10.0147690937;2610.15963433;
26;3075.0;2335.0;0.77;0.98;-9.72;9.79957652146;2619.95921085;
26;3125.0;2318.0;0.79;1.05;-9.72;9.80841475469;2629.7676256;
26;3159.0;2341.0;0.77;0.99;-9.8;9.87992914954;2639.64755475;
26;3317.0;2890.0;0.69;1.1;-9.61;9.69732952931;2649.34488428;
26;3126.0;2320.0;0.79;1.0;-9.93;10.0114434524;2659.35632773;
26;3049.0;2178.0;0.73;1.04;-9.6;9.68372345743;2669.04005119;
26;3279.0;2871.0;0.67;1.08;-9.37;9.45580245141;2678.49585364;
26;3117.0;2303.0;0.65;1.12;-9.3;9.38972310561;2687.88557675;
26;3128.0;2364.0;0.94;0.84;-10.34;10.4165637328;2698.30214048;
26;3116.0;2299.0;0.6;1.16;-9.3;9.39125124784;2707.69339173;
26;3126.0;2189.0;0.7;1.09;-9.48;9.56809803461;2717.26148976;
26;3275.0;2873.0;0.78;1.03;-9.74;9.82531933323;2727.0868091;
26;3169.0;2375.0;0.94;0.85;-10.39;10.4670053024;2737.5538144;
26;3267.0;2969.0;0.63;1.14;-9.19;9.28184248951;2746.83565689;
26;3169.0;2142.0;0.89;0.93;-10.06;10.1420214948;2756.97767838;
26;3272.0;2969.0;0.85;0.95;-9.96;10.0412449427;2767.01892333;
26;3158.0;2659.0;0.58;1.14;-9.45;9.53616799349;2776.55509132;
26;3253.0;2955.0;0.73;0.98;-9.8;9.87589489616;2786.43098621;
26;3206.0;2480.0;0.56;1.16;-9.22;9.30954349042;2795.74052971;
26;3134.0;2367.0;0.56;1.18;-9.14;9.23285437988;2804.97338409;
26;3100.0;2420.0;0.59;1.16;-9.18;9.27179054983;2814.24517463;
26;3231.0;2582.0;0.96;0.79;-10.39;10.4641196476;2824.70929428;
26;3058.0;2231.0;0.73;1.07;-9.54;9.62753343282;2834.33682772;
26;3262.0;2962.0;0.99;0.75;-10.57;10.6427205169;2844.97954823;
26;3245.0;2623.0;1.0;0.71;-10.66;10.7303168639;2855.7098651;
26;3275.0;2969.0;0.86;0.87;-10.16;10.2333816503;2865.94324675;
26;3146.0;2415.0;0.81;1.01;-9.65;9.73646239658;2875.67970914;
26;3104.0;2246.0;0.65;1.14;-9.42;9.51096735353;2885.1906765;
26;3149.0;2415.0;0.69;1.15;-9.48;9.57439293115;2894.76506943;
26;3144.0;2607.0;0.73;1.03;-9.73;9.81155950907;2904.57662894;
26;3123.0;2327.0;0.78;0.94;-9.86;9.93537115562;2914.51200009;
26;3082.0;2335.0;0.72;1.03;-9.7;9.78106844879;2924.29306854;
26;3268.0;2973.0;0.66;1.14;-9.3;9.39282705047;2933.68589559;
26;3265.0;2880.0;0.65;1.17;-9.24;9.33643400876;2943.0223296;
26;3248.0;2939.0;0.92;0.85;-10.24;10.316322019;2953.33865162;
26;3078.0;2317.0;0.76;1.03;-9.75;9.83366666102;2963.17231828;
26;3271.0;2969.0;0.84;0.94;-10.03;10.1089119098;2973.28123019;
26;3112.0;2244.0;1.0;0.78;-10.55;10.6259540748;2983.90718427;
26;3124.0;2311.0;0.96;0.8;-10.48;10.5542408538;2994.46142512;
26;3130.0;2353.0;0.84;0.98;-9.78;9.86480613089;3004.32623125;
26;3113.0;2310.0;0.61;1.17;-9.26;9.35353409145;3013.67976534;
26;3139.0;2338.0;0.67;1.12;-9.43;9.51988445308;3023.19964979;
26;3231.0;2878.0;0.74;1.05;-9.59;9.67564984898;3032.87529964;
26;3282.0;2876.0;0.8;1.0;-9.78;9.86348822679;3042.73878787;
26;3116.0;2262.0;0.69;1.11;-9.4;9.49042675542;3052.22921463;
26;3232.0;2614.0;0.8;0.92;-10.0;10.0740458605;3062.30326049;
26;3210.0;2477.0;0.81;1.0;-9.79;9.87421895645;3072.17747944;
26;3141.0;2361.0;0.78;0.98;-9.74;9.82020366388;3081.99768311;
26;3257.0;2965.0;0.79;1.0;-9.82;9.90234820636;3091.90003131;
26;3241.0;2325.0;0.74;1.05;-9.64;9.72520950931;3101.62524082;
26;3158.0;2418.0;0.76;1.03;-9.68;9.76426648551;3111.38950731;
26;3112.0;2257.0;0.73;1.0;-9.64;9.71918206435;3121.10868937;
26;3213.0;2837.0;0.84;0.9;-9.97;10.0457204819;3131.15440985;
26;3277.0;2952.0;0.7;1.01;-9.54;9.61882009396;3140.77322995;
26;3273.0;2866.0;0.84;0.97;-9.91;9.99272735543;3150.7659573;
26;3055.0;2089.0;0.71;1.06;-9.66;9.74388526205;3160.50984257;
26;3273.0;2981.0;0.7;1.03;-9.62;9.70027319203;3170.21011576;
26;3112.0;2290.0;0.7;1.03;-9.62;9.70027319203;3179.91038895;
26;3033.0;2116.0;0.85;0.91;-9.98;10.0573853461;3189.9677743;
26;3112.0;2243.0;0.72;1.02;-9.61;9.6907636438;3199.65853794;
26;3282.0;2914.0;0.73;1.01;-9.6;9.68054750518;3209.33908544;
26;3203.0;2248.0;0.73;0.98;-9.69;9.76674971523;3219.10583516;
26;3124.0;2320.0;0.81;0.95;-9.87;9.94864312356;3229.05447828;
26;3101.0;2203.0;0.82;0.97;-9.89;9.97122861036;3239.02570689;
26;3208.0;2367.0;0.71;1.1;-9.44;9.53035676142;3248.55606365;
26;3143.0;2145.0;0.82;1.05;-9.72;9.81087661731;3258.36694027;
26;3272.0;2794.0;0.82;1.05;-9.72;9.81087661731;3268.17781689;
26;3265.0;2741.0;0.91;0.87;-10.1;10.1781628991;3278.35597979;
26;3114.0;2305.0;0.7;1.11;-9.45;9.54068131739;3287.89666111;
26;3276.0;2886.0;0.81;0.93;-9.94;10.0162168507;3297.91287796;
26;3164.0;2293.0;0.74;1.01;-9.67;9.75072305011;3307.66360101;
26;3148.0;2411.0;0.7;1.02;-9.5;9.58020876599;3317.24380977;
26;3139.0;2570.0;0.7;1.03;-9.51;9.59119387772;3326.83500365;
26;3138.0;2381.0;0.77;0.97;-9.96;10.0367026458;3336.8717063;
26;3096.0;2252.0;0.77;1.03;-9.68;9.76504992307;3346.63675622;
26;3149.0;2409.0;0.83;0.97;-9.81;9.8927195452;3356.52947576;
26;3092.0;2324.0;0.9;0.97;-9.94;10.0276866724;3366.55716244;
26;3178.0;2687.0;0.93;0.87;-10.25;10.3288092247;3376.88597166;
26;3152.0;2330.0;0.68;1.11;-9.33;9.42037154257;3386.3063432;
26;3164.0;2652.0;0.8;0.99;-9.83;9.91206335734;3396.21840656;
26;3113.0;2245.0;0.76;1.0;-9.82;9.9;3406.11840656;
26;3145.0;2386.0;0.82;0.99;-9.89;9.97319407211;3416.09160063;
26;3142.0;2298.0;0.78;0.99;-9.65;9.73195766534;3425.8235583;
26;3142.0;2343.0;0.75;1.0;-9.64;9.72070470696;3435.54426301;
26;3292.0;2973.0;0.75;1.0;-9.84;9.91907757808;3445.46334058;
26;3180.0;2244.0;0.9;0.9;-10.1;10.1798821211;3455.64322271;
26;3292.0;2106.0;0.81;0.94;-10.02;10.096539011;3465.73976172;
26;3197.0;2464.0;0.7;1.08;-9.6;9.68588663985;3475.42564836;
26;3202.0;2804.0;0.9;0.86;-10.15;10.2260500683;3485.65169842;
26;3270.0;2981.0;0.7;0.98;-9.73;9.80424907884;3495.4559475;
26;3125.0;2312.0;0.77;1.04;-9.59;9.67691066405;3505.13285817;
26;3144.0;2406.0;0.71;1.09;-9.45;9.53911421464;3514.67197238;
26;3147.0;2387.0;0.7;1.03;-9.58;9.66060557108;3524.33257795;
26;3130.0;2284.0;0.81;1.03;-9.78;9.8673907392;3534.19996869;
26;3047.0;2183.0;0.7;1.06;-9.47;9.55481553982;3543.75478423;
26;3140.0;2332.0;0.76;1.0;-9.65;9.73139763857;3553.48618187;
25;3253.0;2753.0;0.81;0.9;-9.97;10.043256444;3563.52943831;
25;3173.0;2673.0;0.82;0.93;-10.1;10.1758193773;3573.70525769;
25;3122.0;2514.0;0.91;0.85;-10.24;10.3154350369;3584.02069273;
25;3088.0;2180.0;0.58;1.11;-9.31;9.39385969663;3593.41455243;
25;3238.0;2621.0;0.8;0.93;-10.03;10.1047414613;3603.51929389;
25;3107.0;2242.0;0.68;1.14;-9.28;9.37445465081;3612.89374854;
25;3108.0;2460.0;0.96;0.81;-10.33;10.4060847584;3623.2998333;
25;3342.0;2735.0;0.85;0.94;-9.93;10.0105444407;3633.31037774;
25;3179.0;2313.0;0.89;0.91;-10.08;10.1600492125;3643.47042695;
25;3212.0;2541.0;0.7;1.09;-9.46;9.54828256809;3653.01870952;
25;3262.0;2977.0;0.78;0.97;-9.78;9.85888938978;3662.87759891;
25;3276.0;2905.0;0.74;1.01;-9.75;9.83006612389;3672.70766503;
25;3143.0;2413.0;0.87;0.87;-10.07;10.1448854109;3682.85255044;
25;3150.0;2412.0;0.8;0.98;-9.84;9.92098785404;3692.7735383;
25;3276.0;2400.0;0.82;0.93;-10.02;10.0964201577;3702.86995845;
25;3150.0;2285.0;0.83;0.98;-9.93;10.012701933;3712.88266039;
25;3157.0;2393.0;0.91;0.88;-10.06;10.1393342977;3723.02199468;
25;3052.0;2206.0;0.93;0.83;-10.15;10.2262554242;3733.24825011;
25;3132.0;2372.0;0.69;1.07;-9.37;9.45610384884;3742.70435396;
25;3129.0;2371.0;0.68;0.92;-9.67;9.73743806142;3752.44179202;
25;3266.0;2420.0;0.82;0.86;-9.57;9.64349003214;3762.08528205;
25;3283.0;2364.0;1.0;0.64;-9.78;9.85180186565;3771.93708392;
25;3100.0;2236.0;1.43;-0.3;-9.87;9.97756483316;3781.91464875;
25;3214.0;2857.0;0.59;0.23;-6.1;6.13278077221;3788.04742952;
25;3238.0;2873.0;0.8;0.23;-5.9;5.95843100153;3794.00586052;
25;3141.0;2542.0;1.12;-0.45;-8.97;9.05084526439;3803.05670579;
25;3134.0;2278.0;-0.68;2.23;1.53;2.78858387;3805.84528966;
25;3354.0;2299.0;0.69;-1.2;-19.25;19.299704661;3825.14499432;
25;3110.0;2247.0;1.45;0.3;-13.47;13.5511401734;3838.69613449;
25;3126.0;2329.0;-1.07;1.57;-8.9;9.10053844561;3847.79667294;
25;3169.0;2376.0;-0.13;1.95;-8.6;8.81926300776;3856.61593595;
25;3182.0;2512.0;-0.64;2.39;-8.74;9.08346299602;3865.69939894;
25;3112.0;2321.0;-2.0;4.25;-8.67;9.86059835913;3875.5599973;
25;3125.0;2298.0;-1.8;2.88;-7.73;8.44318068029;3884.00317798;
25;3158.0;2365.0;-0.1;1.55;-10.25;10.3670149995;3894.37019298;
25;3133.0;2348.0;-1.84;3.54;-8.28;9.19106087457;3903.56125385;
25;3124.0;2354.0;-2.03;3.28;-8.8;9.60829329278;3913.16954715;
25;3131.0;2360.0;0.48;2.99;-10.0;10.4484687873;3923.61801594;
25;3170.0;2406.0;-0.55;3.25;-9.22;9.79149631057;3933.40951225;
25;3196.0;2409.0;-0.43;3.15;-9.31;9.83786053977;3943.24737279;
25;3205.0;2384.0;-0.36;3.05;-9.22;9.71805021596;3952.965423;
25;3139.0;2377.0;-0.31;3.08;-9.34;9.83961889506;3962.8050419;
25;3165.0;2375.0;-0.38;3.1;-9.41;9.9147617218;3972.71980362;
25;3146.0;2376.0;-0.39;3.12;-9.27;9.7887384274;3982.50854205;
25;3256.0;2345.0;-0.41;3.12;-9.19;9.71383549377;3992.22237754;
25;3122.0;2353.0;-0.43;3.11;-9.29;9.80617662496;4002.02855416;
25;3137.0;2364.0;-0.48;3.15;-9.3;9.83071208001;4011.85926624;
25;3247.0;2368.0;-0.48;2.86;-9.54;9.9710380603;4021.8303043;
25;3146.0;2375.0;-0.48;2.86;-9.54;9.9710380603;4031.80134236;
25;3138.0;2362.0;-0.42;3.02;-9.4;9.88214551603;4041.68348788;
25;3147.0;2376.0;0.13;2.73;-9.29;9.68369247756;4051.36718036;
25;3157.0;2393.0;-0.15;3.04;-10.2;10.6444398631;4062.01162022;
25;3148.0;2371.0;0.01;3.54;-9.13;9.79227246353;4071.80389269;
25;3232.0;2364.0;-1.4;3.27;-8.48;9.19583057695;4080.99972326;
25;3149.0;2380.0;-0.9;2.97;-8.99;9.5105730637;4090.51029633;
25;3152.0;2378.0;-1.05;3.43;-9.86;10.4922352242;4101.00253155;
25;3133.0;2352.0;-1.09;2.73;-9.62;10.0590953868;4111.06162694;
25;3136.0;2383.0;-0.53;2.82;-8.77;9.22746985907;4120.2890968;
25;3126.0;2359.0;-3.04;3.86;-10.5;11.5927218547;4131.88181865;
25;3158.0;2388.0;-2.14;2.77;-10.27;10.8501336397;4142.73195229;
25;3148.0;2375.0;-1.36;1.37;-9.83;10.0177542393;4152.74970653;
25;3155.0;2380.0;-1.54;2.14;-10.02;10.3610617217;4163.11076825;
25;3128.0;2354.0;-0.89;1.93;-9.42;9.65678000164;4172.76754825;
25;3145.0;2368.0;-0.43;3.02;-9.58;10.0539395264;4182.82148778;
25;3140.0;2352.0;-0.56;2.8;-9.4;9.82413354958;4192.64562133;
25;3171.0;2404.0;-0.61;2.73;-9.29;9.70201525457;4202.34763658;
25;3155.0;2398.0;-0.81;2.49;-9.5;9.85424781503;4212.2018844;
25;3171.0;2400.0;-1.31;2.22;-9.37;9.71809652144;4221.91998092;
25;3168.0;2403.0;-0.77;2.58;-9.67;10.0378384127;4231.95781933;
25;3161.0;2384.0;-0.79;2.62;-9.65;10.0305034769;4241.98832281;
25;3145.0;2371.0;-0.76;2.68;-9.66;10.0536361581;4252.04195897;
25;3150.0;2380.0;-0.8;2.66;-9.62;10.012991561;4262.05495053;
25;3147.0;2370.0;-0.78;2.53;-9.53;9.89091502339;4271.94586555;
25;3147.0;2375.0;-0.75;2.65;-9.35;9.7471790791;4281.69304463;
25;3135.0;2367.0;-0.75;2.46;-9.4;9.74546561227;4291.43851024;
25;3168.0;2368.0;-0.75;2.47;-9.44;9.7865724337;4301.22508268;
25;3132.0;2356.0;-0.73;2.48;-9.41;9.75865769458;4310.98374037;
25;3306.0;2349.0;-0.67;2.72;-9.24;9.65530424171;4320.63904461;
25;3160.0;2385.0;-0.6;3.0;-9.25;9.74281786754;4330.38186248;
25;3151.0;2367.0;-0.51;3.03;-9.2;9.69953607138;4340.08139855;
25;3147.0;2376.0;-0.56;2.92;-9.2;9.66850557222;4349.74990412;
25;3140.0;2355.0;-0.56;2.85;-9.16;9.60945888175;4359.35936301;
25;3154.0;2366.0;-0.84;2.52;-9.42;9.78735919439;4369.1467222;
25;3135.0;2364.0;-0.73;2.47;-9.43;9.77541303475;4378.92213524;
25;3168.0;2394.0;-0.71;2.78;-9.48;9.9046908079;4388.82682604;
25;3146.0;2379.0;-0.74;2.61;-9.48;9.86053243999;4398.68735848;
25;3190.0;2402.0;-0.62;2.59;-9.36;9.73150039819;4408.41885888;
25;3160.0;2387.0;-0.57;2.65;-9.37;9.75419396978;4418.17305285;
25;3140.0;2370.0;-0.72;2.69;-9.39;9.79421257682;4427.96726543;
25;3145.0;2376.0;-0.73;2.61;-9.41;9.79250223385;4437.75976766;
25;3314.0;2389.0;-0.79;2.47;-9.35;9.70296346484;4447.46273113;
25;3139.0;2362.0;-0.78;2.52;-9.32;9.68613441988;4457.14886555;
25;3150.0;2382.0;-0.58;2.63;-9.66;10.0284046588;4467.17727021;
25;3146.0;2372.0;-0.71;2.43;-9.45;9.7832254395;4476.96049564;
25;3144.0;2374.0;-0.69;2.66;-9.41;9.80305054562;4486.76354619;
25;3132.0;2351.0;-0.71;2.62;-9.38;9.76488095166;4496.52842714;
25;3164.0;2395.0;-0.72;2.59;-9.36;9.73838282263;4506.26680996;
25;3158.0;2401.0;-0.75;2.64;-9.45;9.84045730645;4516.10726727;
25;3167.0;2398.0;-0.73;2.64;-9.42;9.81014271048;4525.91740998;
25;3177.0;2372.0;-0.71;2.56;-9.43;9.79707099086;4535.71448097;
25;3144.0;2368.0;-0.62;2.56;-9.36;9.72355901921;4545.43803999;
25;3171.0;2392.0;-0.67;2.65;-9.39;9.77974948554;4555.21778948;
25;3157.0;2374.0;-0.73;2.6;-9.41;9.7898416739;4565.00763115;
25;3158.0;2382.0;-0.82;2.67;-9.67;10.0652968163;4575.07292797;
25;3179.0;2390.0;-0.63;2.31;-9.24;9.54518726899;4584.61811524;
