23;3113.0;2368.0;-4.17;3.21;-8.3;9.82766503296;9.82766503296;
23;3100.0;2351.0;-4.11;3.31;-8.22;9.76814209561;19.5958071286;
23;3175.0;2344.0;-4.25;3.2;-8.31;9.86704616387;29.4628532924;
23;3133.0;2394.0;-4.2;3.28;-8.23;9.80465705673;39.2675103492;
23;3114.0;2371.0;-4.21;3.23;-8.25;9.80915388808;49.0766642372;
23;3131.0;2394.0;-4.2;3.21;-8.25;9.79829577018;58.8749600074;
23;3174.0;2369.0;-4.19;3.22;-8.23;9.78046011188;68.6554201193;
23;3098.0;2359.0;-4.2;3.21;-8.25;9.79829577018;78.4537158895;
23;3136.0;2359.0;-4.21;3.22;-8.24;9.79745375085;88.2511696403;
23;3110.0;2372.0;-4.18;3.22;-8.31;9.84362230076;98.0947919411;
23;3126.0;2359.0;-4.2;3.24;-8.27;9.82499363867;107.91978558;
23;3115.0;2359.0;-4.2;3.27;-8.29;9.85175111338;117.771536693;
23;3115.0;2362.0;-4.18;3.23;-8.26;9.80473865026;127.576275343;
23;3137.0;2392.0;-4.21;3.23;-8.29;9.84281971795;137.419095061;
23;3116.0;2351.0;-4.18;3.21;-8.23;9.77289107685;147.191986138;
23;3120.0;2365.0;-4.18;3.23;-8.27;9.81316462717;157.005150765;
23;3112.0;2371.0;-4.21;3.21;-8.19;9.75214335416;166.75729412;
23;3115.0;2375.0;-4.22;3.22;-8.26;9.81857423458;176.575868354;
23;3112.0;2368.0;-4.19;3.27;-8.24;9.80543726715;186.381305621;
23;3104.0;2347.0;-4.19;3.22;-8.24;9.78887634001;196.170181961;
23;3101.0;2352.0;-4.21;3.2;-8.32;9.85832135812;206.028503319;
23;3113.0;2357.0;-4.21;3.23;-8.27;9.82598086707;215.854484186;
23;3111.0;2365.0;-4.21;3.2;-8.22;9.77407284606;225.628557033;
23;3187.0;2371.0;-4.23;3.22;-8.21;9.78086908204;235.409426115;
23;3126.0;2372.0;-4.21;3.22;-8.24;9.79745375085;245.206879865;
23;3128.0;2388.0;-4.19;3.24;-8.26;9.81230350122;255.019183367;
23;3215.0;2393.0;-4.21;3.16;-8.19;9.73579991577;264.754983282;
23;3115.0;2355.0;-4.2;3.24;-8.25;9.80816496599;274.563148248;
23;3116.0;2359.0;-4.24;3.22;-8.25;9.81878302031;284.381931269;
23;3120.0;2364.0;-4.21;3.23;-8.27;9.82598086707;294.207912136;
23;3139.0;2350.0;-4.2;3.24;-8.3;9.85025887985;304.058171016;
23;3107.0;2350.0;-4.19;3.21;-8.23;9.77717239288;313.835343408;
23;3116.0;2370.0;-4.2;3.24;-8.22;9.78294434207;323.618287751;
23;3141.0;2390.0;-4.18;3.19;-8.32;9.8423015601;333.460589311;
23;3209.0;2362.0;-4.22;3.26;-8.26;9.83176484666;343.292354157;
23;3097.0;2343.0;-4.19;3.21;-8.24;9.78559144866;353.077945606;
23;3123.0;2361.0;-4.2;3.18;-8.25;9.78850856872;362.866454175;
23;3108.0;2365.0;-4.26;3.03;-8.16;9.69092874806;372.557382923;
23;3119.0;2362.0;-3.98;3.44;-8.18;9.7255539688;382.282936892;
23;3136.0;2400.0;-4.3;3.02;-8.21;9.74753815073;392.030475042;
23;3102.0;2347.0;-4.21;3.21;-8.25;9.8025863934;401.833061436;
23;3115.0;2356.0;-4.25;3.14;-8.3;9.83931400048;411.672375436;
23;3108.0;2357.0;-4.17;3.25;-8.27;9.81551323161;421.487888668;
23;3129.0;2383.0;-4.2;3.21;-8.32;9.85730693445;431.345195602;
23;3135.0;2392.0;-4.06;3.09;-8.12;9.58989572415;440.935091326;
23;3110.0;2365.0;-4.11;3.31;-8.33;9.860887384;450.79597871;
23;3133.0;2396.0;-4.12;3.36;-8.29;9.8482536523;460.644232363;
23;3099.0;2346.0;-4.24;3.31;-8.28;9.87380878891;470.518041152;
23;3114.0;2373.0;-4.15;3.43;-8.4;9.97734433604;480.495385488;
23;3127.0;2390.0;-4.09;3.35;-8.08;9.65593081997;490.151316308;
23;3139.0;2398.0;-4.2;3.35;-8.16;9.76975434696;499.921070655;
23;3107.0;2358.0;-4.16;3.36;-8.23;9.81468797263;509.735758627;
23;3106.0;2365.0;-4.27;3.43;-8.01;9.70349936878;519.439257996;
23;3128.0;2367.0;-4.19;3.51;-8.19;9.84643590341;529.285693899;
23;3167.0;2357.0;-4.11;3.79;-8.42;10.1070569406;539.39275084;
23;3130.0;2389.0;-4.25;3.48;-8.13;9.81171748472;549.204468325;
23;3094.0;2338.0;-4.18;3.56;-8.19;9.86012677403;559.064595099;
23;3110.0;2363.0;-4.25;3.51;-8.26;9.93026686449;568.994861963;
23;3107.0;2366.0;-4.01;3.62;-8.25;9.86138935445;578.856251318;
23;3088.0;2342.0;-4.21;3.76;-7.66;9.51510903774;588.371360355;
23;3270.0;2616.0;-3.94;3.94;-8.09;9.82320212558;598.194562481;
23;3096.0;2361.0;-3.92;3.65;-8.08;9.6940858259;607.888648307;
23;3296.0;2874.0;-4.14;3.51;-8.29;9.90877388984;617.797422197;
23;3333.0;3035.0;-4.05;3.48;-8.18;9.76858741068;627.566009607;
23;3183.0;2118.0;-4.16;3.33;-8.23;9.80445816963;637.370467777;
23;3175.0;2474.0;-4.02;3.41;-8.04;9.6140574161;646.984525193;
23;3097.0;2360.0;-3.9;3.51;-8.09;9.6425204174;656.627045611;
23;3163.0;2358.0;-3.75;3.72;-8.29;9.82980162567;666.456847236;
23;3154.0;2514.0;-3.98;3.46;-8.15;9.70744559604;676.164292832;
23;2997.0;2113.0;-3.2;3.82;-8.62;9.95674645655;686.121039289;
23;3052.0;2162.0;-3.36;3.59;-8.66;9.95857921593;696.079618505;
23;3031.0;2134.0;-3.73;2.42;-8.33;9.44236199264;705.521980497;
23;3039.0;2248.0;-2.65;3.41;-9.06;10.036642865;715.558623362;
23;3002.0;2128.0;-2.65;2.99;-8.88;9.73740211761;725.29602548;
23;3196.0;2362.0;-3.09;2.99;-7.69;8.81046536796;734.106490848;
23;3166.0;2350.0;0.67;-0.21;-13.0;13.0189477301;747.125438578;
23;3114.0;2379.0;-2.27;1.86;-9.55;9.99074571791;757.116184296;
23;3211.0;2699.0;-2.2;1.98;-9.05;9.52170677977;766.637891076;
23;3086.0;2287.0;-1.08;3.27;-9.04;9.67372213783;776.311613214;
23;3213.0;2365.0;-4.69;4.22;-6.7;9.20296147987;785.514574693;
23;3077.0;2180.0;-1.58;1.39;-8.24;8.50447529246;794.019049986;
23;2974.0;2062.0;-7.78;2.75;-14.95;17.0761061135;811.095156099;
23;3145.0;2472.0;1.9;2.34;-9.98;10.4252577906;821.52041389;
23;3090.0;2304.0;0.27;1.74;-10.08;10.2326389558;831.753052846;
23;3261.0;2747.0;-0.54;1.05;-12.02;12.0778516302;843.830904476;
23;3220.0;2742.0;2.05;1.76;-14.62;14.8675653689;858.698469845;
23;3001.0;2165.0;-0.38;3.01;-10.44;10.871894959;869.570364804;
23;3134.0;2550.0;-0.31;-3.33;-10.08;10.6203295617;880.190694366;
23;3002.0;2198.0;-1.29;3.27;-11.91;12.4179346109;892.608628977;
23;3223.0;2493.0;-0.83;0.66;-9.35;9.40994155136;902.018570528;
23;3223.0;2510.0;-1.6;1.13;-9.69;9.88600020231;911.90457073;
23;3100.0;2356.0;-2.78;0.47;-9.88;10.2744196916;922.178990422;
23;3219.0;2651.0;-3.05;1.57;-9.58;10.1756473996;932.354637821;
23;3090.0;2329.0;-3.99;2.19;-9.68;10.6966630311;943.051300852;
23;3098.0;2337.0;-3.63;1.58;-9.95;10.7086787234;953.759979576;
23;3254.0;2637.0;-4.09;3.36;-9.43;10.8140001849;964.573979761;
23;2955.0;2060.0;-3.82;1.62;-7.54;8.60630001801;973.180279779;
23;2992.0;2063.0;-4.14;3.21;-9.07;10.4741873193;983.654467098;
23;3117.0;2428.0;-3.24;1.94;-7.48;8.37923624204;992.03370334;
23;3124.0;2359.0;-0.14;4.18;-8.2;9.20499864204;1001.23870198;
23;3113.0;2395.0;-0.64;3.03;-8.02;8.5971448749;1009.83584686;
23;3108.0;2431.0;-0.84;4.78;-8.36;9.66662298841;1019.50246985;
23;3066.0;2294.0;-1.86;4.63;-7.47;8.98317315875;1028.485643;
23;3067.0;2253.0;-0.83;5.6;-6.28;8.45501626255;1036.94065927;
23;3114.0;2376.0;-2.16;7.29;-7.48;10.6658379886;1047.60649726;
23;3162.0;2371.0;-3.09;7.2;-8.46;11.5308152357;1059.13731249;
23;3215.0;2823.0;-2.02;6.75;-6.21;9.3918581761;1068.52917067;
23;3161.0;2424.0;-1.45;6.24;-5.78;8.62835442017;1077.15752509;
23;3123.0;2383.0;-3.11;5.89;-6.93;9.61192488527;1086.76944997;
23;3100.0;2337.0;-4.06;6.68;-7.83;11.0641267166;1097.83357669;
23;3125.0;2369.0;-1.66;4.92;-5.4;7.49146180662;1105.3250385;
23;3131.0;2408.0;-3.12;6.07;-6.75;9.59905203653;1114.92409053;
23;3116.0;2375.0;-3.18;6.07;-7.59;10.2257224684;1125.149813;
23;3110.0;2371.0;-4.11;4.34;-7.58;9.65319118219;1134.80300418;
23;3102.0;2346.0;-10.69;5.58;-11.02;16.3356328313;1151.13863701;
23;3117.0;2377.0;-5.19;3.65;-8.83;10.8732469851;1162.011884;
23;3127.0;2385.0;-5.31;2.24;-8.42;10.2034356959;1172.2153197;
23;3113.0;2363.0;-4.95;2.57;-8.86;10.4693361776;1182.68465587;
23;3115.0;2361.0;-4.67;2.34;-8.7;10.1476351925;1192.83229107;
23;3094.0;2342.0;-4.28;2.36;-9.05;10.2854508895;1203.11774195;
23;3103.0;2356.0;-3.37;3.05;-8.46;9.60369720472;1212.72143916;
23;3180.0;2359.0;-2.99;3.61;-8.87;10.0324025039;1222.75384166;
23;3118.0;2373.0;-3.43;3.47;-7.96;9.33634832255;1232.09018999;
23;3190.0;2376.0;-3.02;4.75;-7.63;9.48155050611;1241.57174049;
23;3123.0;2382.0;-1.69;4.5;-8.28;9.57415792642;1251.14589842;
23;3092.0;2349.0;1.14;0.64;-5.89;6.03334898709;1257.17924741;
23;3109.0;2370.0;-1.95;2.83;-10.51;11.0576444146;1268.23689182;
23;3187.0;2356.0;-2.76;3.85;-9.4;10.5261626436;1278.76305446;
23;3115.0;2365.0;-2.45;3.21;-8.53;9.43755794684;1288.20061241;
23;3117.0;2371.0;-1.53;4.04;-8.73;9.74040040245;1297.94101281;
23;3097.0;2343.0;-1.04;2.92;-8.89;9.41488714749;1307.35589996;
23;3143.0;2399.0;-1.02;2.77;-8.64;9.13032858116;1316.48622854;
23;3120.0;2368.0;-1.67;4.04;-9.42;10.3849362059;1326.87116475;
23;3115.0;2358.0;-2.02;3.8;-9.28;10.2293108272;1337.10047557;
23;3115.0;2364.0;-1.06;3.52;-9.04;9.75887288574;1346.85934846;
23;3205.0;2371.0;-1.04;3.57;-9.06;9.79337020642;1356.65271867;
23;3117.0;2363.0;-0.51;3.44;-8.92;9.57392813844;1366.22664681;
23;3125.0;2365.0;-0.93;3.44;-9.08;9.75422472573;1375.98087153;
23;3114.0;2367.0;-0.88;3.6;-9.23;9.94622038766;1385.92709192;
23;3112.0;2368.0;-0.87;3.61;-9.21;9.93041288165;1395.8575048;
23;3109.0;2351.0;-0.67;3.33;-9.2;9.80702809214;1405.66453289;
23;3135.0;2395.0;-1.19;3.02;-8.77;9.35143839203;1415.01597128;
23;3126.0;2385.0;-0.66;3.72;-9.4;10.1308439925;1425.14681528;
23;3107.0;2362.0;-0.96;3.61;-9.09;9.82760398063;1434.97441926;
23;3112.0;2362.0;-0.57;3.49;-9.09;9.75361984086;1444.7280391;
23;3111.0;2349.0;-0.88;3.31;-8.94;9.57361478231;1454.30165388;
23;3117.0;2361.0;-0.26;3.06;-9.02;9.52846262521;1463.83011651;
23;3188.0;2365.0;-1.11;3.11;-9.63;10.1804272995;1474.01054381;
23;3117.0;2364.0;-1.39;3.38;-10.24;10.8726307764;1484.88317458;
23;3102.0;2345.0;-0.45;3.28;-8.52;9.14064002136;1494.0238146;
23;3115.0;2370.0;-0.87;3.38;-9.32;9.95207013641;1503.97588474;
23;3127.0;2371.0;-0.74;3.35;-9.34;9.95016080272;1513.92604554;
23;3114.0;2361.0;-0.77;3.2;-9.11;9.68633057458;1523.61237612;
23;3124.0;2353.0;-0.79;3.2;-9.19;9.76320644051;1533.37558256;
23;3111.0;2357.0;-0.85;3.21;-9.45;10.0164414839;1543.39202404;
23;3135.0;2388.0;-0.81;3.06;-9.21;9.73877815745;1553.1308022;
23;3125.0;2372.0;-0.82;3.14;-9.27;9.82165464675;1562.95245685;
23;3140.0;2353.0;-0.77;3.21;-9.39;9.95334617101;1572.90580302;
23;3208.0;2398.0;-0.74;3.21;-9.33;9.89447320477;1582.80027622;
23;3135.0;2391.0;-0.8;3.21;-9.38;9.9462807119;1592.74655693;
23;3126.0;2367.0;-0.81;3.24;-9.36;9.93797263027;1602.68452956;
23;3120.0;2370.0;-0.83;3.25;-9.28;9.86761369329;1612.55214326;
23;3125.0;2373.0;-0.82;3.24;-9.2;9.78825827203;1622.34040153;
23;3126.0;2363.0;-0.82;3.23;-9.17;9.75675150857;1632.09715304;
23;3126.0;2376.0;-0.82;3.29;-9.17;9.77677861056;1641.87393165;
23;3144.0;2389.0;-0.83;3.23;-9.28;9.86104456942;1651.73497622;
23;3146.0;2367.0;-0.8;3.3;-9.24;9.84416578487;1661.579142;
23;3146.0;2390.0;-0.74;3.36;-9.22;9.84101620769;1671.42015821;
23;3123.0;2369.0;-0.84;3.35;-9.21;9.8362696181;1681.25642783;
23;3125.0;2372.0;-0.85;3.32;-9.18;9.79884176829;1691.0552696;
23;3113.0;2368.0;-0.84;3.33;-9.17;9.79200694444;1700.84727654;
23;3136.0;2373.0;-0.84;3.39;-9.33;9.96225878002;1710.80953532;
23;3126.0;2376.0;-0.82;3.3;-9.23;9.8364271969;1720.64596252;
23;3121.0;2352.0;-0.83;3.23;-9.21;9.79519780301;1730.44116032;
23;3150.0;2392.0;-0.81;3.23;-9.21;9.79352337006;1740.23468369;
23;3144.0;2391.0;-0.78;3.21;-9.39;9.95412477318;1750.18880846;
23;3128.0;2372.0;-0.81;3.06;-9.28;9.80500382458;1759.99381229;
23;3119.0;2371.0;-0.81;3.06;-9.28;9.80500382458;1769.79881611;
23;3117.0;2365.0;-0.83;3.15;-9.2;9.75968237188;1779.55849849;
23;3123.0;2371.0;-0.87;3.11;-9.13;9.6843120561;1789.24281054;
23;3126.0;2376.0;-0.85;3.26;-9.08;9.68485931751;1798.92766986;
23;3142.0;2392.0;-0.83;3.36;-9.33;9.95125117762;1808.87892104;
23;3111.0;2353.0;-0.84;3.39;-9.3;9.93416830943;1818.81308935;
23;3144.0;2395.0;-0.86;3.4;-9.33;9.96737176993;1828.78046112;
23;3142.0;2394.0;-0.87;3.35;-9.27;9.89506442627;1838.67552554;
23;3143.0;2369.0;-0.81;3.35;-9.32;9.93685060771;1848.61237615;
24;3141.0;2399.0;-0.83;3.22;-9.29;9.86718804929;1858.4795642;
24;3138.0;2390.0;-0.84;3.18;-9.34;9.90220177536;1868.38176597;
24;3121.0;2370.0;-0.83;3.27;-9.22;9.81785108871;1878.19961706;
24;3119.0;2367.0;-0.83;3.25;-9.18;9.77362778092;1887.97324484;
24;3123.0;2365.0;-0.85;3.21;-9.32;9.89388700158;1897.86713185;
24;3137.0;2389.0;-0.84;3.15;-9.27;9.82654567994;1907.69367753;
24;3130.0;2365.0;-0.84;3.08;-9.11;9.65319118219;1917.34686871;
24;3122.0;2373.0;-0.86;3.35;-9.32;9.94105125226;1927.28791996;
24;3130.0;2375.0;-0.85;3.33;-9.29;9.90532684973;1937.19324681;
24;3119.0;2362.0;-0.83;3.27;-9.55;10.1283907902;1947.3216376;
24;3117.0;2360.0;-0.88;3.03;-9.47;9.98179342603;1957.30343103;
24;3148.0;2398.0;-0.41;3.2;-8.88;9.44788336084;1966.75131439;
24;3136.0;2386.0;-0.65;3.59;-9.43;10.1111572038;1976.86247159;
24;3140.0;2388.0;-0.62;3.67;-9.31;10.0264350594;1986.88890665;
24;3116.0;2366.0;-0.74;3.84;-9.01;9.82208226396;1996.71098891;
24;3122.0;2360.0;-0.15;3.06;-8.96;9.46930303665;2006.18029195;
24;3116.0;2370.0;-0.42;3.17;-8.95;9.50409385476;2015.68438581;
24;3130.0;2355.0;-0.39;3.29;-8.82;9.42170897449;2025.10609478;
24;3138.0;2392.0;-0.56;2.78;-9.49;9.90465042291;2035.0107452;
24;3135.0;2394.0;-0.2;2.78;-10.2;10.5739491204;2045.58469432;
24;3111.0;2353.0;-0.21;3.5;-9.59;10.2108863474;2055.79558067;
24;3118.0;2355.0;-0.26;2.51;-8.95;9.29893542294;2065.09451609;
24;3130.0;2370.0;-0.32;2.43;-8.94;9.26989212451;2074.36440822;
24;3130.0;2374.0;-0.73;3.19;-9.57;10.1140446904;2084.47845291;
24;3113.0;2364.0;-1.11;2.96;-10.05;10.5354734113;2095.01392632;
24;3128.0;2373.0;-0.83;2.56;-9.5;9.8738290445;2104.88775536;
24;3130.0;2394.0;-0.79;2.37;-9.58;9.90037373032;2114.78812909;
24;3136.0;2349.0;-0.64;2.86;-9.48;9.9226810893;2124.71081018;
24;3125.0;2372.0;-0.62;2.86;-9.33;9.77818490314;2134.48899509;
24;3139.0;2393.0;-0.65;2.8;-9.46;9.88706731038;2144.3760624;
24;3120.0;2373.0;-0.76;2.42;-9.54;9.87145379364;2154.24751619;
24;3124.0;2369.0;-0.76;2.39;-9.61;9.93185783225;2164.17937402;
24;3146.0;2396.0;-0.66;2.46;-9.51;9.84516632668;2174.02454035;
24;3108.0;2350.0;-0.69;2.53;-9.44;9.79747926765;2183.82201962;
24;3117.0;2365.0;-0.7;2.54;-9.55;9.9067704122;2193.72879003;
24;3130.0;2370.0;-0.59;2.67;-9.52;9.90491797038;2203.633708;
24;3132.0;2387.0;-0.68;2.59;-9.52;9.88943375528;2213.52314176;
24;3134.0;2382.0;-0.61;2.62;-9.51;9.883147272;2223.40628903;
24;3125.0;2367.0;-0.65;2.63;-9.47;9.84988832424;2233.25617735;
24;3214.0;2367.0;-0.62;2.64;-9.51;9.88908994802;2243.1452673;
24;3115.0;2362.0;-0.6;2.63;-9.4;9.77941204777;2252.92467935;
24;3220.0;2392.0;-0.62;2.69;-9.4;9.79696381539;2262.72164316;
24;3143.0;2395.0;-0.59;2.62;-9.33;9.70883103159;2272.43047419;
24;3129.0;2390.0;-0.58;2.66;-9.42;9.80552905253;2282.23600325;
24;3126.0;2374.0;-0.61;2.67;-9.38;9.77166311331;2292.00766636;
24;3123.0;2373.0;-0.61;2.71;-9.46;9.85940160456;2301.86706796;
24;3115.0;2361.0;-0.61;2.65;-9.4;9.78542794159;2311.65249591;
24;3123.0;2367.0;-0.61;2.63;-9.46;9.8377131489;2321.49020906;
24;3143.0;2384.0;-0.61;2.63;-9.49;9.86656475173;2331.35677381;
24;3127.0;2388.0;-0.65;2.66;-9.43;9.81952137326;2341.17629518;
24;3119.0;2369.0;-0.66;2.65;-9.53;9.91357654936;2351.08987173;
24;3114.0;2363.0;-0.64;2.63;-9.41;9.79155758804;2360.88142932;
24;3140.0;2371.0;-0.62;2.65;-9.39;9.77645129891;2370.65788062;
24;3120.0;2373.0;-0.62;2.63;-9.47;9.84795410225;2380.50583472;
24;3145.0;2389.0;-0.62;2.66;-9.48;9.86561706129;2390.37145178;
24;3123.0;2372.0;-0.62;2.65;-9.45;9.83409375591;2400.20554554;
24;3132.0;2376.0;-0.65;2.65;-9.53;9.91291581726;2410.11846135;
24;3182.0;2367.0;-0.66;2.64;-9.42;9.80518230325;2419.92364366;
24;3126.0;2376.0;-0.58;2.69;-9.49;9.8809210097;2429.80456467;
24;3216.0;2370.0;-0.61;2.66;-9.41;9.79774463844;2439.6023093;
24;3147.0;2394.0;-0.6;2.68;-9.38;9.77378125395;2449.37609056;
24;3117.0;2351.0;-0.56;2.68;-9.48;9.86744141102;2459.24353197;
24;3145.0;2387.0;-0.7;2.63;-9.44;9.82448471931;2469.06801669;
24;3124.0;2374.0;-0.55;2.73;-9.43;9.83261409799;2478.90063079;
24;3130.0;2365.0;-0.7;2.65;-9.46;9.84906594556;2488.74969673;
24;3142.0;2395.0;-0.64;2.65;-9.59;9.96996489462;2498.71966163;
24;3125.0;2379.0;-0.58;2.65;-9.4;9.78360363056;2508.50326526;
24;3138.0;2347.0;-0.65;2.6;-9.43;9.8034381724;2518.30670343;
24;3111.0;2350.0;-0.63;2.63;-9.49;9.86782144143;2528.17452487;
24;3117.0;2367.0;-0.63;2.69;-9.43;9.82638794268;2538.00091281;
24;3153.0;2382.0;-0.62;2.71;-9.49;9.88881185987;2547.88972467;
24;3127.0;2376.0;-0.61;2.66;-9.42;9.8073492851;2557.69707396;
24;3122.0;2359.0;-0.63;2.64;-9.45;9.8320394629;2567.52911342;
24;3151.0;2364.0;-0.61;2.62;-9.42;9.79657593244;2577.32568935;
24;3148.0;2372.0;-0.61;2.65;-9.38;9.76621728204;2587.09190664;
24;3115.0;2355.0;-0.63;2.67;-9.57;9.95543570116;2597.04734234;
24;3141.0;2400.0;-0.63;2.65;-9.45;9.83472927945;2606.88207162;
24;3136.0;2382.0;-0.64;2.65;-9.53;9.91226512963;2616.79433675;
24;3128.0;2381.0;-0.63;2.65;-9.41;9.79630032206;2626.59063707;
24;3130.0;2369.0;-0.64;2.62;-9.41;9.78887634001;2636.37951341;
24;3101.0;2346.0;-0.66;2.58;-9.51;9.87583414199;2646.25534755;
24;3125.0;2374.0;-0.61;2.55;-9.3;9.66253589903;2655.91788345;
24;3134.0;2390.0;-0.64;2.69;-9.69;10.0767951254;2665.99467858;
24;3109.0;2350.0;-0.65;2.62;-9.54;9.91456000032;2675.90923858;
24;3117.0;2352.0;-0.64;2.59;-9.51;9.8771352122;2685.78637379;
24;3147.0;2394.0;-0.63;2.67;-9.45;9.84013719417;2695.62651098;
24;3136.0;2386.0;-0.66;2.6;-9.51;9.88107787643;2705.50758886;
24;3152.0;2363.0;-0.6;2.68;-9.39;9.78337876196;2715.29096762;
24;3112.0;2355.0;-0.66;2.55;-9.46;9.8198625245;2725.11083014;
24;3122.0;2377.0;-0.65;2.54;-9.5;9.85515601094;2734.96598616;
24;3127.0;2370.0;-0.62;2.64;-9.49;9.86985815501;2744.83584431;
24;3119.0;2370.0;-0.62;2.65;-9.5;9.88215057566;2754.71799489;
24;3134.0;2388.0;-0.62;2.63;-9.43;9.80949539987;2764.52749029;
24;3126.0;2383.0;-0.63;2.65;-9.46;9.84433847447;2774.37182876;
24;3116.0;2361.0;-0.63;2.65;-9.45;9.83472927945;2784.20655804;
24;3122.0;2374.0;-0.62;2.66;-9.42;9.80797634581;2794.01453439;
24;3120.0;2367.0;-0.59;2.63;-9.39;9.76919136879;2803.78372575;
24;3105.0;2349.0;-0.63;2.62;-9.43;9.80745634709;2813.5911821;
24;3123.0;2371.0;-0.72;2.62;-9.59;9.96749216202;2823.55867426;
24;3119.0;2374.0;-0.62;2.66;-9.47;9.8560083198;2833.41468258;
24;3131.0;2374.0;-0.63;2.61;-9.55;9.92025705312;2843.33493964;
24;3130.0;2387.0;-0.6;2.59;-9.36;9.73024665669;2853.06518629;
24;3117.0;2361.0;-0.61;2.63;-9.45;9.82809747611;2862.89328377;
24;3121.0;2371.0;-0.63;2.65;-9.43;9.81551323161;2872.708797;
24;3114.0;2359.0;-0.63;2.65;-9.47;9.8539484472;2882.56274545;
24;3143.0;2391.0;-0.62;2.65;-9.47;9.85331416327;2892.41605961;
24;3128.0;2365.0;-0.61;2.62;-9.41;9.78696071311;2902.20302033;
24;3116.0;2365.0;-0.63;2.65;-9.52;9.90200989699;2912.10503022;
24;3124.0;2369.0;-0.66;2.66;-9.46;9.84899994923;2921.95403017;
24;3142.0;2390.0;-0.65;2.66;-9.46;9.84833488464;2931.80236506;
24;3126.0;2374.0;-0.67;2.64;-9.53;9.91157908711;2941.71394414;
24;3121.0;2371.0;-0.62;2.64;-9.38;9.76413846686;2951.47808261;
24;3122.0;2367.0;-0.61;2.63;-9.47;9.84732958725;2961.3254122;
24;3204.0;2363.0;-0.64;2.63;-9.45;9.83000508647;2971.15541728;
24;3134.0;2377.0;-0.63;2.62;-9.53;9.90364579334;2981.05906308;
24;3132.0;2365.0;-0.66;2.64;-9.51;9.89167832069;2990.9507414;
24;3126.0;2366.0;-0.62;2.65;-9.45;9.83409375591;3000.78483515;
24;3215.0;2373.0;-0.62;2.66;-9.44;9.82718677954;3010.61202193;
24;3102.0;2345.0;-0.65;2.64;-9.42;9.8045142664;3020.4165362;
24;3109.0;2354.0;-0.71;2.59;-9.46;9.83380902804;3030.25034523;
24;3126.0;2369.0;-0.63;2.57;-9.37;9.73646239658;3039.98680762;
24;3128.0;2370.0;-0.64;2.6;-9.51;9.87976214289;3049.86656977;
24;3195.0;2364.0;-0.66;2.61;-9.5;9.87409236335;3059.74066213;
24;3115.0;2374.0;-0.56;2.73;-9.49;9.89073303653;3069.63139517;
24;3161.0;2391.0;-0.62;2.7;-9.48;9.87647710472;3079.50787227;
