24;2909.0;1338.0;0.0;0.03;0.0;0.03;0;0;
24;2983.0;1336.0;0.0;-0.03;0.0;0.03;0;0;
24;2886.0;1337.0;-0.01;0.0;-0.01;0.0141421356237;0;0;
24;3016.0;1338.0;0.0;-0.03;-0.06;0.067082039325;0;0;
24;2803.0;1338.0;0.0;-0.01;-0.07;0.0707106781187;0;0;
24;3223.0;1337.0;0.0;0.0;-0.05;0.05;0;0;
24;2843.0;1336.0;0.0;0.0;0.0;0.0;0;0;
24;2764.0;1337.0;0.0;-0.05;0.03;0.0583095189485;0;0;
24;3171.0;1338.0;-0.01;0.0;0.02;0.022360679775;0;0;
24;2828.0;1337.0;0.01;-0.02;-0.01;0.0244948974278;0;0;
24;2847.0;1337.0;0.02;-0.03;0.04;0.0538516480713;0;0;
24;3229.0;1338.0;0.02;-0.03;0.04;0.0538516480713;0;0;
24;2925.0;1337.0;0.0;-0.03;0.0;0.03;0;0;
24;2861.0;1337.0;0.0;0.01;-0.07;0.0707106781187;0;0;
24;2925.0;1337.0;0.0;-0.02;-0.02;0.0282842712475;0;0;
24;3207.0;1338.0;0.0;-0.02;0.01;0.022360679775;0;0;
24;3085.0;1338.0;0.0;-0.06;0.0;0.06;0;0;
24;2992.0;1337.0;-0.02;-0.08;-0.02;0.0848528137424;0;0;
24;3099.0;1338.0;-0.01;0.0;-0.06;0.060827625303;0;0;
24;2811.0;1337.0;-0.02;0.02;-0.03;0.0412310562562;0;0;
24;3087.0;1337.0;-0.01;-0.06;-0.05;0.0787400787401;0;0;
24;2838.0;1338.0;0.0;-0.06;0.0;0.06;0;0;
24;2870.0;1337.0;0.0;0.0;0.02;0.02;0;0;
24;2961.0;1338.0;0.0;0.01;0.03;0.0316227766017;0;0;
24;3227.0;1337.0;0.0;0.0;0.06;0.06;0;0;
24;3095.0;1339.0;-0.02;0.03;-0.07;0.0787400787401;0;0;
24;2907.0;1336.0;0.0;0.0;-0.01;0.01;0;0;
24;2917.0;1337.0;-0.01;0.06;0.03;0.0678232998313;0;0;
24;2863.0;1337.0;-0.01;-0.07;0.05;0.0866025403784;0;0;
24;2940.0;1339.0;0.0;0.0;-0.01;0.01;0;0;
24;2882.0;1338.0;0.0;-0.06;-0.03;0.067082039325;0;0;
24;3027.0;1338.0;-0.01;-0.04;0.04;0.0574456264654;0;0;
24;3104.0;1338.0;0.0;-0.02;-0.01;0.022360679775;0;0;
24;2867.0;1337.0;-0.01;0.01;-0.01;0.0173205080757;0;0;
24;2848.0;1338.0;0.0;0.03;0.03;0.0424264068712;0;0;
24;3149.0;1337.0;-0.02;-0.05;0.05;0.0734846922835;0;0;
24;2988.0;1337.0;-0.01;0.05;0.06;0.0787400787401;0;0;
24;2759.0;1337.0;0.0;-0.07;-0.01;0.0707106781187;0;0;
24;2982.0;1337.0;0.0;-0.05;0.06;0.0781024967591;0;0;
24;2924.0;1337.0;0.0;-0.05;-0.07;0.0860232526704;0;0;
24;2870.0;1338.0;0.0;0.0;-0.02;0.02;0;0;
24;3212.0;1338.0;0.02;-0.02;-0.02;0.0346410161514;0;0;
24;3180.0;1338.0;0.0;-0.04;-0.02;0.04472135955;0;0;
24;2912.0;1337.0;-0.01;0.0;0.0;0.01;0;0;
24;2922.0;1338.0;0.0;-0.05;0.04;0.0640312423743;0;0;
24;2871.0;1337.0;-0.01;0.0;0.01;0.0141421356237;0;0;
24;2930.0;1338.0;0.0;-0.04;0.04;0.0565685424949;0;0;
24;3184.0;1338.0;0.0;-0.05;-0.05;0.0707106781187;0;0;
24;3183.0;1338.0;0.0;0.0;0.0;0.0;0;0;
24;2839.0;1337.0;0.0;0.0;0.04;0.04;0;0;
24;3224.0;1339.0;0.01;0.0;0.05;0.0509901951359;0;0;
24;2842.0;1337.0;0.0;-0.04;0.04;0.0565685424949;0;0;
24;3147.0;1338.0;0.0;0.01;0.05;0.0509901951359;0;0;
24;2822.0;1337.0;0.0;-0.03;-0.06;0.067082039325;0;0;
24;2860.0;1337.0;-0.02;0.03;-0.05;0.0616441400297;0;0;
24;2747.0;1337.0;0.0;-0.04;0.0;0.04;0;0;
24;2796.0;1337.0;0.0;-0.05;0.02;0.0538516480713;0;0;
24;2792.0;1337.0;-0.01;-0.01;0.04;0.0424264068712;0;0;
24;3041.0;1336.0;0.0;-0.01;-0.02;0.022360679775;0;0;
24;2890.0;1337.0;-0.01;-0.01;-0.05;0.0519615242271;0;0;
24;2924.0;1338.0;0.01;-0.05;-0.03;0.059160797831;0;0;
24;2889.0;1337.0;0.0;0.0;0.0;0.0;0;0;
24;3185.0;1339.0;0.0;0.0;0.04;0.04;0;0;
24;2796.0;1337.0;0.01;-0.04;0.01;0.0424264068712;0;0;
24;3022.0;1339.0;0.0;0.04;0.02;0.04472135955;0;0;
24;2859.0;1336.0;0.0;-0.02;-0.08;0.0824621125124;0;0;
24;3222.0;1337.0;0.0;-0.01;0.0;0.01;0;0;
24;2860.0;1337.0;0.0;0.0;0.0;0.0;0;0;
24;3227.0;1338.0;0.0;-0.03;0.0;0.03;0;0;
24;2770.0;1337.0;-0.02;0.02;0.04;0.0489897948557;0;0;
24;3084.0;1338.0;0.0;-0.05;0.01;0.0509901951359;0;0;
24;2852.0;1337.0;0.0;-0.03;-0.05;0.0583095189485;0;0;
24;3058.0;1338.0;0.02;-0.03;-0.1;0.106301458127;0;0;
24;2844.0;1338.0;-0.01;0.02;0.01;0.0244948974278;0;0;
24;3206.0;1338.0;-0.02;0.0;0.0;0.02;0;0;
24;3010.0;1339.0;-0.01;-0.04;-0.01;0.0424264068712;0;0;
24;2927.0;1338.0;0.0;-0.06;0.0;0.06;0;0;
24;2893.0;1338.0;0.0;-0.05;-0.07;0.0860232526704;0;0;
24;3224.0;1339.0;-0.01;0.0;-0.03;0.0316227766017;0;0;
24;3176.0;1337.0;0.01;-0.01;0.0;0.0141421356237;0;0;
24;3004.0;1338.0;0.0;0.05;0.06;0.0781024967591;0;0;
24;2838.0;1338.0;-0.01;-0.04;0.08;0.09;0;0;
24;2864.0;1338.0;0.0;0.01;-0.01;0.0141421356237;0;0;
24;2923.0;1336.0;0.01;-0.07;-0.08;0.10677078252;0;0;
24;2934.0;1337.0;-0.01;-0.03;-0.02;0.0374165738677;0;0;
24;2924.0;1338.0;0.0;-0.01;0.0;0.01;0;0;
24;2859.0;1338.0;-0.01;0.02;0.0;0.022360679775;0;0;
24;2851.0;1338.0;0.0;-0.06;0.0;0.06;0;0;
24;3196.0;1338.0;-0.01;0.0;-0.01;0.0141421356237;0;0;
24;3211.0;1338.0;0.01;-0.07;0.05;0.0866025403784;0;0;
24;2838.0;1337.0;0.01;-0.07;0.05;0.0866025403784;0;0;
24;2983.0;1338.0;-0.01;0.03;0.0;0.0316227766017;0;0;
24;2869.0;1337.0;0.02;0.04;0.0;0.04472135955;0;0;
24;2825.0;1336.0;-0.01;-0.05;0.02;0.0547722557505;0;0;
24;2996.0;1338.0;0.0;0.0;0.05;0.05;0;0;
24;3186.0;1338.0;0.03;-0.05;0.0;0.0583095189485;0;0;
24;3022.0;1337.0;0.0;-0.01;-0.02;0.022360679775;0;0;
24;2759.0;1337.0;0.0;0.01;0.02;0.022360679775;0;0;
24;2781.0;1336.0;-0.01;-0.06;-0.02;0.0640312423743;0;0;
24;2723.0;1336.0;0.02;-0.06;0.0;0.0632455532034;0;0;
24;2932.0;1335.0;-0.01;0.02;0.0;0.022360679775;0;0;
24;3027.0;1337.0;0.0;-0.05;-0.01;0.0509901951359;0;0;
24;2953.0;1337.0;0.0;0.03;-0.04;0.05;0;0;
24;3073.0;1338.0;0.0;0.01;-0.06;0.060827625303;0;0;
24;2769.0;1337.0;0.01;0.0;0.01;0.0141421356237;0;0;
24;3163.0;1338.0;0.0;0.0;0.04;0.04;0;0;
24;2859.0;1338.0;0.01;-0.02;0.01;0.0244948974278;0;0;
24;2820.0;1337.0;0.01;0.0;-0.06;0.060827625303;0;0;
24;3177.0;1338.0;0.0;0.0;-0.04;0.04;0;0;
24;2882.0;1338.0;-0.01;0.0;0.01;0.0141421356237;0;0;
24;2902.0;1337.0;0.0;0.02;-0.04;0.04472135955;0;0;
24;2774.0;1338.0;0.0;-0.02;0.0;0.02;0;0;
24;2942.0;1338.0;-0.02;0.0;0.02;0.0282842712475;0;0;
24;2761.0;1338.0;-0.02;-0.02;0.02;0.0346410161514;0;0;
24;3168.0;1338.0;-0.02;-0.04;-0.09;0.100498756211;0;0;
24;2826.0;1338.0;-0.01;-0.06;0.0;0.060827625303;0;0;
24;2967.0;1337.0;-0.02;-0.03;-0.02;0.0412310562562;0;0;
24;2832.0;1338.0;-0.03;0.02;0.06;0.07;0;0;
24;2928.0;1338.0;0.0;0.0;0.05;0.05;0;0;
24;3180.0;1338.0;-0.01;-0.02;0.03;0.0374165738677;0;0;
24;2889.0;1338.0;0.0;-0.01;0.06;0.060827625303;0;0;
24;2873.0;1338.0;0.01;0.03;-0.01;0.0331662479036;0;0;
24;2935.0;1337.0;0.0;-0.03;0.0;0.03;0;0;
24;2921.0;1338.0;0.01;0.0;0.02;0.022360679775;0;0;
24;3203.0;1337.0;-0.01;-0.01;0.0;0.0141421356237;0;0;
24;3190.0;1338.0;0.01;-0.03;0.0;0.0316227766017;0;0;
24;3214.0;1338.0;-0.01;0.02;-0.05;0.0547722557505;0;0;
24;2931.0;1337.0;-0.12;0.06;-0.16;0.208806130178;0;0;
24;3068.0;1338.0;0.15;-0.02;-0.17;0.227596133535;0;0;
24;2870.0;1339.0;0.23;-0.05;0.11;0.259807621135;0;0;
24;3175.0;1338.0;-0.59;-0.18;0.04;0.618142378421;0;0;
24;2831.0;1338.0;-0.01;-0.08;0.21;0.224944437584;0;0;
24;3203.0;1338.0;-0.04;0.0;0.04;0.0565685424949;0;0;
24;2966.0;1338.0;0.02;-0.1;-0.02;0.103923048454;0;0;
24;2935.0;1337.0;-0.05;-0.02;0.13;0.140712472795;0;0;
24;2800.0;1338.0;-0.02;0.01;0.13;0.131909059583;0;0;
24;3054.0;1342.0;-0.01;-0.03;0.35;0.351425667816;0;0;
24;2887.0;1337.0;0.07;1.09;-2.03;2.30518979696;0;20;
24;3083.0;1336.0;0.02;-0.15;-0.44;0.465295604965;0;15;
24;2823.0;1335.0;0.0;0.01;0.52;0.520096144958;0;10;
24;2847.0;1353.0;-0.09;-0.45;0.62;0.771362431027;0;5;
24;3162.0;1350.0;0.31;0.11;0.0;0.328937684068;0;0;
24;3011.0;1344.0;-0.1;0.03;-0.22;0.243515913238;0;0;
24;2865.0;1337.0;0.0;0.03;0.27;0.271661554144;0;0;
24;3010.0;1340.0;-0.17;-0.03;0.38;0.417372735094;0;0;
24;2952.0;1335.0;-0.01;0.02;-0.07;0.0734846922835;0;0;
24;3130.0;1336.0;0.12;-0.02;0.18;0.217255609824;0;0;
24;3149.0;1335.0;0.09;-0.03;0.04;0.10295630141;0;0;
24;2999.0;1336.0;-0.04;-0.16;-0.01;0.165227116419;0;0;
24;2855.0;1335.0;0.18;0.43;-0.89;1.00468900661;0;0;
24;2960.0;1337.0;0.3;0.07;-1.31;1.34573400046;0;0;
24;2855.0;1334.0;-0.04;0.03;-0.91;0.911372591205;0;0;
24;2874.0;1329.0;0.09;-0.3;1.44;1.4736688909;0;0;
24;3034.0;1329.0;0.28;-0.24;0.51;0.629364759102;0;0;
24;2979.0;1331.0;0.13;-0.33;0.56;0.662872536767;0;0;
24;3058.0;1333.0;-0.24;0.01;-0.27;0.361386219992;0;0;
24;3114.0;1336.0;0.33;-0.02;-0.15;0.363042697213;0;0;
24;2895.0;1335.0;0.24;0.0;-0.12;0.2683281573;0;0;
24;2919.0;1336.0;-0.25;0.01;1.04;1.06967284718;0;0;
24;2983.0;1338.0;0.11;0.19;-0.94;0.965297881485;0;0;
24;2836.0;1337.0;0.27;0.09;-0.99;1.0300970828;0;0;
24;3110.0;1337.0;0.24;-0.13;0.5;0.569649014745;0;0;
24;2995.0;1337.0;-0.25;0.15;-0.06;0.297657521323;0;0;
24;3039.0;1336.0;-0.29;-0.2;0.05;0.355808937493;0;0;
24;2831.0;1336.0;0.2;-0.29;0.45;0.571489282489;0;0;
24;3022.0;1325.0;0.33;0.46;-0.68;0.884816365129;0;0;
24;2896.0;1322.0;0.17;0.42;0.33;0.56053545829;0;0;
24;2886.0;1315.0;-0.48;-0.08;0.84;0.970772887961;0;0;
24;2861.0;1318.0;-0.06;-0.01;0.05;0.0787400787401;0;0;
24;2902.0;1320.0;-0.11;-0.2;0.47;0.522494019105;0;0;
24;2886.0;1330.0;0.05;0.16;0.41;0.442944691807;0;0;
24;2971.0;1320.0;0.25;0.0;0.08;0.262488094968;0;0;
24;2942.0;1318.0;0.3;-0.07;0.15;0.34263683398;0;0;
24;2982.0;1312.0;-0.12;0.26;0.86;0.90642153549;0;0;
24;2868.0;1292.0;0.23;-0.16;0.32;0.425323406363;0;0;
24;3099.0;1294.0;0.21;-0.01;0.26;0.334365069946;0;0;
24;2883.0;1291.0;0.19;-0.05;-0.32;0.37549966711;0;0;
24;3063.0;1306.0;-0.13;-0.01;-0.88;0.889606654651;0;0;
24;2890.0;1307.0;-0.05;-0.02;-0.98;0.981478476585;0;0;
24;3107.0;1315.0;-0.13;0.0;-1.12;1.12751940116;0;0;
24;3002.0;1319.0;0.03;0.05;-1.22;1.22139264776;0;0;
24;3102.0;1320.0;0.03;0.05;-1.14;1.14149025401;0;0;
24;2949.0;1319.0;0.02;0.18;-0.43;0.466583325892;0;0;
24;3139.0;1321.0;-0.22;-0.07;0.39;0.453210767745;0;0;
24;3077.0;1321.0;-0.28;-0.03;0.46;0.539351462406;0;0;
24;2927.0;1322.0;0.04;-0.07;0.78;0.784155596805;0;0;
24;2906.0;1321.0;0.31;0.05;1.34;1.37629938603;0;0;
24;2880.0;1322.0;0.45;0.02;1.35;1.42316548581;0;0;
24;3110.0;1325.0;0.35;-0.11;0.82;0.898331787259;0;0;
24;3140.0;1324.0;-0.04;-0.12;1.07;1.07745069493;0;0;
24;2894.0;1323.0;0.02;0.0;0.78;0.780256368125;0;0;
24;2889.0;1324.0;0.07;0.0;0.53;0.534602656185;0;0;
24;2895.0;1306.0;0.0;0.09;-0.23;0.246981780705;0;0;
24;2852.0;1308.0;-0.01;0.16;-0.29;0.331360830516;0;0;
24;3060.0;1220.0;0.03;0.14;-1.02;1.03;0;0;
24;3086.0;1141.0;-0.11;0.02;-1.42;1.42439460825;0;0;
24;2865.0;1130.0;-0.1;-0.03;-1.57;1.5734675084;0;0;
24;2879.0;1073.0;0.0;0.11;-1.71;1.71353435915;0;0;
24;2893.0;1043.0;0.03;0.03;0.23;0.233880311271;0;0;
24;2863.0;1040.0;0.03;0.03;0.23;0.233880311271;0;0;
24;3083.0;1015.0;-0.06;-0.13;0.96;0.970618359604;0;0;
24;3026.0;971.0;0.08;-0.19;1.41;1.42499122804;0;0;
24;2849.0;955.0;0.18;-0.19;1.38;1.40459958707;0;0;
24;2839.0;869.0;0.31;0.11;1.34;1.37978259157;0;0;
24;2846.0;830.0;0.05;-0.17;1.45;1.46078745887;0;0;
24;2799.0;825.0;0.06;-0.14;1.41;1.41820308842;0;0;
24;3025.0;837.0;-0.08;0.21;0.77;0.802122185206;0;0;
24;2795.0;903.0;-0.11;0.14;0.19;0.260384331326;0;0;
24;3020.0;916.0;-0.01;0.16;-0.3;0.340147027034;0;0;
24;3104.0;1036.0;-0.11;-0.13;-1.35;1.36069835011;0;0;
24;3170.0;1155.0;0.04;0.14;-1.93;1.93548443548;0;0;
24;3174.0;1183.0;-0.01;0.19;-2.12;2.12852061301;0;20;
24;2950.0;1244.0;0.05;0.08;-1.85;1.85240384366;0;15;
24;2927.0;1279.0;0.17;0.0;-1.25;1.26150703526;0;10;
24;2905.0;1286.0;0.22;-0.02;-1.06;1.08277421469;0;5;
24;3029.0;1303.0;0.2;-0.07;-0.03;0.21400934559;0;0;
24;3084.0;1311.0;-0.05;-0.18;1.25;1.26388290597;0;0;
24;2895.0;1316.0;-0.1;-0.22;1.38;1.40099964311;0;0;
24;3092.0;1314.0;0.02;0.03;1.98;1.98032825562;0;0;
24;2877.0;1320.0;0.26;0.05;1.9;1.91835867345;0;0;
24;3023.0;1320.0;0.26;0.11;1.98;2.00002499984;0;20;
24;2887.0;1322.0;0.14;0.29;1.48;1.51462866736;0;15;
24;2876.0;1326.0;-0.28;0.05;1.09;1.12649900133;0;10;
24;2865.0;1342.0;-0.3;0.1;1.1;1.14455231423;0;5;
24;3101.0;1301.0;-0.22;0.15;-0.44;0.514295634825;0;0;
24;3024.0;1283.0;-0.04;0.06;-1.53;1.53169840373;0;0;
24;2917.0;1281.0;-0.03;0.13;-1.79;1.79496518072;0;0;
24;2883.0;1252.0;0.12;0.08;-2.9;2.90358399224;0;20;
24;3090.0;1259.0;0.05;0.02;-2.31;2.31062762037;0;40;
24;2905.0;1261.0;0.02;0.0;-2.13;2.13009389464;0;60;
24;2868.0;1269.0;0.15;0.15;-0.64;0.674240313242;0;55;
24;2868.0;1230.0;-0.01;0.16;0.21;0.264196896272;0;50;
24;2889.0;1237.0;-0.12;0.0;0.54;0.553172667438;0;45;
24;2955.0;1399.0;-0.17;-0.13;0.97;0.993327740476;0;40;
24;2893.0;1312.0;0.16;-0.02;1.98;1.98655480669;0;35;
24;2893.0;1314.0;0.34;0.09;1.92;1.9519477452;0;30;
24;2949.0;1316.0;0.13;0.18;2.68;2.68918203177;0;50;
24;2916.0;1319.0;-0.32;0.02;2.15;2.17377551739;0;70;
24;2975.0;1320.0;-0.4;-0.11;1.61;1.66258834352;0;65;
24;3026.0;1360.0;-0.24;-0.02;0.47;0.52810983706;0;60;
24;2920.0;1598.0;-0.15;0.21;-0.46;0.52744667977;0;55;
24;3059.0;1563.0;-0.12;0.27;-0.55;0.624339651152;0;50;
24;2873.0;1243.0;0.0;0.32;-1.47;1.50442680114;0;45;
24;3078.0;1209.0;0.24;0.27;-2.13;2.16041662649;0;65;
24;2871.0;1213.0;0.18;0.33;-2.33;2.36012711522;0;85;
24;2873.0;1248.0;0.26;-0.04;-2.19;2.20574250537;0;105;
24;2908.0;1265.0;0.25;0.07;-1.84;1.85822495947;0;100;
24;3114.0;1294.0;0.34;0.08;-1.6;1.63768128767;0;95;
24;2964.0;1311.0;0.38;0.42;-0.73;0.923958873544;0;90;
24;2881.0;1318.0;-0.1;-0.26;0.74;0.790695896031;0;85;
24;3072.0;1295.0;-0.37;-0.4;1.1;1.22755855257;0;80;
24;3053.0;1276.0;-0.17;-0.12;1.9;1.91136077181;0;75;
24;2986.0;1248.0;0.03;0.17;2.63;2.63565931031;0;95;
24;2898.0;1244.0;-0.04;0.19;2.79;2.79674811165;0;115;
24;3053.0;1242.0;0.0;0.08;2.84;2.84112653713;0;135;
24;2863.0;1208.0;-0.18;0.07;1.18;1.19570063143;0;130;
24;3093.0;1303.0;-0.17;0.1;0.98;0.999649938729;0;125;
24;3074.0;1147.0;-0.18;0.23;-1.13;1.16713324004;0;120;
24;3040.0;1493.0;-0.17;0.1;-1.42;1.43363175188;0;115;
24;2918.0;1352.0;-0.09;0.11;-1.61;1.61626111752;0;110;
24;3053.0;1286.0;0.3;0.29;-2.52;2.55431008298;0;130;
24;3114.0;1206.0;0.5;0.33;-2.62;2.68761976477;0;150;
24;3080.0;1187.0;0.57;0.46;-2.79;2.88454502478;0;170;
24;3000.0;1127.0;0.35;-0.14;-1.89;1.92722598571;0;165;
24;3026.0;982.0;0.1;-0.01;-0.21;0.232808934536;0;160;
24;2963.0;1019.0;-0.28;-0.2;0.76;0.834266144585;0;155;
24;2918.0;1082.0;-0.4;-0.35;2.18;2.2438582843;0;175;
24;2885.0;1156.0;-0.34;0.12;3.76;3.77724767523;0;195;
24;2820.0;1173.0;-0.03;0.34;3.9;3.91490740631;0;215;
24;3081.0;1246.0;0.4;0.07;1.96;2.00162434038;0;235;
24;3082.0;1313.0;-0.09;0.36;1.84;1.87704555086;0;230;
24;2918.0;1448.0;-0.08;0.38;1.47;1.52042757144;0;225;
24;3046.0;1268.0;-0.33;-0.01;0.34;0.473919824443;0;220;
24;3069.0;1351.0;-0.16;0.12;-0.99;1.01;0;215;
24;2908.0;1441.0;-0.03;0.11;-1.36;1.36477104307;0;210;
24;2892.0;1374.0;0.3;0.25;-2.34;2.37236169249;0;230;
24;2884.0;1290.0;0.42;0.37;-2.71;2.76720075166;0;250;
24;3026.0;1281.0;0.44;0.42;-2.88;2.94353528941;0;270;
24;3111.0;1225.0;0.25;-0.02;-1.73;1.74808466614;0;265;
24;3082.0;1214.0;0.0;0.4;0.29;0.494064773081;0;260;
24;2899.0;1214.0;0.13;0.33;0.07;0.361524549651;0;255;
24;2905.0;1316.0;-0.27;-0.3;1.35;1.4090422279;0;250;
24;3117.0;1061.0;-0.09;-0.48;1.52;1.59652748176;0;245;
24;3146.0;1103.0;0.02;-0.35;1.62;1.65749811463;0;240;
24;2880.0;1203.0;0.07;0.0;2.54;2.54096438385;0;260;
24;2909.0;1254.0;0.04;0.52;2.46;2.51467691762;0;280;
24;2967.0;1261.0;-0.03;0.53;2.39;2.44824426886;0;300;
24;2888.0;1373.0;-0.25;0.26;0.65;0.743370701602;0;295;
24;2904.0;1308.0;-0.31;0.17;-0.42;0.548999089252;0;290;
24;2906.0;1307.0;-0.24;0.18;-0.55;0.626498204307;0;285;
24;2879.0;1272.0;0.05;0.19;-1.92;1.93002590656;0;280;
24;2937.0;1202.0;0.23;0.28;-2.84;2.86302287801;0;300;
24;2851.0;1209.0;0.25;0.32;-2.98;3.00754052342;0;320;
24;2873.0;1172.0;0.3;0.54;-3.33;3.3868126609;0;340;
24;2889.0;1228.0;0.37;-0.16;-1.64;1.6888161534;0;335;
24;2922.0;1227.0;0.34;0.0;-1.4;1.44069427708;0;330;
24;2998.0;1244.0;0.05;1.03;1.28;1.64371530382;0;325;
24;2873.0;1182.0;-0.08;-0.6;2.17;2.25284264874;0;345;
24;3063.0;1151.0;-0.05;-0.32;2.03;2.0556750716;0;365;
24;3023.0;890.0;-0.05;-0.01;2.79;2.79046591092;0;385;
24;3063.0;993.0;0.07;0.27;2.41;2.42608738507;0;405;
24;2852.0;1010.0;0.05;0.34;2.47;2.49379229287;0;425;
24;2850.0;1178.0;-0.28;0.14;1.64;1.66961073308;0;420;
24;2896.0;1105.0;-0.26;0.18;-0.01;0.316385840391;0;415;
24;2855.0;1227.0;-0.22;0.12;-0.18;0.308544972411;0;410;
24;2938.0;1430.0;0.15;0.2;-2.09;2.10489904746;0;430;
24;2872.0;1223.0;0.5;0.27;-2.78;2.83748127747;0;450;
24;3061.0;1177.0;0.64;0.26;-3.02;3.09799935442;0;470;
24;2866.0;1190.0;0.62;0.09;-3.51;3.56547332061;0;490;
24;2904.0;1006.0;0.0;-0.15;-1.74;1.74645354934;0;485;
24;3006.0;998.0;-0.04;-0.11;-1.15;1.15594117497;0;480;
24;2984.0;694.0;0.22;0.03;-0.38;0.440113621693;0;475;
24;2865.0;750.0;-0.65;-0.21;2.13;2.23685046438;0;495;
24;2929.0;800.0;-0.64;-0.57;1.82;2.01169083112;0;515;
24;2844.0;987.0;-0.3;-0.11;2.59;2.60963598994;0;535;
24;3042.0;1104.0;-0.01;0.23;2.49;2.50061992314;0;555;
24;2896.0;1118.0;-0.05;-0.01;2.55;2.55050975297;0;575;
24;2869.0;1197.0;-0.05;0.29;1.43;1.45996575302;0;570;
24;3056.0;1209.0;-0.1;-0.12;-0.57;0.591016074231;0;565;
24;2919.0;1203.0;-0.11;-0.08;-0.67;0.683666585405;0;560;
24;2907.0;1249.0;0.27;0.24;-1.65;1.68908259123;0;555;
24;2917.0;1181.0;0.75;0.39;-2.05;2.21745349444;0;575;
24;2896.0;1191.0;0.62;0.47;-2.11;2.24886638109;0;595;
24;2954.0;1221.0;0.72;0.15;-2.63;2.73089728844;0;615;
24;2891.0;1220.0;0.14;-0.25;-1.59;1.6156113394;0;610;
24;2950.0;1223.0;0.15;-0.27;-1.33;1.36539371611;0;605;
24;2802.0;1237.0;0.24;0.61;1.04;1.22934942144;0;600;
24;2895.0;1257.0;-0.45;-0.15;1.72;1.78420850799;0;595;
24;3066.0;1256.0;-0.4;-0.34;1.22;1.32815661727;0;590;
24;3023.0;1265.0;-0.65;-0.62;1.85;2.05655050996;0;610;
24;3042.0;1257.0;-0.69;-0.56;1.98;2.17027648008;0;630;
24;2938.0;1300.0;0.02;0.32;2.2;2.22324087764;0;650;
24;3053.0;1301.0;0.0;0.31;2.15;2.17223387323;0;670;
24;3082.0;1314.0;-0.23;0.03;1.35;1.36978100439;0;665;
24;2868.0;1305.0;-0.28;0.12;0.1;0.320624390838;0;660;
24;3082.0;1309.0;-0.26;0.13;-0.22;0.364554522671;0;655;
24;3107.0;1304.0;0.25;0.2;-1.93;1.95637419734;0;650;
24;2867.0;1307.0;0.44;0.49;-2.57;2.65303599674;0;670;
24;3105.0;1309.0;0.47;0.51;-2.7;2.78765134118;0;690;
24;3148.0;1315.0;0.63;0.06;-2.76;2.83162497517;0;710;
24;3154.0;1316.0;0.15;-0.03;-1.53;1.53762804345;0;705;
24;3068.0;1316.0;0.05;0.03;-1.14;1.14149025401;0;700;
24;3159.0;1339.0;-0.28;-0.18;1.38;1.41957740191;0;695;
24;3015.0;1320.0;-0.33;-0.27;2.61;2.64459826817;0;715;
24;3147.0;1313.0;-0.33;-0.27;2.87;2.90149961227;0;735;
24;3047.0;1310.0;0.1;0.05;3.28;3.28190493464;0;755;
24;2968.0;1321.0;-0.08;0.52;2.49;2.54497544192;0;775;
24;2895.0;1320.0;-0.15;0.42;2.48;2.51978173658;0;795;
24;3012.0;1316.0;-0.3;0.02;0.68;0.743505211818;0;790;
24;3112.0;1464.0;-0.11;0.46;-0.6;0.764002617797;0;785;
24;2896.0;1479.0;-0.07;0.49;-0.96;1.08009258862;0;780;
24;3110.0;1494.0;-0.03;0.47;-1.28;1.36389149129;0;775;
24;2859.0;1297.0;0.32;0.39;-2.75;2.79588984046;0;795;
24;2875.0;1210.0;0.47;0.2;-3.7;3.73509036035;0;815;
24;3056.0;1199.0;0.5;0.2;-3.66;3.69940535762;0;835;
24;3118.0;1098.0;-0.04;-0.22;-2.63;2.63948858683;0;855;
24;2851.0;1080.0;0.12;0.3;-0.75;0.816639455329;0;850;
24;2998.0;1093.0;0.01;0.31;-0.29;0.424617474911;0;845;
24;3005.0;1146.0;-0.28;0.75;2.99;3.09531904656;0;865;
24;3021.0;1145.0;-0.24;-0.36;3.1;3.13004792296;0;885;
24;2925.0;1145.0;0.13;-0.47;2.26;2.31201211069;0;905;
24;2980.0;1138.0;0.27;-0.14;2.66;2.67733076029;0;925;
24;2848.0;1124.0;-0.21;0.3;2.59;2.61575992782;0;945;
24;3107.0;1112.0;-0.13;0.32;2.25;2.2763567383;0;965;
24;3060.0;1258.0;-0.13;0.32;-0.06;0.350570962859;0;960;
24;2828.0;1027.0;-0.37;0.57;-1.83;1.95210143179;0;955;
24;3078.0;1016.0;-0.44;0.37;-1.83;1.91817621714;0;950;
24;2874.0;1020.0;-0.36;0.28;-1.73;1.78910592196;0;945;
24;3275.0;1091.0;0.39;0.12;-4.16;4.17996411468;0;965;
24;3054.0;1089.0;0.38;0.19;-3.96;3.98272519765;0;985;
24;3108.0;1043.0;0.21;0.13;-3.4;3.40895878532;1;1005;
24;3124.0;1094.0;0.42;0.18;-0.8;0.921303424502;1;1000;
24;2942.0;1160.0;0.33;0.55;0.53;0.832045671823;1;995;
24;3006.0;1220.0;-0.25;1.38;3.99;4.22930254297;1;1015;
24;3116.0;1140.0;-0.22;-0.26;3.29;3.30758219853;1;1035;
24;3021.0;1154.0;0.03;-0.17;2.95;2.95504653094;1;1055;
24;2927.0;1171.0;0.07;-0.25;3.15;3.16068030652;1;1075;
24;2847.0;1257.0;-0.74;-0.07;2.01;2.1430352307;1;1095;
24;2917.0;1195.0;-0.37;0.13;0.48;0.619838688692;1;1090;
24;2966.0;1228.0;-0.28;0.2;0.05;0.347706773014;1;1085;
24;2864.0;1273.0;-0.22;0.16;-0.2;0.337638860323;1;1080;
24;2870.0;1213.0;0.41;0.8;-2.1;2.28431609021;1;1100;
24;3091.0;1228.0;0.89;0.63;-3.85;4.00143724179;1;1120;
24;2897.0;1229.0;0.81;0.52;-4.1;4.2114724266;1;1140;
24;2881.0;1232.0;0.04;0.12;-2.98;2.98268335564;1;1160;
24;2956.0;1265.0;-0.22;-0.03;-1.28;1.29911508343;1;1155;
24;2878.0;1269.0;-0.16;-0.03;-0.92;0.93429117517;1;1150;
24;3168.0;1285.0;-0.56;-0.16;1.25;1.37902139215;1;1145;
24;3052.0;1316.0;0.32;-0.2;1.98;2.01563885654;1;1165;
24;2868.0;1298.0;0.2;-0.22;2.69;2.70638134785;1;1185;
24;2871.0;1308.0;-0.24;0.08;3.43;3.43931679262;1;1205;
24;2918.0;1342.0;-0.14;0.15;2.31;2.31909465094;1;1225;
24;3064.0;1302.0;-0.2;0.2;2.02;2.03970586115;1;1245;
24;3100.0;1286.0;-0.38;0.18;0.47;0.630634601017;1;1240;
24;3026.0;1388.0;0.24;0.18;-1.9;1.92353840617;1;1235;
24;2948.0;1384.0;0.26;0.24;-2.22;2.24802135221;1;1255;
24;3005.0;1300.0;0.41;0.57;-2.93;3.01295535978;1;1275;
24;2925.0;1267.0;0.76;0.2;-4.17;4.24340665032;1;1295;
24;2929.0;1272.0;0.47;0.12;-3.99;4.01937806134;1;1315;
24;3130.0;1204.0;0.25;-0.1;-1.58;1.6027788369;1;1310;
24;2833.0;1248.0;-0.06;0.38;0.75;0.842911620515;1;1305;
24;2959.0;1256.0;-0.28;0.2;1.34;1.38347388844;1;1300;
24;3073.0;1279.0;-0.56;-0.09;4.35;4.38682117256;1;1320;
24;3049.0;1273.0;-0.24;-0.3;3.6;3.62044196197;1;1340;
24;2850.0;1271.0;-0.17;-0.25;3.11;3.1246599815;1;1360;
24;3097.0;1375.0;-0.17;0.26;2.22;2.24162887205;1;1380;
24;2964.0;1266.0;-0.33;0.18;1.31;1.36286463011;1;1375;
24;3000.0;1314.0;-0.34;0.18;0.77;0.86075548212;1;1370;
24;2874.0;1315.0;-0.41;0.28;0.45;0.67007462271;1;1365;
24;2925.0;1271.0;-0.11;0.45;-2.0;2.05294909825;1;1385;
24;3091.0;1273.0;0.18;0.26;-3.59;3.60390066456;1;1405;
24;2891.0;1273.0;0.21;0.26;-3.76;3.77482449923;1;1425;
24;2948.0;1295.0;0.58;0.39;-3.88;3.94244847779;1;1445;
24;3146.0;1261.0;0.39;0.06;-2.44;2.47169981996;1;1465;
24;2921.0;1275.0;0.42;0.0;-2.26;2.29869528211;1;1485;
24;3102.0;1504.0;-0.22;0.0;0.91;0.936215787092;1;1480;
24;2858.0;1329.0;-0.58;0.04;2.97;3.02636745951;1;1500;
24;3005.0;1303.0;-0.72;-0.39;2.92;3.0326391147;1;1520;
24;2855.0;1252.0;0.29;0.38;1.27;1.35698194535;1;1515;
24;2913.0;1242.0;0.29;-0.16;0.47;0.574978260459;1;1510;
24;2917.0;1247.0;0.21;-0.04;0.74;0.770259696466;1;1505;
24;2949.0;1326.0;0.01;-0.02;0.37;0.370675059857;1;1500;
24;3182.0;1286.0;0.13;-0.08;-0.15;0.21400934559;1;1495;
24;2993.0;1274.0;0.12;-0.13;-0.01;0.177200451467;1;1490;
24;2893.0;1281.0;0.13;-0.04;-0.12;0.181383571472;1;1485;
24;2929.0;1283.0;0.02;-0.06;0.0;0.0632455532034;1;1480;
24;2855.0;1285.0;0.0;-0.07;0.19;0.202484567313;1;1475;
24;2876.0;1289.0;0.0;-0.04;0.26;0.263058928759;1;1470;
24;2875.0;1293.0;0.0;-0.06;0.42;0.424264068712;1;1465;
24;2920.0;1288.0;0.12;0.0;0.33;0.351140997322;1;1460;
24;2917.0;1294.0;0.1;-0.03;-0.1;0.144568322948;1;1455;
24;3005.0;1292.0;0.08;0.06;-0.4;0.412310562562;1;1450;
24;2919.0;1291.0;0.01;0.06;-0.3;0.3061045573;1;1445;
24;2869.0;1289.0;-0.04;-0.04;0.18;0.188679622641;1;1440;
24;2918.0;1290.0;0.09;0.12;-0.1;0.180277563773;1;1435;
24;2853.0;1290.0;0.1;0.15;-0.21;0.276767050062;1;1430;
24;2882.0;1289.0;0.01;-0.07;0.04;0.0812403840464;1;1425;
24;2925.0;1287.0;-0.02;-0.02;0.02;0.0346410161514;1;1420;
24;2859.0;1290.0;-0.04;-0.07;0.36;0.368917334914;1;1415;
24;2958.0;1295.0;0.11;-0.05;-0.09;0.150665191733;1;1410;
24;3082.0;1297.0;-0.13;-0.1;0.2;0.258650343128;1;1405;
24;2942.0;1296.0;-0.07;-0.06;0.23;0.247790233867;1;1400;
24;2948.0;1297.0;0.0;-0.06;0.02;0.0632455532034;1;1395;
24;2880.0;1296.0;0.16;0.12;-0.04;0.203960780544;1;1390;
24;3046.0;1297.0;0.23;0.07;-0.14;0.278208554865;1;1385;
24;2877.0;1300.0;0.0;-0.09;0.02;0.0921954445729;1;1380;
24;2911.0;1301.0;0.21;0.08;-0.1;0.245967477525;1;1375;
24;2887.0;1301.0;0.11;-0.04;0.02;0.11874342087;1;1370;
24;3025.0;1303.0;0.07;0.0;-0.06;0.0921954445729;1;1365;
24;3094.0;1304.0;0.03;-0.02;-0.16;0.164012194669;1;1360;
24;3131.0;1304.0;-0.03;0.0;0.17;0.172626765016;1;1355;
24;3113.0;1305.0;0.04;0.05;-0.07;0.0948683298051;1;1350;
24;3086.0;1306.0;0.0;0.05;-0.15;0.158113883008;1;1345;
24;2910.0;1304.0;-0.02;-0.01;-0.01;0.0244948974278;1;1340;
24;2870.0;1298.0;0.16;0.06;-0.24;0.294618397253;1;1335;
24;2915.0;1304.0;0.08;0.03;-0.14;0.164012194669;1;1330;
24;2895.0;1305.0;0.07;0.04;-0.09;0.120830459736;1;1325;
24;2889.0;1311.0;-0.06;-0.04;-0.02;0.0748331477355;1;1320;
24;3100.0;1313.0;0.07;-0.04;0.02;0.0830662386292;1;1315;
24;2936.0;1312.0;0.07;-0.04;0.02;0.0830662386292;1;1310;
24;2934.0;1315.0;0.03;0.0;-0.06;0.067082039325;1;1305;
24;3091.0;1315.0;0.26;0.12;0.0;0.286356421266;1;1300;
24;2887.0;1315.0;0.27;0.13;-0.06;0.305614135799;1;1295;
24;2903.0;1315.0;-0.09;-0.08;0.09;0.150332963784;1;1290;
24;3133.0;1314.0;-0.03;0.06;0.08;0.104403065089;1;1285;
24;3023.0;1315.0;-0.09;0.0;0.19;0.210237960416;1;1280;
24;3099.0;1316.0;0.15;0.09;-0.14;0.224053565024;1;1275;
24;2918.0;1317.0;0.01;0.0;0.1;0.100498756211;1;1270;
24;3067.0;1316.0;0.1;0.04;0.06;0.123288280059;1;1265;
24;2933.0;1316.0;0.08;0.0;-0.22;0.234093998214;1;1260;
24;3053.0;1316.0;0.01;-0.04;0.04;0.0574456264654;1;1255;
24;3210.0;1315.0;0.07;0.07;-0.05;0.110905365064;1;1250;
24;2880.0;1315.0;-0.08;-0.07;0.05;0.117473401245;1;1245;
24;2885.0;1310.0;0.0;-0.06;0.21;0.218403296678;1;1240;
24;3089.0;1311.0;0.1;0.0;-0.03;0.104403065089;1;1235;
24;2876.0;1318.0;0.14;0.03;0.18;0.23;1;1230;
24;3084.0;1322.0;-0.04;-0.01;0.15;0.155563491861;1;1225;
24;2886.0;1323.0;-0.02;0.02;0.11;0.113578166916;1;1220;
24;2896.0;1324.0;0.14;0.06;0.06;0.163707055437;1;1215;
24;3028.0;1325.0;0.02;-0.04;-0.04;0.06;1;1210;
24;2884.0;1326.0;0.0;0.02;0.1;0.101980390272;1;1205;
24;3114.0;1327.0;0.07;0.0;-0.19;0.202484567313;1;1200;
24;3075.0;1325.0;-0.12;0.0;0.2;0.233238075794;1;1195;
24;2905.0;1325.0;-0.13;0.01;0.28;0.30886890423;1;1190;
24;2907.0;1327.0;0.0;0.01;0.1;0.100498756211;1;1185;
24;2980.0;1325.0;0.06;0.05;0.05;0.092736184955;1;1180;
24;2920.0;1327.0;0.11;0.06;0.09;0.154272486205;1;1175;
24;2918.0;1326.0;-0.16;-0.04;0.07;0.179164728672;1;1170;
24;3110.0;1326.0;-0.08;-0.01;-0.29;0.300998338866;1;1165;
24;2973.0;1326.0;-0.07;0.05;-0.43;0.438520238986;1;1160;
24;2884.0;1340.0;-0.36;0.01;-0.02;0.360693775937;1;1155;
24;2881.0;1331.0;-0.04;0.02;-0.25;0.253968501984;1;1150;
24;3069.0;1301.0;-0.11;-0.08;0.08;0.157797338381;1;1145;
24;3079.0;1331.0;0.32;0.37;-0.73;0.878749110953;1;1140;
24;3081.0;1285.0;-0.22;0.26;-0.57;0.664003012041;1;1135;
24;2952.0;1278.0;-0.34;0.26;-0.62;0.753392328073;1;1130;
24;3014.0;1275.0;-1.08;0.23;1.03;1.51003311222;1;1125;
24;3043.0;1264.0;1.6;-1.53;-3.28;3.95718334172;1;1145;
24;3094.0;1263.0;0.81;-1.31;-0.66;1.67564912795;1;1140;
24;2858.0;1299.0;0.0;-0.05;1.53;1.53081677545;1;1135;
24;2943.0;1314.0;0.09;-0.37;-0.18;0.421188793773;1;1130;
24;2842.0;1317.0;0.09;-0.23;-0.33;0.41218927691;1;1125;
24;2883.0;1326.0;0.43;0.0;-2.03;2.07504216825;1;1145;
24;3115.0;1330.0;0.53;0.05;-0.82;0.977650244208;1;1140;
24;2953.0;1330.0;0.17;0.0;0.33;0.371214223865;1;1135;
24;3147.0;1333.0;0.4;-0.14;-0.5;0.655438784327;1;1130;
24;2728.0;1337.0;-1.13;-0.53;1.45;1.91319105162;1;1125;
24;3136.0;1335.0;-0.42;1.19;-1.9;2.28089894559;1;1145;
24;2626.0;1211.0;2.12;-1.11;3.72;4.42322280696;1;1165;
24;2890.0;1238.0;0.12;0.03;-2.39;2.39319869631;1;1185;
24;2776.0;1246.0;-0.82;-0.11;1.88;2.05399610516;1;1205;
24;2791.0;1240.0;-0.08;0.28;0.98;1.02235023353;1;1200;
24;2880.0;1282.0;-0.06;0.03;0.54;0.544150714417;1;1195;
24;2923.0;1289.0;0.07;-0.03;-0.18;0.195448202857;1;1190;
24;3157.0;1313.0;0.07;-0.01;-0.09;0.114455231423;1;1185;
24;3163.0;1322.0;0.06;0.01;-0.01;0.0616441400297;1;1180;
24;3237.0;1324.0;0.01;0.03;0.09;0.0953939201417;1;1175;
24;3101.0;1328.0;0.03;0.01;0.12;0.12409673646;1;1170;
24;2914.0;1331.0;0.02;0.01;0.0;0.022360679775;1;1165;
24;3001.0;1330.0;0.04;0.02;0.05;0.067082039325;1;1160;
24;2932.0;1333.0;0.03;0.05;-0.1;0.115758369028;1;1155;
24;2932.0;1333.0;0.06;0.01;-0.04;0.0728010988928;1;1150;
24;3021.0;1333.0;0.04;0.05;-0.02;0.067082039325;1;1145;
24;2836.0;1331.0;0.06;0.01;0.02;0.0640312423743;1;1140;
24;2880.0;1333.0;0.04;0.02;0.01;0.0458257569496;1;1135;
24;2920.0;1334.0;0.06;0.01;-0.03;0.0678232998313;1;1130;
24;2877.0;1332.0;0.02;0.01;-0.03;0.0374165738677;1;1125;
24;3201.0;1334.0;0.04;0.03;-0.07;0.0860232526704;1;1120;
24;2863.0;1333.0;0.03;0.01;-0.01;0.0331662479036;1;1115;
24;3160.0;1333.0;0.0;0.0;0.05;0.05;1;1110;
24;2846.0;1333.0;0.02;0.01;0.09;0.092736184955;1;1105;
24;3190.0;1334.0;0.04;0.03;0.08;0.0943398113206;1;1100;
24;2884.0;1333.0;0.07;0.03;-0.08;0.110453610172;1;1095;
24;2950.0;1332.0;0.05;0.03;-0.02;0.0616441400297;1;1090;
24;2916.0;1333.0;0.04;0.0;0.02;0.04472135955;1;1085;
24;2877.0;1332.0;0.03;0.0;0.02;0.0360555127546;1;1080;
24;2882.0;1334.0;0.02;0.0;-0.04;0.04472135955;1;1075;
24;2786.0;1333.0;0.06;0.06;0.01;0.0854400374532;1;1070;
24;2886.0;1333.0;0.06;0.0;-0.02;0.0632455532034;1;1065;
24;3081.0;1332.0;0.07;0.03;-0.1;0.1256980509;1;1060;
24;3215.0;1334.0;0.06;0.03;0.0;0.067082039325;1;1055;
24;2910.0;1334.0;0.06;0.03;-0.19;0.201494416796;1;1050;
24;2812.0;1333.0;0.0;-0.01;0.16;0.160312195419;1;1045;
24;2899.0;1333.0;0.0;-0.01;0.11;0.110453610172;1;1040;
24;3089.0;1333.0;0.01;0.0;0.07;0.0707106781187;1;1035;
24;2832.0;1332.0;0.01;-0.02;-0.01;0.0244948974278;1;1030;
24;3024.0;1332.0;0.08;0.04;-0.01;0.09;1;1025;
24;2846.0;1332.0;0.04;0.03;0.03;0.0583095189485;1;1020;
24;3197.0;1334.0;0.07;0.03;0.0;0.0761577310586;1;1015;
24;2824.0;1332.0;0.0;0.0;0.06;0.06;1;1010;
24;2912.0;1333.0;0.0;0.01;0.01;0.0141421356237;1;1005;
24;3199.0;1333.0;0.0;0.0;0.08;0.08;1;1000;
24;2840.0;1332.0;0.0;0.0;0.08;0.08;1;995;
24;2818.0;1332.0;0.06;0.02;-0.07;0.0943398113206;1;990;
24;3253.0;1334.0;0.07;0.02;-0.08;0.108166538264;1;985;
24;2851.0;1332.0;-0.02;0.01;0.07;0.0734846922835;1;980;
24;2975.0;1332.0;0.05;0.01;0.03;0.059160797831;1;975;
24;2738.0;1333.0;0.0;0.0;-0.01;0.01;1;970;
24;3211.0;1333.0;0.03;0.0;0.06;0.067082039325;1;965;
24;2745.0;1332.0;0.03;0.03;0.09;0.0994987437107;1;960;
24;3244.0;1333.0;0.05;0.02;0.09;0.104880884817;1;955;
24;2806.0;1332.0;0.02;0.03;-0.04;0.0538516480713;1;950;
24;3094.0;1332.0;0.03;0.03;-0.09;0.0994987437107;1;945;
24;2996.0;1332.0;0.03;0.0;0.02;0.0360555127546;1;940;
24;3233.0;1333.0;0.03;0.01;0.02;0.0374165738677;1;935;
24;3117.0;1333.0;0.04;0.02;0.0;0.04472135955;1;930;
24;2915.0;1332.0;0.08;0.01;-0.01;0.0812403840464;1;925;
24;2873.0;1331.0;0.04;0.0;-0.02;0.04472135955;1;920;
24;3148.0;1333.0;0.0;0.01;0.05;0.0509901951359;1;915;
24;2834.0;1333.0;0.02;0.0;0.02;0.0282842712475;1;910;
24;2854.0;1332.0;0.0;-0.02;0.08;0.0824621125124;1;905;
24;2863.0;1333.0;0.04;0.0;0.07;0.080622577483;1;900;
24;2845.0;1332.0;0.06;0.04;-0.02;0.0748331477355;1;895;
24;3071.0;1334.0;0.06;0.0;0.06;0.0848528137424;1;890;
24;2861.0;1333.0;0.03;0.02;-0.08;0.0877496438739;1;885;
24;2818.0;1334.0;0.0;0.0;-0.06;0.06;1;880;
24;2846.0;1332.0;0.02;0.04;0.06;0.0748331477355;1;875;
24;2932.0;1333.0;-0.04;0.01;0.1;0.108166538264;1;870;
24;2784.0;1332.0;0.01;0.03;0.01;0.0331662479036;1;865;
24;2891.0;1334.0;0.04;0.03;-0.13;0.139283882772;1;860;
24;2767.0;1332.0;0.1;0.04;-0.2;0.227156333832;1;855;
24;3214.0;1333.0;0.02;0.03;-0.14;0.144568322948;1;850;
24;3060.0;1332.0;0.0;0.01;0.05;0.0509901951359;1;845;
24;3274.0;1333.0;-0.01;-0.05;0.02;0.0547722557505;1;840;
24;3097.0;1332.0;0.03;0.01;0.07;0.0768114574787;1;835;
24;3318.0;1332.0;0.06;0.02;-0.1;0.118321595662;1;830;
24;3159.0;1334.0;0.06;0.01;0.06;0.0854400374532;1;825;
24;2878.0;1332.0;0.03;0.0;-0.1;0.104403065089;1;820;
24;2861.0;1333.0;-0.02;-0.03;0.14;0.144568322948;1;815;
24;2867.0;1332.0;0.05;0.07;0.01;0.0866025403784;1;810;
24;2749.0;1333.0;0.0;0.01;0.11;0.110453610172;1;805;
24;3238.0;1334.0;-0.01;0.05;0.01;0.0519615242271;1;800;
24;2863.0;1333.0;0.03;-0.06;0.01;0.0678232998313;1;795;
24;3157.0;1334.0;0.01;0.05;0.01;0.0519615242271;1;790;
24;2833.0;1333.0;0.01;-0.02;0.07;0.0734846922835;1;785;
24;2907.0;1332.0;0.01;-0.02;0.03;0.0374165738677;1;780;
24;2764.0;1333.0;0.04;0.02;0.03;0.0538516480713;1;775;
24;3111.0;1333.0;0.03;0.04;-0.02;0.0538516480713;1;770;
24;2871.0;1332.0;0.03;0.05;-0.03;0.065574385243;1;765;
24;2838.0;1333.0;0.03;0.01;-0.04;0.0509901951359;1;760;
24;3228.0;1334.0;0.06;0.01;-0.02;0.0640312423743;1;755;
24;2835.0;1332.0;0.04;0.0;0.01;0.0412310562562;1;750;
24;3083.0;1333.0;0.06;0.01;-0.05;0.0787400787401;1;745;
24;2844.0;1333.0;0.0;0.01;0.07;0.0707106781187;1;740;
24;2889.0;1333.0;-0.02;0.0;0.1;0.101980390272;1;735;
24;2775.0;1334.0;0.05;0.02;0.0;0.0538516480713;1;730;
24;3039.0;1335.0;-0.01;0.0;0.09;0.0905538513814;1;725;
24;2829.0;1333.0;0.0;0.0;0.01;0.01;1;720;
24;2983.0;1333.0;0.01;0.0;0.09;0.0905538513814;1;715;
24;2759.0;1333.0;0.01;0.02;0.04;0.0458257569496;1;710;
24;3248.0;1333.0;0.04;0.01;-0.12;0.126885775404;1;705;
24;2864.0;1333.0;0.02;0.02;-0.05;0.0574456264654;1;700;
24;2872.0;1333.0;0.05;0.01;0.0;0.0509901951359;1;695;
24;2811.0;1334.0;0.02;0.04;0.03;0.0538516480713;1;690;
24;2959.0;1331.0;0.02;-0.01;-0.03;0.0374165738677;1;685;
24;3068.0;1333.0;0.0;0.0;-0.09;0.09;1;680;
24;2818.0;1333.0;0.01;0.0;0.07;0.0707106781187;1;675;
24;3217.0;1334.0;0.01;0.0;0.09;0.0905538513814;1;670;
24;3171.0;1332.0;0.04;0.0;-0.1;0.107703296143;1;665;
24;3201.0;1333.0;0.07;0.04;-0.14;0.161554944214;1;660;
24;2878.0;1331.0;0.05;0.04;-0.11;0.127279220614;1;655;
24;2963.0;1334.0;0.02;0.03;0.08;0.0877496438739;1;650;
24;2878.0;1331.0;0.0;-0.02;0.08;0.0824621125124;1;645;
24;2848.0;1333.0;0.04;0.0;-0.01;0.0412310562562;1;640;
24;2959.0;1332.0;0.02;0.04;-0.08;0.0916515138991;1;635;
24;2979.0;1331.0;0.05;0.0;0.14;0.148660687473;1;630;
24;2974.0;1331.0;0.04;0.02;-0.22;0.224499443206;1;625;
24;3054.0;1333.0;0.02;0.02;0.07;0.0754983443527;1;620;
24;2811.0;1332.0;0.06;0.01;-0.04;0.0728010988928;1;615;
24;3242.0;1332.0;0.0;0.0;0.09;0.09;1;610;
24;2858.0;1333.0;0.07;0.04;-0.08;0.113578166916;1;605;
24;3054.0;1333.0;0.03;-0.04;-0.05;0.0707106781187;1;600;
24;2756.0;1332.0;0.08;0.06;-0.05;0.111803398875;1;595;
24;3204.0;1333.0;0.06;0.0;-0.02;0.0632455532034;1;590;
24;2987.0;1332.0;0.02;-0.02;0.0;0.0282842712475;1;585;
24;2831.0;1333.0;0.04;0.03;0.08;0.0943398113206;1;580;
24;3079.0;1334.0;0.04;0.02;0.0;0.04472135955;1;575;
24;2994.0;1332.0;0.02;0.03;0.0;0.0360555127546;1;570;
24;2802.0;1331.0;0.04;0.0;-0.06;0.0721110255093;1;565;
24;2880.0;1333.0;0.08;0.01;-0.09;0.120830459736;1;560;
24;2876.0;1332.0;0.01;-0.16;0.01;0.160623784042;1;555;
24;2925.0;1333.0;0.09;0.14;-0.06;0.17691806013;1;550;
24;3206.0;1334.0;0.02;-0.02;0.02;0.0346410161514;1;545;
24;2835.0;1332.0;0.06;0.05;0.1;0.126885775404;1;540;
24;3007.0;1332.0;0.03;0.06;0.06;0.09;1;535;
24;2771.0;1333.0;0.05;0.0;0.07;0.0860232526704;1;530;
24;2923.0;1333.0;0.05;-0.01;-0.03;0.059160797831;1;525;
24;2778.0;1333.0;0.04;-0.01;-0.02;0.0458257569496;1;520;
24;3222.0;1334.0;0.03;-0.01;0.08;0.0860232526704;1;515;
24;2845.0;1332.0;0.02;0.0;0.02;0.0282842712475;1;510;
24;3154.0;1333.0;0.03;0.0;-0.02;0.0360555127546;1;505;
24;2875.0;1332.0;0.02;0.0;0.01;0.022360679775;0;500;
24;2896.0;1332.0;0.04;0.0;-0.04;0.0565685424949;0;495;
24;2851.0;1333.0;0.05;-0.02;-0.05;0.0734846922835;0;490;
24;3063.0;1333.0;0.06;0.01;0.04;0.0728010988928;0;485;
24;2841.0;1332.0;0.03;0.0;0.11;0.11401754251;0;480;
24;3158.0;1333.0;0.05;0.0;-0.16;0.167630546142;0;475;
24;3165.0;1332.0;0.07;0.02;-0.12;0.140356688476;0;470;
24;2914.0;1332.0;0.05;0.01;-0.12;0.130384048104;0;465;
24;2835.0;1332.0;0.02;0.03;0.05;0.0616441400297;0;460;
24;2871.0;1332.0;0.01;0.01;-0.01;0.0173205080757;0;455;
24;2888.0;1333.0;0.07;0.0;-0.05;0.0860232526704;0;450;
24;2896.0;1333.0;0.04;0.02;0.0;0.04472135955;0;445;
24;2977.0;1333.0;0.06;0.0;0.0;0.06;0;440;
24;3218.0;1333.0;0.02;0.02;-0.04;0.0489897948557;0;435;
24;2813.0;1332.0;0.0;0.0;0.04;0.04;0;430;
24;2793.0;1332.0;0.02;-0.01;0.0;0.022360679775;0;425;
24;2884.0;1332.0;0.03;0.02;0.05;0.0616441400297;0;420;
24;2867.0;1333.0;0.05;-0.01;-0.04;0.0648074069841;0;415;
24;2845.0;1333.0;0.04;0.0;-0.02;0.04472135955;0;410;
24;3159.0;1333.0;0.03;0.0;0.01;0.0316227766017;0;405;
24;2884.0;1333.0;0.06;0.02;0.05;0.080622577483;0;400;
24;2778.0;1333.0;0.02;0.05;-0.07;0.0883176086633;0;395;
24;3209.0;1334.0;0.02;-0.02;-0.06;0.0663324958071;0;390;
24;2893.0;1333.0;0.04;0.0;-0.02;0.04472135955;0;385;
24;2882.0;1332.0;0.04;-0.02;0.0;0.04472135955;0;380;
24;3064.0;1334.0;0.03;0.02;-0.01;0.0374165738677;0;375;
24;3176.0;1333.0;0.06;0.03;0.0;0.067082039325;0;370;
24;2843.0;1332.0;0.05;0.01;0.04;0.0648074069841;0;365;
24;2876.0;1333.0;0.04;0.0;0.03;0.05;0;360;
24;2864.0;1332.0;0.04;0.0;0.0;0.04;0;355;
24;3203.0;1332.0;0.04;0.0;0.02;0.04472135955;0;350;
24;3208.0;1334.0;0.01;0.02;0.01;0.0244948974278;0;345;
24;2745.0;1331.0;0.03;-0.01;0.01;0.0331662479036;0;340;
24;3205.0;1334.0;0.04;0.04;-0.04;0.0692820323028;0;335;
24;2841.0;1333.0;0.02;0.0;-0.06;0.0632455532034;0;330;
24;2816.0;1332.0;0.05;0.03;0.0;0.0583095189485;0;325;
24;2806.0;1331.0;0.05;0.0;-0.09;0.10295630141;0;320;
24;3208.0;1334.0;0.03;0.0;0.02;0.0360555127546;0;315;
24;2856.0;1332.0;0.02;0.0;0.08;0.0824621125124;0;310;
24;3077.0;1334.0;0.07;0.05;0.0;0.0860232526704;0;305;
24;3142.0;1333.0;0.01;0.0;0.12;0.120415945788;0;300;
24;2908.0;1332.0;0.06;0.03;-0.03;0.0734846922835;0;295;
24;2775.0;1334.0;0.05;0.03;0.03;0.065574385243;0;290;
24;3184.0;1333.0;0.05;0.0;0.04;0.0640312423743;0;285;
24;2837.0;1332.0;0.04;0.0;0.03;0.05;0;280;
24;3052.0;1332.0;0.02;0.0;0.09;0.0921954445729;0;275;
24;3090.0;1333.0;0.0;-0.02;0.07;0.0728010988928;0;270;
24;3237.0;1333.0;0.08;0.01;-0.06;0.100498756211;0;265;
24;3120.0;1333.0;0.02;0.02;0.0;0.0282842712475;0;260;
24;3189.0;1333.0;0.03;0.03;-0.04;0.0583095189485;0;255;
24;3085.0;1332.0;0.04;0.02;0.03;0.0538516480713;0;250;
24;3228.0;1334.0;0.05;0.01;0.01;0.0519615242271;0;245;
24;3044.0;1332.0;0.02;0.01;0.02;0.03;0;240;
24;2891.0;1333.0;0.03;0.01;-0.02;0.0374165738677;0;235;
24;3041.0;1331.0;0.04;0.01;-0.04;0.0574456264654;0;230;
24;3229.0;1334.0;0.04;0.01;-0.02;0.0458257569496;0;225;
24;2867.0;1332.0;0.03;0.0;-0.05;0.0583095189485;0;220;
24;2830.0;1332.0;0.04;0.01;0.0;0.0412310562562;0;215;
24;3212.0;1333.0;0.04;0.04;0.07;0.09;0;210;
24;2953.0;1333.0;0.02;0.01;0.03;0.0374165738677;0;205;
24;3035.0;1332.0;0.04;0.03;-0.01;0.0509901951359;0;200;
24;2866.0;1332.0;0.04;0.01;0.01;0.0424264068712;0;195;
24;2944.0;1332.0;0.03;0.02;0.01;0.0374165738677;0;190;
24;2882.0;1332.0;0.05;0.03;0.0;0.0583095189485;0;185;
24;3243.0;1333.0;0.07;0.04;0.0;0.080622577483;0;180;
24;2877.0;1331.0;0.07;0.04;-0.05;0.0948683298051;0;175;
24;2835.0;1332.0;0.04;-0.01;-0.08;0.09;0;170;
24;2994.0;1332.0;0.03;0.02;0.08;0.0877496438739;0;165;
24;3226.0;1333.0;0.05;0.03;-0.03;0.065574385243;0;160;
24;3028.0;1334.0;0.05;0.02;0.02;0.0574456264654;0;155;
24;2834.0;1332.0;0.02;-0.01;0.04;0.0458257569496;0;150;
24;3212.0;1334.0;0.05;0.0;0.0;0.05;0;145;
24;2836.0;1332.0;0.04;0.01;0.01;0.0424264068712;0;140;
24;3171.0;1333.0;0.05;0.02;0.01;0.0547722557505;0;135;
24;2862.0;1333.0;0.05;-0.01;0.0;0.0509901951359;0;130;
24;2734.0;1333.0;0.04;0.04;0.02;0.06;0;125;
24;3143.0;1333.0;0.07;0.01;-0.04;0.0812403840464;0;120;
24;2845.0;1332.0;0.08;0.04;-0.22;0.237486841741;0;115;
24;3142.0;1334.0;0.0;0.0;-0.02;0.02;0;110;
24;2863.0;1332.0;0.09;0.03;-0.21;0.230434372436;0;105;
24;2973.0;1332.0;0.06;0.01;-0.05;0.0787400787401;0;100;
24;2822.0;1332.0;0.07;0.02;-0.04;0.0830662386292;0;95;
24;3143.0;1333.0;0.08;0.05;-0.11;0.144913767462;0;90;
24;2835.0;1332.0;0.08;0.03;-0.02;0.0877496438739;0;85;
24;3180.0;1334.0;0.06;0.03;0.0;0.067082039325;0;80;
24;2837.0;1332.0;0.05;0.0;0.05;0.0707106781187;0;75;
24;3196.0;1333.0;0.03;0.01;-0.01;0.0331662479036;0;70;
24;2834.0;1332.0;0.03;0.0;0.08;0.0854400374532;0;65;
24;2723.0;1333.0;0.05;-0.01;0.12;0.130384048104;0;60;
24;3188.0;1333.0;0.0;-0.01;0.11;0.110453610172;0;55;
24;2862.0;1332.0;0.07;0.01;-0.02;0.0734846922835;0;50;
24;2780.0;1332.0;0.09;0.03;-0.09;0.130766968306;0;45;
24;3095.0;1332.0;0.02;0.02;0.01;0.03;0;40;
24;2920.0;1333.0;0.05;0.03;-0.06;0.0836660026534;0;35;
24;3046.0;1333.0;0.1;0.04;-0.08;0.13416407865;0;30;
24;2802.0;1332.0;0.01;0.02;0.0;0.022360679775;0;25;
24;3209.0;1334.0;0.04;0.0;-0.01;0.0412310562562;0;20;
24;2877.0;1332.0;0.06;0.01;-0.04;0.0728010988928;0;15;
24;3041.0;1334.0;0.04;0.0;0.04;0.0565685424949;0;10;
24;2792.0;1332.0;0.04;0.0;0.02;0.04472135955;0;5;
24;3223.0;1334.0;0.07;0.04;0.0;0.080622577483;0;0;
24;3096.0;1334.0;0.04;-0.01;0.08;0.09;0;0;
24;2890.0;1334.0;0.01;-0.03;-0.05;0.059160797831;0;0;
24;3079.0;1333.0;0.03;0.0;0.06;0.067082039325;0;0;
24;2796.0;1332.0;0.07;0.01;-0.07;0.0994987437107;0;0;
24;2968.0;1331.0;0.03;0.03;-0.15;0.155884572681;0;0;
24;2802.0;1333.0;0.0;0.0;0.02;0.02;0;0;
24;2830.0;1332.0;0.03;0.04;0.09;0.10295630141;0;0;
24;2886.0;1333.0;0.01;-0.05;0.18;0.187082869339;0;0;
24;2761.0;1333.0;0.04;0.03;0.03;0.0583095189485;0;0;
24;3157.0;1332.0;0.02;0.0;0.16;0.161245154966;0;0;
24;2751.0;1334.0;0.04;0.0;0.12;0.126491106407;0;0;
24;2981.0;1333.0;0.04;0.0;0.12;0.126491106407;0;0;
24;2915.0;1333.0;0.02;0.0;0.0;0.02;0;0;
24;3064.0;1334.0;0.03;0.0;0.08;0.0854400374532;0;0;
24;2784.0;1332.0;0.02;-0.01;0.0;0.022360679775;0;0;
24;3224.0;1333.0;0.03;0.0;-0.07;0.0761577310586;0;0;
24;2833.0;1332.0;0.06;0.02;0.04;0.0748331477355;0;0;
24;3167.0;1334.0;0.02;0.0;-0.03;0.0360555127546;0;0;
24;2786.0;1333.0;0.02;-0.02;0.0;0.0282842712475;0;0;
24;3191.0;1334.0;0.04;0.01;0.08;0.09;0;0;
24;2899.0;1333.0;0.05;0.04;-0.1;0.11874342087;0;0;
24;3202.0;1334.0;0.01;0.0;0.06;0.060827625303;0;0;
24;2843.0;1333.0;0.02;-0.01;0.11;0.112249721603;0;0;
24;3095.0;1334.0;0.06;0.02;-0.04;0.0748331477355;0;0;
24;2879.0;1332.0;0.0;-0.01;0.05;0.0509901951359;0;0;
24;2995.0;1333.0;0.0;-0.01;0.08;0.080622577483;0;0;
24;3106.0;1332.0;0.03;0.0;0.01;0.0316227766017;0;0;
24;2774.0;1333.0;0.08;0.0;-0.02;0.0824621125124;0;0;
24;3207.0;1332.0;0.03;-0.02;0.05;0.0616441400297;0;0;
24;2779.0;1332.0;0.04;0.04;0.02;0.06;0;0;
24;2870.0;1331.0;0.03;0.0;0.02;0.0360555127546;0;0;
24;2748.0;1331.0;0.06;0.0;-0.06;0.0848528137424;0;0;
24;3223.0;1334.0;0.01;0.01;-0.09;0.0911043357914;0;0;
24;2901.0;1332.0;0.09;0.02;0.05;0.104880884817;0;0;
24;2768.0;1332.0;0.05;0.02;-0.11;0.122474487139;0;0;
24;3190.0;1333.0;0.03;0.0;-0.04;0.05;0;0;
24;2868.0;1332.0;0.1;0.02;-0.07;0.123693168769;0;0;
24;2748.0;1332.0;0.07;0.01;-0.08;0.10677078252;0;0;
24;2752.0;1333.0;0.05;0.02;-0.03;0.0616441400297;0;0;
24;2836.0;1333.0;0.07;0.03;0.07;0.103440804328;0;0;
24;3197.0;1332.0;0.07;0.05;-0.03;0.0911043357914;0;0;
24;2864.0;1332.0;0.09;0.01;-0.08;0.120830459736;0;0;
24;2831.0;1332.0;0.04;-0.03;0.06;0.0781024967591;0;0;
24;2880.0;1333.0;0.08;0.02;0.06;0.101980390272;0;0;
24;2759.0;1332.0;0.1;0.04;0.03;0.111803398875;0;0;
24;3156.0;1333.0;0.01;-0.01;0.04;0.0424264068712;0;0;
24;2826.0;1332.0;0.07;0.04;0.0;0.080622577483;0;0;
24;3197.0;1335.0;0.07;0.04;-0.06;0.100498756211;0;0;
24;2889.0;1332.0;0.07;0.01;-0.04;0.0812403840464;0;0;
24;2780.0;1332.0;0.05;0.0;-0.04;0.0640312423743;0;0;
24;2880.0;1332.0;0.05;0.01;0.04;0.0648074069841;0;0;
24;2742.0;1332.0;0.08;0.05;-0.04;0.10246950766;0;0;
24;3201.0;1335.0;0.02;-0.01;0.0;0.022360679775;0;0;
24;2860.0;1332.0;0.1;0.02;-0.03;0.106301458127;0;0;
24;3125.0;1331.0;0.06;0.03;0.0;0.067082039325;0;0;
24;2844.0;1332.0;0.07;0.03;-0.04;0.0860232526704;0;0;
24;3108.0;1334.0;0.02;0.0;0.06;0.0632455532034;0;0;
24;2857.0;1332.0;0.09;0.03;-0.03;0.0994987437107;0;0;
24;3103.0;1332.0;0.08;0.01;-0.12;0.144568322948;0;0;
24;2815.0;1332.0;0.05;0.03;-0.08;0.0989949493661;0;0;
24;2835.0;1333.0;0.03;0.0;-0.02;0.0360555127546;0;0;
24;2869.0;1332.0;0.06;0.0;0.0;0.06;0;0;
24;3051.0;1333.0;0.04;0.01;0.0;0.0412310562562;0;0;
24;2833.0;1333.0;0.05;0.02;0.05;0.0734846922835;0;0;
24;3222.0;1334.0;0.06;0.03;0.06;0.09;0;0;
24;2838.0;1332.0;0.05;0.0;-0.03;0.0583095189485;0;0;
24;2990.0;1333.0;0.04;0.03;-0.09;0.10295630141;0;0;
24;3214.0;1334.0;0.03;-0.01;-0.12;0.12409673646;0;0;
24;2834.0;1331.0;0.02;0.0;0.03;0.0360555127546;0;0;
24;3215.0;1334.0;0.0;0.0;0.08;0.08;0;0;
24;2878.0;1332.0;0.07;0.03;0.03;0.0818535277187;0;0;
24;3208.0;1333.0;0.02;0.0;0.08;0.0824621125124;0;0;
24;2876.0;1332.0;0.0;-0.01;0.15;0.150332963784;0;0;
24;2854.0;1331.0;0.08;0.03;-0.06;0.104403065089;0;0;
24;2905.0;1332.0;0.04;0.02;0.0;0.04472135955;0;0;
24;2807.0;1334.0;0.0;0.01;0.08;0.080622577483;0;0;
24;3222.0;1334.0;0.09;0.03;0.0;0.0948683298051;0;0;
24;2891.0;1332.0;0.09;0.04;0.0;0.098488578018;0;0;
24;2745.0;1333.0;0.02;-0.01;-0.09;0.092736184955;0;0;
24;3148.0;1333.0;0.06;0.03;-0.11;0.128840987267;0;0;
24;2839.0;1332.0;0.09;0.02;-0.09;0.128840987267;0;0;
24;3088.0;1333.0;0.03;0.01;-0.03;0.0435889894354;0;0;
24;3051.0;1332.0;0.1;0.06;-0.08;0.141421356237;0;0;
24;2824.0;1332.0;0.08;0.03;-0.1;0.13152946438;0;0;
24;3124.0;1333.0;0.05;0.02;-0.03;0.0616441400297;0;0;
24;2884.0;1332.0;0.07;0.04;-0.03;0.0860232526704;0;0;
24;3171.0;1333.0;0.09;0.03;-0.02;0.0969535971483;0;0;
24;2843.0;1333.0;0.05;0.0;-0.01;0.0509901951359;0;0;
24;3210.0;1332.0;0.08;0.05;-0.04;0.10246950766;0;0;
24;2842.0;1331.0;0.06;0.04;-0.04;0.0824621125124;0;0;
24;3232.0;1333.0;0.07;0.04;-0.09;0.120830459736;0;0;
24;2866.0;1332.0;0.03;-0.01;0.06;0.0678232998313;0;0;
24;2917.0;1332.0;0.03;0.0;0.01;0.0316227766017;0;0;
24;3081.0;1333.0;0.06;0.03;0.02;0.07;0;0;
24;2801.0;1332.0;-0.01;-0.01;0.06;0.0616441400297;0;0;
24;2918.0;1332.0;-0.01;0.02;0.13;0.131909059583;0;0;
24;2756.0;1332.0;0.03;0.01;0.07;0.0768114574787;0;0;
24;3158.0;1333.0;0.0;-0.02;0.05;0.0538516480713;0;0;
24;3202.0;1333.0;0.0;-0.02;0.08;0.0824621125124;0;0;
24;2868.0;1333.0;0.0;-0.02;0.14;0.141421356237;0;0;
24;2833.0;1333.0;0.0;0.0;0.08;0.08;0;0;
24;3099.0;1332.0;0.0;0.0;0.08;0.08;0;0;
24;2785.0;1332.0;0.06;0.02;-0.06;0.0871779788708;0;0;
24;3254.0;1333.0;0.0;0.0;0.08;0.08;0;0;
24;2854.0;1333.0;0.02;0.02;0.09;0.0943398113206;0;0;
24;3114.0;1332.0;0.01;0.0;-0.01;0.0141421356237;0;0;
24;2841.0;1333.0;0.04;-0.01;0.03;0.0509901951359;0;0;
24;3192.0;1333.0;0.04;0.0;-0.1;0.107703296143;0;0;
24;2860.0;1332.0;0.02;0.02;0.0;0.0282842712475;0;0;
24;3074.0;1333.0;0.05;0.02;-0.05;0.0734846922835;0;0;
24;2865.0;1333.0;0.04;0.04;-0.14;0.150996688705;0;0;
24;2820.0;1333.0;0.05;0.05;-0.07;0.0994987437107;0;0;
24;3211.0;1333.0;0.08;0.03;-0.11;0.139283882772;0;0;
24;3101.0;1333.0;0.01;0.0;0.08;0.080622577483;0;0;
24;3204.0;1334.0;0.07;0.04;-0.11;0.13638181697;0;0;
24;2795.0;1333.0;0.06;0.02;-0.04;0.0748331477355;0;0;
24;2842.0;1334.0;0.02;0.02;0.01;0.03;0;0;
24;3234.0;1335.0;0.08;0.04;0.02;0.0916515138991;0;0;
24;3069.0;1333.0;0.07;0.04;0.01;0.0812403840464;0;0;
24;2750.0;1333.0;0.01;-0.01;-0.03;0.0331662479036;0;0;
24;2877.0;1332.0;0.04;0.04;0.03;0.0640312423743;0;0;
24;2895.0;1333.0;0.03;0.02;0.03;0.0469041575982;0;0;
24;2844.0;1333.0;0.06;0.03;-0.07;0.0969535971483;0;0;
24;2837.0;1332.0;0.04;0.05;-0.03;0.0707106781187;0;0;
24;3184.0;1333.0;0.05;0.0;0.03;0.0583095189485;0;0;
24;2852.0;1333.0;0.06;0.04;-0.07;0.100498756211;0;0;
24;3076.0;1335.0;0.05;0.03;-0.06;0.0836660026534;0;0;
24;2872.0;1332.0;0.05;0.04;0.0;0.0640312423743;0;0;
24;2903.0;1331.0;0.05;0.05;0.0;0.0707106781187;0;0;
24;2784.0;1332.0;0.09;0.04;-0.06;0.115325625947;0;0;
24;3144.0;1333.0;-0.01;-0.04;0.06;0.0728010988928;0;0;
24;2855.0;1332.0;0.04;0.02;0.02;0.0489897948557;0;0;
24;3005.0;1335.0;0.04;0.03;-0.08;0.0943398113206;0;0;
24;3060.0;1333.0;0.05;0.0;0.0;0.05;0;0;
24;3221.0;1333.0;0.01;0.0;0.01;0.0141421356237;0;0;
24;2859.0;1334.0;0.02;0.0;-0.03;0.0360555127546;0;0;
24;2866.0;1332.0;0.0;-0.02;-0.02;0.0282842712475;0;0;
24;3197.0;1332.0;0.03;0.02;0.02;0.0412310562562;0;0;
24;2847.0;1332.0;0.03;0.03;0.02;0.0469041575982;0;0;
24;2787.0;1332.0;-0.01;0.01;0.09;0.0911043357914;0;0;
24;2959.0;1332.0;0.0;-0.02;0.09;0.0921954445729;0;0;
24;2804.0;1332.0;0.03;0.01;0.09;0.0953939201417;0;0;
24;2832.0;1331.0;0.01;0.0;0.1;0.100498756211;0;0;
24;2841.0;1332.0;0.0;0.01;0.09;0.0905538513814;0;0;
24;3095.0;1333.0;0.0;0.01;0.09;0.0905538513814;0;0;
24;2896.0;1332.0;0.0;-0.01;0.06;0.060827625303;0;0;
24;3122.0;1333.0;0.02;0.03;0.02;0.0412310562562;0;0;
24;2880.0;1333.0;0.0;-0.01;-0.03;0.0316227766017;0;0;
24;2850.0;1334.0;0.03;0.02;-0.06;0.07;0;0;
24;2835.0;1332.0;0.02;0.01;-0.09;0.092736184955;0;0;
24;3158.0;1334.0;0.01;0.01;-0.03;0.0331662479036;0;0;
24;2836.0;1332.0;0.04;0.02;-0.08;0.0916515138991;0;0;
24;3216.0;1333.0;0.02;0.0;-0.03;0.0360555127546;0;0;
24;2848.0;1333.0;0.02;-0.01;0.0;0.022360679775;0;0;
24;2807.0;1333.0;0.02;0.01;0.03;0.0374165738677;0;0;
24;2936.0;1333.0;0.03;0.02;0.0;0.0360555127546;0;0;
24;2748.0;1332.0;0.01;-0.02;0.02;0.03;0;0;
24;3216.0;1332.0;0.02;0.02;-0.03;0.0412310562562;0;0;
24;2831.0;1332.0;0.04;0.0;0.0;0.04;0;0;
24;3162.0;1333.0;-0.02;0.0;0.02;0.0282842712475;0;0;
24;2863.0;1333.0;0.01;0.01;0.0;0.0141421356237;0;0;
24;3194.0;1332.0;0.03;0.02;-0.03;0.0469041575982;0;0;
24;2848.0;1333.0;0.02;0.0;-0.09;0.0921954445729;0;0;
24;2743.0;1332.0;0.02;0.03;0.04;0.0538516480713;0;0;
24;3231.0;1333.0;0.03;0.04;-0.06;0.0781024967591;0;0;
24;2841.0;1332.0;0.03;0.0;-0.07;0.0761577310586;0;0;
24;2839.0;1334.0;0.01;0.0;0.08;0.080622577483;0;0;
24;2846.0;1331.0;0.07;0.02;0.01;0.0734846922835;0;0;
24;3096.0;1335.0;0.02;0.02;0.01;0.03;0;0;
24;3131.0;1333.0;0.04;0.04;0.0;0.0565685424949;0;0;
24;3117.0;1333.0;0.04;0.03;-0.02;0.0538516480713;0;0;
24;2867.0;1332.0;0.04;0.03;-0.02;0.0538516480713;0;0;
24;2729.0;1333.0;0.03;0.03;0.01;0.0435889894354;0;0;
24;2862.0;1332.0;0.02;0.0;0.03;0.0360555127546;0;0;
24;2891.0;1333.0;0.03;0.0;0.0;0.03;0;0;
24;2795.0;1333.0;0.05;0.0;-0.03;0.0583095189485;0;0;
24;2837.0;1333.0;0.0;0.02;-0.02;0.0282842712475;0;0;
24;2860.0;1331.0;0.07;0.02;-0.01;0.0734846922835;0;0;
24;3005.0;1332.0;0.0;0.01;0.0;0.01;0;0;
24;3210.0;1334.0;0.0;-0.01;0.04;0.0412310562562;0;0;
24;2888.0;1332.0;0.02;0.04;0.01;0.0458257569496;0;0;
24;2848.0;1331.0;0.01;0.02;-0.1;0.10246950766;0;0;
24;2960.0;1332.0;-0.02;-0.03;0.1;0.106301458127;0;0;
24;2779.0;1333.0;0.02;0.01;0.09;0.092736184955;0;0;
24;3223.0;1333.0;0.0;-0.01;0.0;0.01;0;0;
24;2730.0;1332.0;-0.02;0.01;0.04;0.0458257569496;0;0;
24;2839.0;1333.0;0.0;0.02;-0.07;0.0728010988928;0;0;
24;2964.0;1332.0;0.02;0.02;-0.06;0.0663324958071;0;0;
24;3252.0;1333.0;0.05;0.03;-0.03;0.065574385243;0;0;
24;3245.0;1333.0;0.0;0.0;-0.02;0.02;0;0;
24;2870.0;1333.0;0.04;0.03;-0.1;0.111803398875;0;0;
24;3078.0;1333.0;0.02;0.01;0.0;0.022360679775;0;0;
24;3191.0;1334.0;0.01;0.05;0.02;0.0547722557505;0;0;
24;2907.0;1331.0;0.02;0.02;0.05;0.0574456264654;0;0;
24;2861.0;1333.0;0.05;0.01;0.0;0.0509901951359;0;0;
24;2808.0;1334.0;0.02;-0.01;0.08;0.0830662386292;0;0;
24;3208.0;1333.0;0.02;0.02;-0.05;0.0574456264654;0;0;
24;2794.0;1333.0;0.01;0.02;0.03;0.0374165738677;0;0;
24;3220.0;1335.0;0.01;0.0;0.09;0.0905538513814;0;0;
24;2841.0;1332.0;0.0;0.02;0.05;0.0538516480713;0;0;
24;3215.0;1334.0;0.01;-0.01;0.1;0.100995049384;0;0;
24;2846.0;1332.0;0.02;0.01;-0.03;0.0374165738677;0;0;
24;3101.0;1333.0;0.01;0.01;0.06;0.0616441400297;0;0;
24;2825.0;1331.0;0.02;0.01;0.04;0.0458257569496;0;0;
24;3193.0;1333.0;0.01;0.01;-0.02;0.0244948974278;0;0;
24;2915.0;1331.0;0.0;0.0;0.03;0.03;0;0;
24;3199.0;1333.0;0.03;0.01;0.0;0.0316227766017;0;0;
24;2875.0;1333.0;0.01;0.02;0.0;0.022360679775;0;0;
24;2832.0;1331.0;0.03;0.02;0.02;0.0412310562562;0;0;
24;3110.0;1332.0;0.06;0.0;0.0;0.06;0;0;
24;2789.0;1332.0;0.04;0.0;-0.01;0.0412310562562;0;0;
24;3200.0;1333.0;0.03;0.02;-0.06;0.07;0;0;
24;2909.0;1332.0;0.02;0.0;0.05;0.0538516480713;0;0;
24;3107.0;1333.0;0.04;0.01;-0.02;0.0458257569496;0;0;
24;2843.0;1332.0;0.02;0.01;0.01;0.0244948974278;0;0;
24;2941.0;1332.0;0.0;0.01;0.02;0.022360679775;0;0;
24;2780.0;1333.0;0.05;0.05;-0.03;0.0768114574787;0;0;
24;3138.0;1333.0;0.0;0.0;0.02;0.02;0;0;
24;2824.0;1333.0;0.02;0.01;-0.01;0.0244948974278;0;0;
24;3185.0;1332.0;0.02;0.0;0.04;0.04472135955;0;0;
24;3075.0;1332.0;0.0;0.0;-0.04;0.04;0;0;
24;3217.0;1333.0;0.0;-0.01;-0.06;0.060827625303;0;0;
24;2869.0;1332.0;0.0;0.02;0.08;0.0824621125124;0;0;
24;3003.0;1333.0;0.05;0.0;-0.13;0.139283882772;0;0;
24;2773.0;1333.0;0.01;0.03;-0.02;0.0374165738677;0;0;
24;3199.0;1334.0;-0.02;0.0;0.04;0.04472135955;0;0;
24;2901.0;1331.0;0.05;0.02;-0.03;0.0616441400297;0;0;
24;3214.0;1333.0;0.02;0.0;0.1;0.101980390272;0;0;
24;2836.0;1331.0;0.02;0.01;0.08;0.0830662386292;0;0;
24;2797.0;1332.0;0.03;0.01;-0.08;0.0860232526704;0;0;
24;2855.0;1331.0;0.01;-0.01;0.16;0.160623784042;0;0;
24;2856.0;1333.0;0.02;0.02;0.01;0.03;0;0;
24;3158.0;1333.0;0.0;0.0;0.14;0.14;0;0;
24;2768.0;1332.0;0.02;0.03;0.03;0.0469041575982;0;0;
24;3216.0;1333.0;0.02;0.0;-0.03;0.0360555127546;0;0;
24;2864.0;1332.0;0.01;0.02;0.07;0.0734846922835;0;0;
24;2897.0;1333.0;0.0;0.0;-0.03;0.03;0;0;
24;2742.0;1333.0;0.02;0.02;-0.02;0.0346410161514;0;0;
24;3039.0;1331.0;0.0;-0.01;0.0;0.01;0;0;
24;2811.0;1333.0;0.03;-0.01;0.02;0.0374165738677;0;0;
24;3220.0;1335.0;0.01;0.01;0.01;0.0173205080757;0;0;
24;2854.0;1333.0;0.02;0.0;-0.03;0.0360555127546;0;0;
24;3007.0;1332.0;0.05;0.01;-0.05;0.0714142842854;0;0;
24;2846.0;1333.0;0.01;0.02;0.05;0.0547722557505;0;0;
24;3024.0;1334.0;0.02;0.0;0.08;0.0824621125124;0;0;
24;2971.0;1333.0;0.03;0.01;-0.01;0.0331662479036;0;0;
24;2791.0;1332.0;0.0;0.02;0.05;0.0538516480713;0;0;
24;3057.0;1333.0;-0.02;0.0;0.04;0.04472135955;0;0;
24;2832.0;1333.0;0.05;0.02;-0.05;0.0734846922835;0;0;
24;3146.0;1333.0;0.03;0.03;-0.1;0.108627804912;0;0;
24;2859.0;1333.0;0.0;0.04;-0.01;0.0412310562562;0;0;
24;3043.0;1332.0;0.01;0.03;0.04;0.0509901951359;0;0;
24;2860.0;1332.0;0.01;0.0;0.03;0.0316227766017;0;0;
24;3168.0;1334.0;0.0;0.02;-0.01;0.022360679775;0;0;
24;2895.0;1332.0;0.03;0.0;0.1;0.104403065089;0;0;
24;2870.0;1334.0;0.03;0.01;0.07;0.0768114574787;0;0;
24;3100.0;1332.0;0.05;0.04;0.06;0.0877496438739;0;0;
24;2809.0;1333.0;0.02;0.01;0.0;0.022360679775;0;0;
24;2942.0;1333.0;0.05;0.04;0.02;0.067082039325;0;0;
24;2740.0;1333.0;0.06;0.01;0.03;0.0678232998313;0;0;
24;2969.0;1332.0;0.0;0.02;0.03;0.0360555127546;0;0;
24;2850.0;1331.0;0.02;0.01;0.04;0.0458257569496;0;0;
24;3228.0;1332.0;0.05;0.0;-0.12;0.13;0;0;
24;2873.0;1331.0;0.02;0.01;0.01;0.0244948974278;0;0;
24;2762.0;1333.0;0.03;0.0;-0.02;0.0360555127546;0;0;
24;3153.0;1331.0;0.04;0.03;0.0;0.05;0;0;
24;2752.0;1331.0;0.01;0.04;-0.04;0.0574456264654;0;0;
24;3011.0;1334.0;0.02;0.01;0.05;0.0547722557505;0;0;
24;2951.0;1333.0;0.02;0.03;0.04;0.0538516480713;0;0;
24;2882.0;1333.0;0.02;0.03;0.06;0.07;0;0;
24;3189.0;1332.0;0.02;0.02;0.09;0.0943398113206;0;0;
24;2845.0;1333.0;0.05;0.04;0.09;0.110453610172;0;0;
24;2736.0;1334.0;0.02;0.04;0.01;0.0458257569496;0;0;
24;3205.0;1334.0;0.04;0.01;-0.12;0.126885775404;0;0;
24;2852.0;1332.0;0.05;0.03;-0.11;0.12449899598;0;0;
24;2748.0;1333.0;0.02;0.01;-0.02;0.03;0;0;
24;3195.0;1333.0;0.05;0.02;-0.04;0.067082039325;0;0;
24;3265.0;1333.0;0.04;0.02;-0.03;0.0538516480713;0;0;
24;2937.0;1333.0;0.08;0.01;0.0;0.080622577483;0;0;
24;2866.0;1332.0;0.04;0.02;-0.03;0.0538516480713;0;0;
24;2781.0;1333.0;0.01;0.0;-0.07;0.0707106781187;0;0;
24;2861.0;1332.0;0.05;0.04;0.08;0.10246950766;0;0;
24;3237.0;1333.0;0.03;0.0;-0.03;0.0424264068712;0;0;
24;3245.0;1333.0;0.04;0.04;-0.06;0.0824621125124;0;0;
24;2861.0;1333.0;0.01;0.0;0.05;0.0509901951359;0;0;
24;3097.0;1333.0;0.03;0.01;0.08;0.0860232526704;0;0;
24;2899.0;1332.0;0.05;0.09;-0.07;0.12449899598;0;0;
24;3002.0;1334.0;0.03;0.01;0.07;0.0768114574787;0;0;
24;3226.0;1334.0;0.08;0.09;-0.03;0.12409673646;0;0;
24;2860.0;1333.0;0.07;-0.03;-0.04;0.0860232526704;0;0;
24;3092.0;1334.0;0.02;0.0;0.06;0.0632455532034;0;0;
24;3092.0;1333.0;0.03;0.02;0.04;0.0538516480713;0;0;
24;2843.0;1332.0;0.06;0.04;-0.09;0.115325625947;0;0;
24;2739.0;1332.0;0.0;0.0;0.02;0.02;0;0;
24;2857.0;1334.0;0.04;0.01;-0.02;0.0458257569496;0;0;
24;3206.0;1333.0;0.0;-0.03;0.05;0.0583095189485;0;0;
24;3079.0;1334.0;0.0;0.0;0.02;0.02;0;0;
24;2885.0;1332.0;0.01;0.01;0.04;0.0424264068712;0;0;
24;2776.0;1333.0;0.0;-0.01;-0.01;0.0141421356237;0;0;
24;2912.0;1331.0;-0.03;-0.01;0.1;0.104880884817;0;0;
24;2771.0;1332.0;-0.02;-0.01;0.19;0.191311264697;0;0;
24;3210.0;1334.0;0.06;0.04;-0.14;0.15748015748;0;0;
24;2838.0;1333.0;-0.02;-0.01;0.11;0.112249721603;0;0;
24;2831.0;1333.0;0.02;0.0;0.07;0.0728010988928;0;0;
24;3187.0;1333.0;0.02;0.0;0.07;0.0728010988928;0;0;
24;3142.0;1333.0;-0.02;0.01;0.02;0.03;0;0;
24;2801.0;1333.0;0.04;0.03;-0.02;0.0538516480713;0;0;
24;3020.0;1334.0;0.0;-0.02;0.06;0.0632455532034;0;0;
24;2991.0;1332.0;0.07;0.05;0.03;0.0911043357914;0;0;
24;2805.0;1334.0;0.0;-0.01;-0.02;0.022360679775;0;0;
24;2866.0;1333.0;0.04;0.03;-0.11;0.120830459736;0;0;
24;2938.0;1333.0;0.03;0.03;0.08;0.0905538513814;0;0;
24;2820.0;1333.0;0.04;0.02;-0.03;0.0538516480713;0;0;
24;3018.0;1333.0;-0.01;0.03;0.02;0.0374165738677;0;0;
24;2784.0;1334.0;0.01;0.02;0.02;0.03;0;0;
24;3160.0;1334.0;0.04;0.0;-0.1;0.107703296143;0;0;
24;2756.0;1333.0;0.0;0.01;0.08;0.080622577483;0;0;
24;2947.0;1333.0;0.02;0.03;-0.01;0.0374165738677;0;0;
24;2856.0;1332.0;0.04;0.01;-0.09;0.0989949493661;0;0;
24;2960.0;1334.0;0.03;0.01;-0.05;0.059160797831;0;0;
24;3219.0;1334.0;0.02;0.01;0.08;0.0830662386292;0;0;
24;2950.0;1333.0;0.04;0.04;0.0;0.0565685424949;0;0;
24;2851.0;1331.0;0.01;0.0;-0.03;0.0316227766017;0;0;
24;3103.0;1333.0;0.01;0.0;-0.03;0.0316227766017;0;0;
24;2946.0;1332.0;0.06;0.03;0.07;0.0969535971483;0;0;
24;3051.0;1333.0;0.05;0.01;0.08;0.0948683298051;0;0;
24;3029.0;1332.0;0.01;-0.02;0.0;0.022360679775;0;0;
24;2803.0;1335.0;0.01;-0.02;0.0;0.022360679775;0;0;
24;3060.0;1332.0;0.03;0.03;0.08;0.0905538513814;0;0;
24;2748.0;1333.0;0.06;0.03;-0.09;0.112249721603;0;0;
24;3140.0;1333.0;0.01;0.0;0.08;0.080622577483;0;0;
24;2882.0;1332.0;0.03;0.02;-0.01;0.0374165738677;0;0;
24;2904.0;1333.0;0.07;0.03;-0.06;0.0969535971483;0;0;
24;3214.0;1334.0;0.04;0.02;0.02;0.0489897948557;0;0;
24;2923.0;1333.0;0.07;0.01;-0.04;0.0812403840464;0;0;
24;2947.0;1333.0;0.03;-0.01;-0.03;0.0435889894354;0;0;
24;2905.0;1333.0;0.08;0.02;-0.04;0.0916515138991;0;0;
24;3045.0;1333.0;0.06;0.04;-0.04;0.0824621125124;0;0;
24;3006.0;1332.0;0.04;0.04;-0.08;0.0979795897113;0;0;
24;2773.0;1332.0;0.03;0.05;-0.08;0.0989949493661;0;0;
24;2875.0;1332.0;0.03;-0.02;-0.03;0.0469041575982;0;0;
24;2878.0;1332.0;0.01;0.02;-0.01;0.0244948974278;0;0;
24;3009.0;1334.0;0.05;0.0;-0.04;0.0640312423743;0;0;
24;3207.0;1333.0;0.0;0.02;0.0;0.02;0;0;
24;3223.0;1333.0;0.05;0.01;-0.02;0.0547722557505;0;0;
24;3224.0;1334.0;0.0;0.01;0.15;0.150332963784;0;0;
24;2868.0;1332.0;0.0;0.0;-0.06;0.06;0;0;
24;2899.0;1332.0;-0.01;-0.03;0.15;0.153297097168;0;0;
24;2774.0;1333.0;0.02;0.02;0.14;0.142828568571;0;0;
24;2840.0;1332.0;0.0;-0.01;0.03;0.0316227766017;0;0;
24;2791.0;1332.0;-0.04;0.02;0.09;0.100498756211;0;0;
24;3028.0;1333.0;-0.04;-0.05;0.09;0.110453610172;0;0;
24;2788.0;1333.0;-0.01;-0.04;0.08;0.09;0;0;
24;2885.0;1334.0;0.04;0.02;0.05;0.067082039325;0;0;
24;3059.0;1332.0;0.0;-0.02;-0.06;0.0632455532034;0;0;
24;2931.0;1333.0;0.04;0.01;0.0;0.0412310562562;0;0;
24;3408.0;1333.0;0.01;0.01;0.0;0.0141421356237;0;0;
24;3206.0;1333.0;0.0;-0.06;0.16;0.170880074906;0;0;
24;2876.0;1333.0;0.0;0.0;0.11;0.11;0;0;
24;2831.0;1332.0;-0.06;-0.08;0.17;0.197230829233;0;0;
24;2801.0;1334.0;0.08;0.11;-0.12;0.181383571472;0;0;
24;2855.0;1333.0;-0.02;-0.04;0.12;0.128062484749;0;0;
24;2810.0;1334.0;0.01;0.02;0.07;0.0734846922835;0;0;
24;2896.0;1332.0;0.06;0.01;-0.03;0.0678232998313;0;0;
24;2864.0;1333.0;0.02;0.01;0.02;0.03;0;0;
24;2737.0;1333.0;0.04;0.01;-0.03;0.0509901951359;0;0;
24;2848.0;1332.0;0.05;-0.02;0.03;0.0616441400297;0;0;
24;2809.0;1332.0;0.02;0.02;0.02;0.0346410161514;0;0;
24;3222.0;1333.0;0.02;0.02;0.02;0.0346410161514;0;0;
24;2876.0;1331.0;0.03;0.03;0.0;0.0424264068712;0;0;
24;2981.0;1333.0;0.03;-0.01;0.02;0.0374165738677;0;0;
24;3193.0;1334.0;0.02;0.0;-0.01;0.022360679775;0;0;
24;2837.0;1332.0;0.04;0.01;0.02;0.0458257569496;0;0;
24;2823.0;1333.0;0.03;0.02;-0.01;0.0374165738677;0;0;
24;3161.0;1332.0;0.0;-0.02;0.04;0.04472135955;0;0;
24;2822.0;1333.0;0.02;0.02;0.05;0.0574456264654;0;0;
24;2893.0;1334.0;0.05;0.05;0.0;0.0707106781187;0;0;
24;3208.0;1334.0;0.01;0.0;-0.02;0.022360679775;0;0;
24;2862.0;1332.0;0.01;-0.01;0.08;0.0812403840464;0;0;
24;2744.0;1332.0;0.0;0.0;0.07;0.07;0;0;
24;3014.0;1332.0;-0.02;-0.01;0.04;0.0458257569496;0;0;
24;2791.0;1333.0;0.04;0.0;0.01;0.0412310562562;0;0;
24;2790.0;1332.0;0.01;0.01;0.0;0.0141421356237;0;0;
24;3150.0;1333.0;0.01;-0.01;-0.03;0.0331662479036;0;0;
24;2877.0;1332.0;0.02;0.03;-0.08;0.0877496438739;0;0;
24;2744.0;1332.0;0.0;0.0;0.03;0.03;0;0;
24;3154.0;1332.0;0.01;0.0;-0.04;0.0412310562562;0;0;
24;2846.0;1332.0;0.0;-0.01;0.07;0.0707106781187;0;0;
24;2839.0;1331.0;0.04;0.01;-0.06;0.0728010988928;0;0;
24;3241.0;1333.0;0.02;0.03;0.11;0.115758369028;0;0;
24;2880.0;1332.0;0.03;0.05;0.06;0.0836660026534;0;0;
24;2750.0;1333.0;0.02;0.02;0.0;0.0282842712475;0;0;
24;3003.0;1332.0;-0.04;-0.02;0.15;0.156524758425;0;0;
24;2845.0;1332.0;-0.02;0.0;0.11;0.111803398875;0;0;
24;2975.0;1335.0;0.09;0.04;-0.09;0.133416640641;0;0;
24;3205.0;1333.0;0.0;0.0;0.0;0.0;0;0;
24;2930.0;1333.0;0.04;-0.02;0.04;0.06;0;0;
24;2778.0;1333.0;0.06;0.06;0.03;0.09;0;0;
24;3208.0;1334.0;0.02;0.03;-0.09;0.0969535971483;0;0;
24;2888.0;1332.0;0.02;0.0;0.13;0.13152946438;0;0;
24;2757.0;1333.0;0.06;0.04;0.0;0.0721110255093;0;0;
24;3194.0;1333.0;0.02;0.01;-0.02;0.03;0;0;
24;2773.0;1334.0;0.02;0.0;0.0;0.02;0;0;
24;2918.0;1333.0;0.03;0.0;-0.01;0.0316227766017;0;0;
24;2748.0;1332.0;0.07;0.06;-0.02;0.0943398113206;0;0;
24;3172.0;1332.0;0.09;0.04;-0.06;0.115325625947;0;0;
24;2874.0;1332.0;0.03;0.01;0.02;0.0374165738677;0;0;
24;2869.0;1333.0;0.06;0.03;-0.02;0.07;0;0;
24;3221.0;1333.0;0.07;0.03;-0.02;0.0787400787401;0;0;
24;2823.0;1334.0;0.01;0.0;0.0;0.01;0;0;
24;3084.0;1334.0;0.0;0.01;0.01;0.0141421356237;0;0;
24;2964.0;1333.0;0.07;0.05;-0.01;0.0866025403784;0;0;
24;2887.0;1333.0;0.02;0.03;-0.01;0.0374165738677;0;0;
24;2766.0;1334.0;0.01;0.02;0.04;0.0458257569496;0;0;
24;2817.0;1332.0;0.05;0.02;-0.05;0.0734846922835;0;0;
24;2876.0;1333.0;0.04;0.02;-0.04;0.06;0;0;
24;3217.0;1333.0;0.03;-0.01;0.07;0.0768114574787;0;0;
24;2861.0;1333.0;0.04;0.0;0.05;0.0640312423743;0;0;
24;2817.0;1333.0;0.01;0.0;0.07;0.0707106781187;0;0;
24;3114.0;1333.0;0.04;0.03;-0.04;0.0640312423743;0;0;
24;2946.0;1333.0;0.04;0.0;-0.01;0.0412310562562;0;0;
24;2760.0;1332.0;0.05;0.0;-0.02;0.0538516480713;0;0;
24;2879.0;1333.0;0.05;0.01;0.0;0.0509901951359;0;0;
24;2767.0;1333.0;0.02;0.0;-0.06;0.0632455532034;0;0;
24;3087.0;1333.0;0.02;0.01;-0.05;0.0547722557505;0;0;
24;2872.0;1332.0;0.01;0.02;0.05;0.0547722557505;0;0;
24;2860.0;1333.0;0.02;0.0;-0.05;0.0538516480713;0;0;
24;2975.0;1332.0;0.02;0.0;-0.01;0.022360679775;0;0;
24;2885.0;1333.0;0.0;0.0;0.0;0.0;0;0;
24;2857.0;1332.0;0.03;0.05;-0.02;0.0616441400297;0;0;
24;2890.0;1333.0;0.05;0.01;0.0;0.0509901951359;0;0;
24;3003.0;1333.0;0.03;-0.01;-0.01;0.0331662479036;0;0;
24;2838.0;1332.0;0.02;0.0;0.02;0.0282842712475;0;0;
24;2807.0;1332.0;0.03;0.06;-0.02;0.07;0;0;
24;2882.0;1332.0;0.05;0.02;-0.04;0.067082039325;0;0;
24;2838.0;1334.0;0.02;0.02;0.08;0.0848528137424;0;0;
24;3059.0;1332.0;0.05;0.0;0.06;0.0781024967591;0;0;
24;2842.0;1333.0;0.0;0.0;-0.01;0.01;0;0;
24;3181.0;1334.0;0.04;0.04;0.05;0.0754983443527;0;0;
24;3183.0;1333.0;0.04;0.03;-0.02;0.0538516480713;0;0;
24;2854.0;1333.0;0.03;0.02;0.02;0.0412310562562;0;0;
24;2809.0;1333.0;0.04;0.02;-0.06;0.0748331477355;0;0;
24;2877.0;1333.0;0.03;0.02;0.01;0.0374165738677;0;0;
24;2837.0;1334.0;0.0;0.02;-0.07;0.0728010988928;0;0;
24;2859.0;1333.0;0.05;0.01;0.06;0.0787400787401;0;0;
24;2884.0;1332.0;0.06;0.0;0.04;0.0721110255093;0;0;
24;3031.0;1335.0;0.02;0.0;-0.08;0.0824621125124;0;0;
24;2970.0;1334.0;0.0;0.02;-0.02;0.0282842712475;0;0;
24;2741.0;1334.0;0.07;0.05;-0.02;0.0883176086633;0;0;
24;2873.0;1332.0;0.05;0.02;-0.08;0.0964365076099;0;0;
24;3120.0;1333.0;0.01;0.0;0.11;0.110453610172;0;0;
24;2934.0;1333.0;0.01;0.0;0.03;0.0316227766017;0;0;
24;2770.0;1333.0;0.04;0.03;-0.08;0.0943398113206;0;0;
24;3155.0;1334.0;0.0;0.03;0.02;0.0360555127546;0;0;
24;3116.0;1332.0;0.02;0.05;0.0;0.0538516480713;0;0;
24;2777.0;1333.0;-0.01;0.03;0.07;0.0768114574787;0;0;
24;3209.0;1334.0;0.0;0.01;0.0;0.01;0;0;
24;2831.0;1334.0;0.0;0.01;0.0;0.01;0;0;
24;3226.0;1335.0;0.03;0.01;-0.03;0.0435889894354;0;0;
24;2840.0;1333.0;0.03;0.0;0.0;0.03;0;0;
24;3194.0;1334.0;0.02;-0.01;-0.02;0.03;0;0;
24;2897.0;1334.0;0.03;0.03;0.02;0.0469041575982;0;0;
24;2876.0;1333.0;0.04;0.0;-0.02;0.04472135955;0;0;
24;3230.0;1334.0;0.04;0.0;-0.02;0.04472135955;0;0;
24;3016.0;1333.0;0.03;0.01;0.04;0.0509901951359;0;0;
24;2802.0;1334.0;0.02;0.02;-0.03;0.0412310562562;0;0;
24;3188.0;1334.0;0.02;0.01;-0.04;0.0458257569496;0;0;
24;2878.0;1334.0;0.02;0.03;-0.12;0.125299640861;0;0;
24;2817.0;1332.0;0.01;0.01;-0.04;0.0424264068712;0;0;
24;2903.0;1332.0;0.03;0.0;0.0;0.03;0;0;
24;2746.0;1333.0;0.05;0.04;-0.01;0.0648074069841;0;0;
24;2933.0;1332.0;0.04;0.03;-0.04;0.0640312423743;0;0;
24;3218.0;1333.0;0.02;0.01;0.01;0.0244948974278;0;0;
24;2867.0;1333.0;0.04;0.02;0.05;0.067082039325;0;0;
24;2911.0;1331.0;0.03;0.02;0.04;0.0538516480713;0;0;
24;3080.0;1331.0;0.07;0.03;-0.04;0.0860232526704;0;0;
24;3042.0;1332.0;0.01;0.0;0.03;0.0316227766017;0;0;
24;2959.0;1332.0;0.05;0.0;-0.08;0.0943398113206;0;0;
24;3235.0;1333.0;0.06;0.04;0.0;0.0721110255093;0;0;
24;3234.0;1334.0;0.04;-0.02;-0.04;0.06;0;0;
24;2898.0;1332.0;0.05;0.01;-0.12;0.130384048104;0;0;
24;2721.0;1331.0;0.0;-0.04;0.17;0.174642491966;0;0;
24;3133.0;1334.0;0.0;-0.04;0.17;0.174642491966;0;0;
24;2781.0;1332.0;0.09;0.08;-0.21;0.242074368738;0;0;
24;3215.0;1333.0;0.04;0.02;-0.09;0.100498756211;0;0;
24;2863.0;1334.0;0.0;0.03;0.16;0.162788205961;0;0;
24;3197.0;1334.0;0.01;-0.03;0.05;0.059160797831;0;0;
24;2749.0;1333.0;0.02;0.07;0.11;0.131909059583;0;0;
24;3154.0;1334.0;-0.01;0.0;0.17;0.170293863659;0;0;
24;2892.0;1333.0;0.06;0.0;-0.15;0.161554944214;0;0;
24;3215.0;1334.0;0.0;0.0;0.09;0.09;0;0;
24;2875.0;1331.0;0.02;0.01;-0.09;0.092736184955;0;0;
24;2835.0;1332.0;0.03;0.0;-0.06;0.067082039325;0;0;
24;3033.0;1332.0;0.03;0.01;0.04;0.0509901951359;0;0;
24;2840.0;1332.0;0.02;0.01;-0.08;0.0830662386292;0;0;
24;3199.0;1335.0;0.02;0.05;-0.03;0.0616441400297;0;0;
24;2856.0;1333.0;0.03;0.01;0.12;0.12409673646;0;0;
24;3265.0;1334.0;0.08;0.03;-0.06;0.104403065089;0;0;
24;2864.0;1333.0;0.01;-0.01;0.16;0.160623784042;0;0;
24;2940.0;1333.0;0.05;0.02;-0.02;0.0574456264654;0;0;
24;3025.0;1333.0;0.05;0.01;-0.06;0.0787400787401;0;0;
24;2829.0;1332.0;0.05;0.03;0.0;0.0583095189485;0;0;
24;2862.0;1333.0;0.04;-0.21;-0.61;0.646374504448;0;0;
24;2945.0;1332.0;0.01;0.41;0.79;0.890112352459;0;0;
24;2766.0;1332.0;-0.19;-0.56;0.8;0.994836670012;0;0;
24;3118.0;1335.0;0.01;-0.13;0.38;0.401746188532;0;0;
24;2937.0;1333.0;-0.02;-0.43;-0.54;0.690579466825;0;0;
24;2735.0;1333.0;0.01;-0.18;0.38;0.420594816896;0;0;
24;3101.0;1333.0;-0.01;0.1;0.5;0.51;0;0;
24;3223.0;1334.0;0.02;0.09;-0.06;0.11;0;0;
24;3240.0;1333.0;-0.02;0.02;-0.07;0.0754983443527;0;0;
24;2827.0;1333.0;0.07;-0.07;0.02;0.100995049384;0;0;
24;3225.0;1334.0;0.01;-0.03;0.08;0.0860232526704;0;0;
24;2887.0;1333.0;0.05;0.04;-0.32;0.326343377442;0;0;
24;2786.0;1334.0;0.04;0.0;-0.02;0.04472135955;0;0;
24;2942.0;1334.0;0.08;0.0;-0.32;0.329848450049;0;0;
24;2820.0;1332.0;0.04;0.0;0.02;0.04472135955;0;0;
24;2804.0;1333.0;0.0;0.0;0.27;0.27;0;0;
24;2837.0;1333.0;0.09;0.02;-0.17;0.193390796058;0;0;
24;3060.0;1333.0;0.0;0.01;0.23;0.230217288664;0;0;
24;3020.0;1334.0;0.0;0.01;0.07;0.0707106781187;0;0;
24;2857.0;1334.0;0.1;0.03;-0.09;0.137840487521;0;0;
24;2896.0;1333.0;0.04;0.02;0.0;0.04472135955;0;0;
24;2853.0;1334.0;0.07;0.0;-0.08;0.106301458127;0;0;
24;3195.0;1334.0;-0.01;0.0;0.11;0.110453610172;0;0;
24;2793.0;1335.0;0.02;-0.01;0.0;0.022360679775;0;0;
24;3057.0;1333.0;0.01;-0.01;-0.07;0.0714142842854;0;0;
24;2902.0;1332.0;0.05;0.01;0.0;0.0509901951359;0;0;
24;2824.0;1334.0;0.03;-0.04;-0.02;0.0538516480713;0;0;
24;2775.0;1333.0;0.03;0.01;0.19;0.192613602843;0;0;
24;2915.0;1333.0;0.06;0.03;-0.19;0.201494416796;0;0;
24;2961.0;1333.0;0.04;0.03;0.11;0.120830459736;0;0;
24;2883.0;1333.0;0.06;0.01;-0.03;0.0678232998313;0;0;
24;2885.0;1335.0;0.03;0.04;0.13;0.139283882772;0;0;
24;2882.0;1333.0;0.05;0.01;-0.07;0.0866025403784;0;0;
24;2829.0;1334.0;0.04;0.01;-0.01;0.0424264068712;0;0;
24;3178.0;1335.0;0.02;0.02;0.0;0.0282842712475;0;0;
24;2834.0;1333.0;0.03;0.02;-0.02;0.0412310562562;0;0;
24;3214.0;1334.0;0.03;0.0;0.04;0.05;0;0;
24;2871.0;1332.0;0.05;0.0;-0.09;0.10295630141;0;0;
24;2966.0;1332.0;0.04;0.02;0.08;0.0916515138991;0;0;
24;2833.0;1333.0;0.01;0.0;0.11;0.110453610172;0;0;
24;2915.0;1335.0;0.04;0.01;-0.1;0.108166538264;0;0;
24;3040.0;1333.0;0.01;0.04;0.09;0.0989949493661;0;0;
24;2924.0;1334.0;0.04;0.01;-0.12;0.126885775404;0;0;
24;2791.0;1334.0;0.03;0.01;0.03;0.0435889894354;0;0;
24;3222.0;1334.0;0.03;0.02;0.03;0.0469041575982;0;0;
24;2877.0;1332.0;0.04;0.03;-0.05;0.0707106781187;0;0;
24;3215.0;1334.0;0.02;0.0;0.05;0.0538516480713;0;0;
24;2898.0;1333.0;0.04;0.01;-0.04;0.0574456264654;0;0;
24;2827.0;1334.0;0.07;0.03;-0.06;0.0969535971483;0;0;
24;3066.0;1334.0;0.05;0.0;0.02;0.0538516480713;0;0;
24;3173.0;1333.0;0.07;0.01;-0.06;0.092736184955;0;0;
24;2837.0;1333.0;0.04;0.0;-0.06;0.0721110255093;0;0;
24;2856.0;1333.0;0.09;0.02;-0.14;0.167630546142;0;0;
24;3197.0;1334.0;0.06;0.02;0.0;0.0632455532034;0;0;
24;2839.0;1331.0;0.01;-0.02;0.05;0.0547722557505;0;0;
24;2776.0;1333.0;0.03;0.02;-0.01;0.0374165738677;0;0;
24;2913.0;1332.0;0.02;0.01;-0.01;0.0244948974278;0;0;
24;2930.0;1334.0;0.03;0.0;0.03;0.0424264068712;0;0;
24;2825.0;1334.0;0.07;0.03;-0.02;0.0787400787401;0;0;
24;2873.0;1333.0;0.09;0.01;0.07;0.114455231423;0;0;
24;2749.0;1333.0;0.06;0.0;-0.05;0.0781024967591;0;0;
24;3115.0;1334.0;-0.01;-0.01;0.05;0.0519615242271;0;0;
24;2863.0;1334.0;0.1;0.03;-0.06;0.120415945788;0;0;
24;2734.0;1333.0;0.05;0.01;-0.03;0.059160797831;0;0;
24;3150.0;1333.0;0.06;0.0;0.0;0.06;0;0;
24;2860.0;1331.0;0.05;0.03;-0.06;0.0836660026534;0;0;
24;3199.0;1333.0;0.06;0.02;0.0;0.0632455532034;0;0;
24;2788.0;1334.0;0.01;0.0;0.0;0.01;0;0;
24;3222.0;1335.0;0.01;0.03;-0.02;0.0374165738677;0;0;
24;2858.0;1333.0;0.04;0.0;0.03;0.05;0;0;
24;2761.0;1333.0;0.08;0.03;-0.03;0.0905538513814;0;0;
24;3204.0;1333.0;0.03;0.0;-0.12;0.123693168769;0;0;
24;2828.0;1333.0;0.06;0.05;0.03;0.0836660026534;0;0;
24;3202.0;1333.0;0.07;0.02;-0.12;0.140356688476;0;0;
24;2860.0;1334.0;0.08;0.05;-0.13;0.160623784042;0;0;
24;2843.0;1334.0;0.07;0.03;-0.08;0.110453610172;0;0;
24;3136.0;1333.0;0.07;0.02;-0.02;0.0754983443527;0;0;
24;2941.0;1333.0;0.02;0.0;-0.03;0.0360555127546;0;0;
24;2749.0;1332.0;0.04;0.0;-0.04;0.0565685424949;0;0;
24;3123.0;1334.0;0.05;0.0;-0.01;0.0509901951359;0;0;
24;2842.0;1332.0;0.04;0.0;0.06;0.0721110255093;0;0;
24;3112.0;1334.0;0.04;0.02;0.06;0.0748331477355;0;0;
24;3237.0;1334.0;0.04;0.03;-0.02;0.0538516480713;0;0;
24;3205.0;1334.0;0.03;0.02;0.0;0.0360555127546;0;0;
24;3247.0;1334.0;0.04;-0.01;-0.02;0.0458257569496;0;0;
24;3077.0;1334.0;0.03;0.0;-0.01;0.0316227766017;0;0;
24;3205.0;1334.0;0.05;0.02;-0.01;0.0547722557505;0;0;
24;3227.0;1335.0;0.03;-0.02;0.04;0.0538516480713;0;0;
24;2993.0;1334.0;0.03;0.0;-0.06;0.067082039325;0;0;
24;2952.0;1334.0;0.01;0.0;0.02;0.022360679775;0;0;
24;2870.0;1333.0;0.01;-0.01;0.09;0.0911043357914;0;0;
24;2986.0;1332.0;0.04;0.0;0.02;0.04472135955;0;0;
24;3196.0;1334.0;0.03;0.0;0.0;0.03;0;0;
24;3214.0;1335.0;0.06;0.0;0.0;0.06;0;0;
24;2824.0;1333.0;0.05;0.01;0.05;0.0714142842854;0;0;
24;3213.0;1334.0;0.07;0.03;0.07;0.103440804328;0;0;
24;2858.0;1334.0;0.09;0.03;0.05;0.107238052948;0;0;
24;3217.0;1335.0;0.04;0.02;0.03;0.0538516480713;0;0;
24;2883.0;1333.0;0.11;0.04;-0.05;0.127279220614;0;0;
24;2842.0;1334.0;0.07;0.01;-0.13;0.147986485869;0;0;
24;3108.0;1334.0;0.1;0.04;-0.11;0.153948043183;0;0;
24;2863.0;1333.0;0.05;0.0;-0.03;0.0583095189485;0;0;
24;3150.0;1334.0;0.03;0.02;0.03;0.0469041575982;0;0;
24;3042.0;1332.0;0.0;0.0;-0.07;0.07;0;0;
24;2885.0;1334.0;0.03;-0.01;-0.02;0.0374165738677;0;0;
24;3232.0;1334.0;0.02;-0.01;0.07;0.0734846922835;0;0;
24;2868.0;1333.0;0.0;-0.01;0.0;0.01;0;0;
24;2861.0;1334.0;0.07;0.01;0.06;0.092736184955;0;0;
24;3136.0;1334.0;0.08;0.03;-0.07;0.110453610172;0;0;
24;2804.0;1333.0;0.02;0.0;0.03;0.0360555127546;0;0;
24;3041.0;1334.0;0.09;0.04;-0.09;0.133416640641;0;0;
24;2833.0;1333.0;0.02;0.01;0.04;0.0458257569496;0;0;
24;2864.0;1334.0;0.1;0.02;-0.02;0.103923048454;0;0;
24;2849.0;1333.0;0.07;0.0;0.04;0.080622577483;0;0;
24;3221.0;1335.0;0.0;-0.01;-0.01;0.0141421356237;0;0;
24;3152.0;1334.0;0.09;0.03;-0.04;0.10295630141;0;0;
24;2991.0;1334.0;0.04;0.0;0.04;0.0565685424949;0;0;
24;2843.0;1333.0;0.04;0.0;0.03;0.05;0;0;
24;2882.0;1333.0;0.05;-0.02;0.07;0.0883176086633;0;0;
24;2997.0;1334.0;0.05;0.03;-0.03;0.065574385243;0;0;
24;2774.0;1333.0;0.04;0.02;0.02;0.0489897948557;0;0;
24;3250.0;1334.0;0.04;0.01;0.04;0.0574456264654;0;0;
24;2841.0;1334.0;0.04;0.03;0.01;0.0509901951359;0;0;
24;2873.0;1334.0;0.05;0.0;0.01;0.0509901951359;0;0;
24;2759.0;1333.0;0.09;0.01;-0.06;0.108627804912;0;0;
24;3135.0;1334.0;0.04;0.0;-0.08;0.0894427191;0;0;
24;2915.0;1334.0;0.03;0.0;0.04;0.05;0;0;
24;2892.0;1334.0;0.0;-0.01;0.07;0.0707106781187;0;0;
24;3185.0;1335.0;0.1;0.04;-0.12;0.161245154966;0;0;
24;2913.0;1333.0;0.04;-0.03;-0.02;0.0538516480713;0;0;
24;2873.0;1333.0;0.05;0.03;-0.07;0.0911043357914;0;0;
24;3172.0;1334.0;0.08;0.0;0.02;0.0824621125124;0;0;
24;3248.0;1335.0;0.05;0.01;0.03;0.059160797831;0;0;
24;2807.0;1334.0;0.07;0.03;0.06;0.0969535971483;0;0;
24;3191.0;1334.0;0.05;0.02;0.07;0.0883176086633;0;0;
24;2852.0;1334.0;0.07;0.03;-0.04;0.0860232526704;0;0;
24;3050.0;1335.0;0.08;-0.01;-0.13;0.152970585408;0;0;
24;3129.0;1334.0;0.08;0.05;-0.04;0.10246950766;0;0;
24;2810.0;1335.0;0.09;0.04;-0.13;0.163095064303;0;0;
24;3097.0;1335.0;0.1;0.04;-0.1;0.146969384567;0;0;
24;2842.0;1334.0;0.08;0.01;-0.03;0.0860232526704;0;0;
24;3178.0;1334.0;0.06;0.0;0.0;0.06;0;0;
24;2892.0;1333.0;0.09;0.03;-0.02;0.0969535971483;0;0;
24;2773.0;1333.0;0.09;0.02;0.01;0.092736184955;0;0;
24;2964.0;1333.0;0.07;0.0;0.0;0.07;0;0;
24;2808.0;1333.0;0.08;0.0;0.05;0.0943398113206;0;0;
24;3022.0;1333.0;0.02;0.0;0.04;0.04472135955;0;0;
24;2838.0;1333.0;0.07;0.0;0.05;0.0860232526704;0;0;
24;3152.0;1335.0;0.08;0.01;-0.09;0.120830459736;0;0;
24;3106.0;1334.0;0.02;0.0;0.11;0.111803398875;0;0;
24;2751.0;1333.0;0.07;-0.02;0.02;0.0754983443527;0;0;
24;3221.0;1334.0;0.09;0.04;0.02;0.100498756211;0;0;
24;2880.0;1332.0;0.0;-0.02;0.04;0.04472135955;0;0;
24;3034.0;1333.0;0.0;0.01;0.05;0.0509901951359;0;0;
24;3032.0;1334.0;0.04;0.01;0.04;0.0574456264654;0;0;
24;2845.0;1334.0;0.03;0.0;0.06;0.067082039325;0;0;
24;2912.0;1333.0;0.04;0.0;0.03;0.05;0;0;
24;2746.0;1333.0;0.05;0.0;0.04;0.0640312423743;0;0;
24;2744.0;1333.0;0.04;0.01;0.01;0.0424264068712;0;0;
24;2943.0;1333.0;0.05;0.01;0.02;0.0547722557505;0;0;
24;2786.0;1332.0;0.04;0.0;-0.02;0.04472135955;0;0;
24;3069.0;1334.0;0.02;-0.01;-0.01;0.0244948974278;0;0;
24;2829.0;1333.0;0.01;-0.01;-0.03;0.0331662479036;0;0;
24;3081.0;1336.0;0.03;0.0;0.0;0.03;0;0;
24;3190.0;1334.0;0.08;0.04;0.0;0.0894427191;0;0;
24;2889.0;1334.0;0.05;0.01;0.06;0.0787400787401;0;0;
24;3245.0;1334.0;0.06;0.02;0.0;0.0632455532034;0;0;
24;2858.0;1333.0;0.06;0.01;-0.01;0.0616441400297;0;0;
24;2805.0;1333.0;0.03;0.03;0.07;0.0818535277187;0;0;
24;2868.0;1334.0;0.07;0.0;-0.06;0.0921954445729;0;0;
24;3187.0;1334.0;0.06;0.0;0.03;0.067082039325;0;0;
24;2899.0;1334.0;0.04;0.02;-0.08;0.0916515138991;0;0;
24;2835.0;1334.0;0.07;0.02;0.06;0.0943398113206;0;0;
24;2998.0;1334.0;0.06;0.01;0.01;0.0616441400297;0;0;
24;2779.0;1334.0;0.04;-0.02;-0.05;0.067082039325;0;0;
24;3210.0;1336.0;0.05;0.02;0.0;0.0538516480713;0;0;
24;2862.0;1335.0;0.08;0.0;0.01;0.080622577483;0;0;
24;3099.0;1336.0;0.07;0.01;0.02;0.0734846922835;0;0;
24;2910.0;1333.0;0.04;0.0;0.08;0.0894427191;0;0;
24;2834.0;1333.0;0.04;0.0;0.06;0.0721110255093;0;0;
24;3089.0;1334.0;0.05;0.01;0.08;0.0948683298051;0;0;
24;2973.0;1334.0;0.06;0.03;0.0;0.067082039325;0;0;
24;2842.0;1333.0;0.04;0.0;0.05;0.0640312423743;0;0;
24;3092.0;1334.0;0.07;0.0;-0.03;0.0761577310586;0;0;
24;2902.0;1334.0;0.07;0.0;0.01;0.0707106781187;0;0;
24;3093.0;1333.0;0.06;0.03;-0.01;0.0678232998313;0;0;
24;3219.0;1335.0;0.06;0.02;-0.03;0.07;0;0;
24;2938.0;1334.0;0.07;0.01;-0.04;0.0812403840464;0;0;
24;3037.0;1334.0;0.09;0.01;0.04;0.0989949493661;0;0;
24;2799.0;1334.0;0.06;0.0;-0.05;0.0781024967591;0;0;
24;2950.0;1333.0;0.06;0.01;0.02;0.0640312423743;0;0;
24;2744.0;1333.0;0.06;0.02;0.01;0.0640312423743;0;0;
24;2811.0;1334.0;0.07;0.03;0.08;0.110453610172;0;0;
24;2882.0;1333.0;0.03;0.0;0.08;0.0854400374532;0;0;
24;2800.0;1335.0;0.05;0.03;0.1;0.115758369028;0;0;
24;3236.0;1334.0;0.02;-0.02;0.07;0.0754983443527;0;0;
24;2842.0;1334.0;0.05;0.0;-0.01;0.0509901951359;0;0;
24;3206.0;1334.0;0.08;0.0;-0.03;0.0854400374532;0;0;
24;2961.0;1333.0;0.03;0.01;0.04;0.0509901951359;0;0;
24;2803.0;1332.0;0.06;0.02;0.03;0.07;0;0;
24;3146.0;1334.0;0.06;0.04;0.02;0.0748331477355;0;0;
24;2853.0;1334.0;0.03;0.0;-0.04;0.05;0;0;
24;2798.0;1334.0;0.06;-0.01;0.04;0.0728010988928;0;0;
24;3153.0;1334.0;0.04;0.01;0.01;0.0424264068712;0;0;
24;2856.0;1334.0;0.06;0.02;0.02;0.0663324958071;0;0;
24;2772.0;1334.0;0.07;0.02;0.04;0.0830662386292;0;0;
24;2854.0;1333.0;0.03;0.02;0.0;0.0360555127546;0;0;
24;3064.0;1335.0;0.05;0.03;-0.01;0.059160797831;0;0;
24;3019.0;1335.0;0.05;-0.01;0.0;0.0509901951359;0;0;
24;3183.0;1333.0;0.04;0.03;0.0;0.05;0;0;
24;2874.0;1333.0;0.04;0.0;-0.08;0.0894427191;0;0;
24;2841.0;1333.0;0.06;0.0;-0.04;0.0721110255093;0;0;
24;3145.0;1333.0;0.04;0.0;-0.08;0.0894427191;0;0;
24;2855.0;1334.0;0.06;0.0;0.06;0.0848528137424;0;0;
24;2856.0;1334.0;0.04;0.01;-0.03;0.0509901951359;0;0;
24;2924.0;1335.0;0.04;0.03;0.05;0.0707106781187;0;0;
24;2850.0;1334.0;0.08;0.01;0.02;0.0830662386292;0;0;
24;3126.0;1335.0;0.09;0.03;-0.05;0.107238052948;0;0;
24;3207.0;1334.0;0.02;-0.01;0.09;0.092736184955;0;0;
24;2789.0;1333.0;0.05;0.02;-0.07;0.0883176086633;0;0;
24;3053.0;1333.0;0.08;0.01;-0.1;0.128452325787;0;0;
24;2860.0;1333.0;0.07;0.04;-0.08;0.113578166916;0;0;
24;2757.0;1333.0;0.08;0.02;-0.03;0.0877496438739;0;0;
24;3089.0;1334.0;0.05;0.02;0.04;0.067082039325;0;0;
24;2852.0;1332.0;0.05;0.03;0.05;0.0768114574787;0;0;
24;3180.0;1335.0;0.06;0.04;0.09;0.115325625947;0;0;
24;2836.0;1332.0;0.03;0.0;0.12;0.123693168769;0;0;
24;3194.0;1335.0;0.06;0.03;0.0;0.067082039325;0;0;
24;2972.0;1333.0;0.02;0.01;0.12;0.122065556157;0;0;
24;2979.0;1333.0;0.04;0.0;0.05;0.0640312423743;0;0;
24;2986.0;1334.0;0.07;0.0;-0.08;0.106301458127;0;0;
24;2837.0;1333.0;0.02;-0.02;0.08;0.0848528137424;0;0;
24;2774.0;1333.0;0.09;0.03;-0.07;0.117898261226;0;0;
24;3095.0;1334.0;0.09;0.0;-0.05;0.10295630141;0;0;
24;2776.0;1334.0;0.02;0.02;0.08;0.0848528137424;0;0;
24;3180.0;1335.0;0.09;0.01;-0.03;0.0953939201417;0;0;
24;2752.0;1335.0;0.06;-0.01;-0.03;0.0678232998313;0;0;
24;3196.0;1334.0;0.06;-0.01;0.01;0.0616441400297;0;0;
24;2899.0;1334.0;0.02;-0.01;-0.01;0.0244948974278;0;0;
24;2888.0;1333.0;0.05;0.01;0.05;0.0714142842854;0;0;
24;2949.0;1333.0;0.05;0.01;0.0;0.0509901951359;0;0;
24;2863.0;1332.0;0.06;0.03;0.02;0.07;0;0;
24;3214.0;1335.0;0.02;0.01;0.05;0.0547722557505;0;0;
24;2868.0;1333.0;0.05;0.0;0.03;0.0583095189485;0;0;
24;2905.0;1333.0;0.05;0.01;0.09;0.103440804328;0;0;
24;2710.0;1333.0;0.05;0.02;-0.01;0.0547722557505;0;0;
24;2773.0;1332.0;0.06;0.01;-0.03;0.0678232998313;0;0;
24;2941.0;1334.0;0.07;0.02;-0.01;0.0734846922835;0;0;
24;3181.0;1335.0;0.08;0.03;-0.04;0.0943398113206;0;0;
24;3198.0;1334.0;0.07;0.0;-0.01;0.0707106781187;0;0;
24;2923.0;1334.0;0.1;0.02;-0.07;0.123693168769;0;0;
24;2991.0;1333.0;0.1;0.02;-0.06;0.118321595662;0;0;
24;3209.0;1334.0;0.04;0.01;0.03;0.0509901951359;0;0;
24;2814.0;1334.0;0.05;0.02;-0.03;0.0616441400297;0;0;
24;2959.0;1333.0;0.05;0.02;0.03;0.0616441400297;0;0;
24;2865.0;1333.0;0.07;0.03;0.03;0.0818535277187;0;0;
24;2783.0;1332.0;0.06;0.0;0.08;0.1;0;0;
24;3035.0;1332.0;0.07;0.03;0.09;0.117898261226;0;0;
24;2895.0;1334.0;0.08;0.03;-0.16;0.181383571472;0;0;
24;3073.0;1334.0;0.12;0.06;-0.01;0.134536240471;0;0;
24;3054.0;1334.0;0.12;0.06;-0.14;0.193907194297;0;0;
24;2837.0;1334.0;0.09;0.02;-0.13;0.159373774505;0;0;
24;2835.0;1334.0;0.09;0.02;-0.07;0.115758369028;0;0;
24;2966.0;1333.0;0.1;0.0;-0.01;0.100498756211;0;0;
24;2819.0;1333.0;0.11;0.04;-0.01;0.117473401245;0;0;
24;3073.0;1334.0;0.05;-0.01;-0.01;0.0519615242271;0;0;
24;2872.0;1334.0;0.06;-0.01;0.07;0.092736184955;0;0;
24;2996.0;1335.0;0.06;0.03;0.04;0.0781024967591;0;0;
24;2930.0;1333.0;0.04;0.02;0.13;0.137477270849;0;0;
24;3088.0;1333.0;0.03;-0.03;0.12;0.127279220614;0;0;
24;2966.0;1335.0;0.07;0.03;0.03;0.0818535277187;0;0;
24;2759.0;1334.0;0.05;0.0;0.12;0.13;0;0;
24;3161.0;1333.0;0.07;0.02;0.0;0.0728010988928;0;0;
24;2901.0;1333.0;0.1;0.02;-0.02;0.103923048454;0;0;
24;2822.0;1333.0;0.64;-0.26;0.18;0.713862731903;0;0;
24;3199.0;1301.0;0.66;0.35;-3.07;3.15958858081;0;20;
24;2759.0;1301.0;-0.51;-0.31;-0.55;0.811603351398;0;15;
24;3340.0;1267.0;1.51;1.01;-2.44;3.04200591715;0;35;
24;2859.0;1286.0;0.4;0.65;-0.42;0.871148666991;0;30;
24;3218.0;1291.0;0.14;0.16;-0.7;0.731573646327;0;25;
24;3182.0;1305.0;0.17;0.5;0.19;0.561248608016;0;20;
24;3164.0;1318.0;0.09;-0.05;-0.13;0.165831239518;0;15;
24;2887.0;1318.0;0.05;-0.03;0.0;0.0583095189485;0;10;
24;2767.0;1324.0;0.03;0.02;0.0;0.0360555127546;0;5;
24;3168.0;1328.0;0.06;-0.02;-0.12;0.135646599663;0;0;
24;2865.0;1328.0;0.03;0.01;0.12;0.12409673646;0;0;
24;2765.0;1330.0;0.06;0.01;-0.05;0.0787400787401;0;0;
24;2880.0;1329.0;0.06;0.01;-0.13;0.143527000944;0;0;
24;3202.0;1331.0;0.11;-0.01;-0.61;0.619919349593;0;0;
24;3197.0;1333.0;0.71;0.34;-0.95;1.2337746958;0;0;
24;2779.0;1331.0;0.18;0.04;-0.31;0.360693775937;0;0;
24;3178.0;1333.0;0.13;-0.22;0.12;0.28231188427;0;0;
24;2883.0;1332.0;0.15;-0.03;-0.62;0.638592201644;0;0;
24;3117.0;1333.0;-0.09;-0.01;0.52;0.527825728816;0;0;
24;3223.0;1333.0;-0.23;-0.3;-0.33;0.501796771612;0;0;
24;3045.0;1332.0;0.26;0.07;-0.53;0.594474557908;0;0;
24;3231.0;1334.0;0.08;0.09;-0.02;0.122065556157;0;0;
24;3132.0;1335.0;0.01;0.0;0.32;0.320156211872;0;0;
24;3006.0;1335.0;-0.05;-0.07;0.23;0.245560583156;0;0;
24;2870.0;1323.0;1.45;0.58;0.31;1.59216833281;0;0;
24;2869.0;1321.0;1.3;0.1;-0.29;1.33570206259;0;0;
24;2822.0;1307.0;0.09;0.1;0.01;0.134907375632;0;0;
24;2786.0;1291.0;-0.45;0.59;-0.5;0.894762538331;0;0;
24;3152.0;1267.0;-0.48;0.14;-0.23;0.550363516233;0;0;
24;2923.0;1268.0;-0.65;-0.84;-0.25;1.09114618636;0;0;
24;3162.0;1290.0;0.02;-0.16;-0.16;0.227156333832;0;0;
24;2891.0;1290.0;0.06;0.25;-0.13;0.288097205818;0;0;
24;2750.0;1295.0;-0.09;-0.52;0.53;0.747930478053;0;0;
24;2824.0;1305.0;0.32;-0.1;0.0;0.335261092285;0;0;
24;2881.0;1310.0;0.04;0.14;-0.06;0.15748015748;0;0;
24;2881.0;1313.0;0.04;0.14;-0.06;0.15748015748;0;0;
24;3126.0;1314.0;0.25;0.25;-0.02;0.354118624193;0;0;
24;2722.0;1316.0;0.04;0.3;0.0;0.302654919008;0;0;
24;3211.0;1318.0;-0.14;-0.05;0.35;0.380263066837;0;0;
24;2888.0;1318.0;0.1;0.48;-0.02;0.490713765855;0;0;
24;2705.0;1318.0;-0.48;-0.08;0.66;0.82;0;0;
24;3224.0;1318.0;-0.46;-0.59;0.66;0.997647232242;0;0;
24;2839.0;1312.0;-0.03;0.07;0.43;0.436692111218;0;0;
24;3151.0;1308.0;-0.18;-0.12;-0.18;0.281424945589;0;0;
24;2939.0;1307.0;0.15;-0.12;-0.21;0.284604989415;0;0;
24;2707.0;1308.0;0.0;-0.14;-0.06;0.152315462117;0;0;
24;2954.0;1312.0;0.17;-0.31;0.2;0.406201920232;0;0;
24;2904.0;1313.0;0.43;0.35;-0.22;0.59648973168;0;0;
24;3257.0;1311.0;0.19;-0.18;0.64;0.691447756523;0;0;
24;2995.0;1308.0;0.25;-1.09;-0.92;1.44810220634;0;0;
24;3263.0;1307.0;0.56;-0.05;-0.62;0.836958780347;0;0;
24;2984.0;1309.0;-0.95;-0.3;2.5;2.69118932816;0;20;
24;3046.0;1310.0;0.7;0.0;-0.85;1.10113577728;0;15;
24;2888.0;1309.0;0.64;0.1;-1.43;1.5698726063;0;10;
24;2902.0;1317.0;0.96;-1.42;-2.96;3.42046780426;0;30;
24;2883.0;1314.0;0.56;0.1;-1.46;1.56690778286;0;25;
24;2880.0;1316.0;0.47;0.12;-1.47;1.5479664079;0;20;
24;2900.0;1317.0;-0.63;0.16;-0.62;0.898276126812;0;15;
24;3006.0;1314.0;0.15;0.19;-1.17;1.19478031453;0;10;
24;2898.0;1330.0;-0.27;0.52;-0.96;1.12467773162;0;5;
24;2941.0;1313.0;-0.61;-0.85;-1.15;1.5547025439;0;0;
24;3032.0;1251.0;-0.56;-0.54;1.25;1.47231110843;0;0;
24;2834.0;1249.0;-0.41;-0.13;0.28;0.513225096814;0;0;
24;3159.0;1234.0;-0.4;-0.28;-0.27;0.557942649383;0;0;
24;2821.0;1169.0;-0.24;-0.72;3.39;3.47391709746;0;20;
24;3021.0;1248.0;0.05;0.41;1.01;1.09119200877;0;15;
24;2978.0;1233.0;0.21;0.08;2.07;2.08216233757;0;35;
24;2864.0;1301.0;0.39;0.46;0.15;0.621449917532;0;30;
24;2961.0;1195.0;-0.14;0.35;2.32;2.35042549339;0;50;
24;2834.0;1198.0;-0.01;0.35;1.53;1.5695540768;0;45;
24;2951.0;1427.0;-0.35;0.59;1.34;1.50539031484;0;40;
24;2865.0;1253.0;0.11;-0.06;-2.32;2.32338115685;0;60;
24;3114.0;1203.0;0.09;-0.11;-2.38;2.38423992081;0;80;
24;3168.0;1285.0;0.08;0.2;-3.47;3.47667945028;0;100;
24;2844.0;1188.0;0.01;0.31;-3.13;3.14532987141;0;120;
24;3086.0;1195.0;0.03;0.23;-2.8;2.80959071752;0;140;
24;2830.0;1208.0;-0.28;0.25;-1.95;1.98579958707;0;135;
24;2880.0;1229.0;0.04;0.39;-0.46;0.60440052945;0;130;
24;2900.0;1238.0;0.16;0.31;-0.32;0.473392015142;0;125;
24;2911.0;1262.0;0.08;0.04;0.47;0.478434948556;0;120;
24;2845.0;1272.0;-0.13;-0.12;2.82;2.82554419537;0;140;
24;3055.0;1274.0;-0.21;0.0;2.95;2.95746513082;0;160;
24;2931.0;1277.0;0.01;-0.26;2.43;2.44389034124;0;180;
24;3029.0;1288.0;-0.03;-0.02;2.45;2.45026529176;0;200;
24;2942.0;1288.0;0.04;0.01;1.68;1.68050587622;0;195;
24;2869.0;1292.0;-0.11;-0.04;0.84;0.848115558164;0;190;
24;3133.0;1296.0;-0.06;0.03;-0.39;0.395727178748;0;185;
24;2852.0;1296.0;-0.06;0.05;-0.47;0.476445169983;0;180;
24;2851.0;1299.0;0.07;0.14;-1.55;1.55788317919;0;175;
24;2885.0;1304.0;0.4;0.36;-2.49;2.54748895974;0;195;
24;2948.0;1306.0;0.43;0.44;-2.37;2.44855059168;0;215;
24;3097.0;1307.0;0.52;0.49;-2.36;2.46578587878;0;235;
24;2855.0;1164.0;0.72;0.5;-2.21;2.37749868559;0;255;
24;3135.0;1149.0;0.69;0.45;-1.58;1.78185296812;0;250;
24;2860.0;1096.0;0.22;0.29;-0.3;0.471699056603;0;245;
24;2851.0;1231.0;-0.42;-0.3;1.52;1.60524141487;0;240;
24;3180.0;1177.0;-0.5;-0.36;2.11;2.19811282695;0;260;
24;2951.0;1082.0;-0.36;-0.34;2.51;2.55837839265;0;280;
24;3122.0;1149.0;-0.2;-0.41;2.08;2.12943654519;0;300;
24;2873.0;1156.0;-0.08;-0.45;1.77;1.82805908001;0;295;
24;2817.0;1152.0;-0.29;0.06;2.07;2.0910762779;0;315;
24;3121.0;1097.0;-0.04;0.07;0.64;0.645058136915;0;310;
24;2846.0;1090.0;-0.15;0.11;0.37;0.414125584817;0;305;
24;2863.0;1083.0;0.15;-0.05;-0.76;0.776273147803;0;300;
24;3024.0;1126.0;0.27;0.13;-1.46;1.49043617777;0;295;
24;2849.0;1130.0;0.39;0.12;-1.76;1.80668204175;0;290;
24;2871.0;1160.0;0.28;0.12;-0.55;0.628728876385;0;285;
24;2910.0;1167.0;0.69;0.16;-0.37;0.79912452096;0;280;
24;2915.0;1142.0;0.64;0.15;-0.31;0.726773692424;0;275;
24;2844.0;1169.0;0.71;0.23;-0.81;1.10140818955;0;270;
24;3068.0;1209.0;0.43;-0.2;-1.12;1.21626477381;0;265;
24;2862.0;1215.0;0.38;-0.26;-1.09;1.18325821358;0;260;
24;2857.0;1221.0;0.44;-0.14;-0.31;0.556147462459;0;255;
24;2868.0;1174.0;-0.01;-0.07;0.27;0.279105714739;0;250;
24;2990.0;1178.0;-0.1;-0.04;0.4;0.414246303544;0;245;
24;3125.0;1200.0;-0.7;-0.24;1.5;1.67260276216;0;240;
24;2880.0;1227.0;-0.97;-0.19;2.7;2.87523912049;0;260;
24;2898.0;1230.0;-0.81;-0.11;2.74;2.85933558716;0;280;
24;3087.0;1242.0;-0.49;0.05;1.99;2.05004877991;0;300;
24;3041.0;1255.0;0.11;0.04;0.22;0.249198715888;0;295;
24;3169.0;1256.0;0.17;0.11;0.06;0.211187120819;0;290;
24;2949.0;1261.0;0.22;0.14;-0.34;0.428485705713;0;285;
24;3154.0;1270.0;0.53;0.24;-1.08;1.226743657;0;280;
24;3135.0;1260.0;0.58;0.26;-1.12;1.28778880256;0;275;
24;2872.0;1233.0;0.64;0.24;-1.22;1.39842768851;0;270;
24;3038.0;1261.0;0.84;0.03;-1.32;1.56489616269;0;265;
24;2855.0;1266.0;0.82;-0.21;-1.04;1.34093251135;0;260;
24;2928.0;1290.0;0.43;0.44;-0.56;0.831925477432;0;255;
24;2935.0;1310.0;0.21;0.06;-1.38;1.39717572266;0;250;
24;2852.0;1312.0;0.14;-0.06;-1.33;1.33869339283;0;245;
24;3157.0;1316.0;0.05;-0.2;-1.5;1.51410039297;0;240;
24;2837.0;1225.0;-0.19;0.26;0.5;0.594726828048;0;235;
24;2872.0;1177.0;-0.39;0.32;0.76;0.912195154558;0;230;
24;3100.0;1113.0;-0.41;0.14;1.12;1.20087468122;0;225;
24;2967.0;1153.0;-0.34;-0.14;1.05;1.11251966275;0;220;
24;2816.0;1113.0;-0.25;-0.35;0.69;0.813080561814;0;215;
24;3001.0;1183.0;-0.1;-0.07;0.17;0.209284495365;0;210;
24;2878.0;1179.0;0.56;0.2;-0.96;1.12924753708;0;205;
24;3482.0;1207.0;0.64;0.27;-1.15;1.34350288425;0;200;
24;3149.0;1286.0;0.5;-0.87;-2.51;2.70314631494;0;220;
24;2824.0;1275.0;-0.08;-0.05;0.44;0.45;0;215;
24;3095.0;1282.0;-0.37;0.07;1.39;1.4401041629;0;210;
24;2910.0;1302.0;0.07;-0.13;-0.26;0.298998327755;0;205;
24;2996.0;1359.0;0.11;0.23;-1.32;1.34439577506;0;200;
24;2892.0;1368.0;0.0;0.19;-0.57;0.600832755432;0;195;
24;2879.0;1306.0;0.25;0.06;2.14;2.15538859605;0;215;
24;3110.0;1308.0;-0.06;-0.84;1.15;1.42537714307;0;210;
24;2956.0;1305.0;-0.36;-0.07;1.34;1.38928038927;0;205;
24;2928.0;1308.0;-0.36;-0.02;0.6;0.7;0;200;
24;3057.0;1395.0;1.16;0.17;-2.95;3.17442908253;0;220;
24;2808.0;1360.0;-0.04;-0.15;0.03;0.158113883008;0;215;
24;3110.0;1352.0;0.06;-0.14;0.28;0.31874754901;0;210;
24;3043.0;1279.0;0.19;-0.26;0.61;0.689782574439;0;205;
24;2911.0;1294.0;-0.03;-0.08;0.32;0.331209903234;0;200;
24;3204.0;1294.0;0.13;0.06;-0.32;0.350570962859;0;195;
24;2903.0;1300.0;0.0;-0.03;0.0;0.03;0;190;
24;2986.0;1347.0;0.53;0.17;-0.25;0.610163912404;0;185;
24;2999.0;1400.0;-0.16;-0.43;0.5;0.678601503093;0;180;
24;2874.0;1360.0;-0.05;-0.06;0.17;0.187082869339;0;175;
24;2897.0;1308.0;0.2;0.38;-0.28;0.512640224719;0;170;
24;3253.0;1320.0;-0.11;0.65;-0.45;0.798185442112;0;165;
24;2845.0;1324.0;0.78;0.5;-1.19;1.50814455541;0;160;
24;2762.0;1317.0;0.11;-0.22;-0.38;0.45265881191;0;155;
24;3125.0;1322.0;0.0;0.02;0.1;0.101980390272;0;150;
24;2887.0;1323.0;-0.02;-0.02;0.21;0.211896201004;0;145;
24;2836.0;1326.0;0.0;-0.02;0.13;0.13152946438;0;140;
24;2914.0;1327.0;0.01;-0.01;0.07;0.0714142842854;0;135;
24;2859.0;1329.0;0.04;-0.01;-0.02;0.0458257569496;0;130;
24;2941.0;1330.0;0.01;-0.03;-0.01;0.0331662479036;0;125;
24;2960.0;1331.0;0.06;-0.02;-0.02;0.0663324958071;0;120;
24;2765.0;1331.0;0.03;-0.04;-0.05;0.0707106781187;0;115;
24;3141.0;1332.0;0.06;-0.03;-0.01;0.0678232998313;0;110;
24;2937.0;1331.0;0.05;-0.03;-0.03;0.065574385243;0;105;
24;2957.0;1331.0;0.05;-0.05;0.08;0.10677078252;0;100;
24;2907.0;1331.0;0.07;-0.04;-0.08;0.113578166916;0;95;
24;3061.0;1332.0;0.08;-0.02;-0.02;0.0848528137424;0;90;
24;3013.0;1331.0;0.01;-0.04;0.01;0.0424264068712;0;85;
24;2787.0;1332.0;0.03;0.0;-0.03;0.0424264068712;0;80;
24;3027.0;1331.0;0.08;-0.01;-0.02;0.0830662386292;0;75;
24;2831.0;1331.0;0.07;-0.03;-0.05;0.0911043357914;0;70;
24;3076.0;1332.0;0.05;-0.01;-0.03;0.059160797831;0;65;
24;2896.0;1332.0;0.06;0.01;0.0;0.060827625303;0;60;
24;2858.0;1332.0;0.05;-0.02;-0.02;0.0574456264654;0;55;
24;2916.0;1333.0;0.05;-0.03;0.03;0.065574385243;0;50;
24;3124.0;1332.0;0.07;0.0;-0.01;0.0707106781187;0;45;
24;2894.0;1331.0;0.09;-0.03;-0.05;0.107238052948;0;40;
24;3027.0;1338.0;0.0;0.06;0.11;0.125299640861;0;35;
24;2889.0;1337.0;0.02;-0.01;0.02;0.03;0;30;
24;2877.0;1335.0;0.07;-0.07;-0.02;0.100995049384;0;25;
24;3392.0;1334.0;0.02;-0.07;-0.07;0.100995049384;0;20;
24;3205.0;1333.0;0.05;-0.03;0.03;0.065574385243;0;15;
24;2841.0;1332.0;0.0;-0.05;-0.03;0.0583095189485;0;10;
24;2997.0;1333.0;0.02;-0.06;-0.04;0.0748331477355;0;5;
24;3092.0;1333.0;0.01;-0.01;-0.01;0.0173205080757;0;0;
24;3091.0;1333.0;0.03;-0.02;0.03;0.0469041575982;0;0;
24;2915.0;1331.0;0.03;-0.02;0.09;0.0969535971483;0;0;
24;3168.0;1333.0;0.04;0.0;-0.05;0.0640312423743;0;0;
24;2849.0;1332.0;0.06;-0.06;-0.12;0.146969384567;0;0;
24;2968.0;1334.0;0.01;-0.05;0.11;0.12124355653;0;0;
24;2882.0;1333.0;0.05;-0.05;-0.12;0.139283882772;0;0;
24;3162.0;1334.0;0.08;-0.02;-0.12;0.145602197786;0;0;
24;2906.0;1331.0;0.04;0.0;0.1;0.107703296143;0;0;
24;2882.0;1331.0;0.06;-0.03;-0.04;0.0781024967591;0;0;
24;2893.0;1333.0;0.04;-0.02;0.08;0.0916515138991;0;0;
24;3127.0;1332.0;0.03;-0.04;0.03;0.0583095189485;0;0;
24;2830.0;1331.0;0.04;-0.07;0.06;0.100498756211;0;0;
24;3196.0;1332.0;0.04;0.01;-0.08;0.09;0;0;
24;2821.0;1331.0;0.02;-0.05;0.0;0.0538516480713;0;0;
24;3038.0;1331.0;0.05;-0.02;-0.01;0.0547722557505;0;0;
24;2833.0;1332.0;0.04;-0.02;0.01;0.0458257569496;0;0;
24;2765.0;1332.0;0.05;-0.02;-0.03;0.0616441400297;0;0;
24;2884.0;1332.0;0.01;0.0;0.04;0.0412310562562;0;0;
24;2951.0;1333.0;0.01;-0.04;-0.03;0.0509901951359;0;0;
24;3106.0;1332.0;0.04;-0.03;-0.03;0.0583095189485;0;0;
24;2843.0;1331.0;0.04;-0.04;0.05;0.0754983443527;0;0;
24;3112.0;1333.0;0.02;-0.06;-0.06;0.0871779788708;0;0;
24;2756.0;1332.0;0.03;-0.06;-0.02;0.07;0;0;
24;3132.0;1333.0;0.03;-0.06;-0.02;0.07;0;0;
24;2850.0;1332.0;0.04;-0.03;0.0;0.05;0;0;
24;3029.0;1333.0;0.03;0.0;-0.03;0.0424264068712;0;0;
24;2916.0;1333.0;0.06;-0.04;0.0;0.0721110255093;0;0;
24;2856.0;1331.0;0.05;-0.06;-0.03;0.0836660026534;0;0;
24;3089.0;1333.0;0.04;-0.05;0.01;0.0648074069841;0;0;
