24;3496.0;1215.0;0.0;0.01;0.02;0.022360679775;0;0;
24;3779.0;1218.0;0.0;0.0;0.0;0.0;0;0;
24;3951.0;1217.0;0.01;0.0;-0.01;0.0141421356237;0;0;
24;3535.0;1218.0;0.02;0.0;0.0;0.02;0;0;
24;3875.0;1216.0;0.0;0.02;0.0;0.02;0;0;
24;3791.0;1216.0;0.0;0.01;-0.03;0.0316227766017;0;0;
24;3654.0;1217.0;-0.01;0.01;-0.01;0.0173205080757;0;0;
24;3916.0;1217.0;0.02;0.01;-0.05;0.0547722557505;0;0;
24;3919.0;1218.0;-0.01;0.0;-0.04;0.0412310562562;0;0;
24;3699.0;1218.0;-0.01;-0.02;0.04;0.0458257569496;0;0;
24;3992.0;1217.0;0.0;0.0;-0.07;0.07;0;0;
24;4050.0;1218.0;0.03;0.01;-0.02;0.0374165738677;0;0;
24;3926.0;1217.0;-0.01;0.0;-0.03;0.0316227766017;0;0;
24;4002.0;1217.0;0.0;0.02;-0.06;0.0632455532034;0;0;
24;4004.0;1218.0;0.0;-0.02;0.01;0.022360679775;0;0;
24;3506.0;1218.0;0.0;-0.03;0.06;0.067082039325;0;0;
24;3873.0;1217.0;0.02;0.04;-0.02;0.0489897948557;0;0;
24;3932.0;1217.0;0.04;0.03;-0.07;0.0860232526704;0;0;
24;3395.0;1218.0;-0.03;-0.02;0.01;0.0374165738677;0;0;
24;3735.0;1217.0;-0.03;-0.02;0.01;0.0374165738677;0;0;
24;3871.0;1216.0;-0.02;-0.03;-0.07;0.0787400787401;0;0;
24;3940.0;1217.0;0.0;0.01;0.02;0.022360679775;0;0;
24;3375.0;1217.0;0.04;0.04;0.01;0.0574456264654;0;0;
24;3655.0;1216.0;0.02;0.03;-0.01;0.0374165738677;0;0;
24;3926.0;1218.0;0.03;0.04;-0.08;0.0943398113206;0;0;
24;3940.0;1216.0;0.0;0.01;-0.04;0.0412310562562;0;0;
24;3548.0;1216.0;-0.02;-0.03;0.04;0.0538516480713;0;0;
24;4044.0;1216.0;0.03;0.02;-0.04;0.0538516480713;0;0;
24;4095.0;1216.0;0.03;0.0;-0.02;0.0360555127546;0;0;
24;3574.0;1218.0;0.02;0.01;0.04;0.0458257569496;0;0;
24;3962.0;1217.0;-0.01;0.03;-0.06;0.0678232998313;0;0;
24;3927.0;1216.0;-0.02;-0.04;0.0;0.04472135955;0;0;
24;3426.0;1217.0;-0.03;-0.01;0.01;0.0331662479036;0;0;
24;3808.0;1217.0;0.01;0.01;0.05;0.0519615242271;0;0;
24;3989.0;1217.0;0.0;0.0;0.0;0.0;0;0;
24;3399.0;1217.0;-0.01;-0.02;0.01;0.0244948974278;0;0;
24;3851.0;1217.0;-0.02;0.0;-0.07;0.0728010988928;0;0;
24;3796.0;1217.0;0.0;0.0;0.03;0.03;0;0;
24;3467.0;1216.0;0.02;0.03;0.01;0.0374165738677;0;0;
24;3931.0;1218.0;-0.01;0.0;-0.01;0.0141421356237;0;0;
24;4092.0;1216.0;0.01;0.0;0.0;0.01;0;0;
24;3501.0;1217.0;-0.02;0.0;0.0;0.02;0;0;
24;3894.0;1216.0;0.0;-0.02;0.06;0.0632455532034;0;0;
24;3988.0;1217.0;0.02;0.01;-0.03;0.0374165738677;0;0;
24;3797.0;1217.0;0.0;0.01;0.03;0.0316227766017;0;0;
24;3861.0;1217.0;-0.01;0.0;0.0;0.01;0;0;
24;3913.0;1217.0;0.0;0.0;-0.04;0.04;0;0;
24;3880.0;1217.0;-0.03;-0.01;-0.05;0.059160797831;0;0;
24;3991.0;1216.0;-0.01;-0.02;-0.02;0.03;0;0;
24;3424.0;1216.0;0.01;0.03;0.05;0.059160797831;0;0;
24;3778.0;1217.0;-0.02;0.01;-0.08;0.0830662386292;0;0;
24;3819.0;1217.0;0.02;0.01;0.0;0.022360679775;0;0;
24;3873.0;1217.0;0.01;0.05;-0.02;0.0547722557505;0;0;
24;3302.0;1218.0;-0.04;0.0;0.0;0.04;0;0;
24;3419.0;1218.0;0.0;0.02;0.0;0.02;0;0;
24;3926.0;1216.0;-0.04;0.0;-0.04;0.0565685424949;0;0;
24;3983.0;1217.0;-0.02;-0.03;-0.03;0.0469041575982;0;0;
24;3908.0;1218.0;-0.01;0.0;0.0;0.01;0;0;
24;3620.0;1217.0;0.0;0.0;0.01;0.01;0;0;
24;3796.0;1217.0;0.03;0.0;0.0;0.03;0;0;
24;3972.0;1216.0;0.03;0.0;-0.06;0.067082039325;0;0;
24;3620.0;1217.0;0.03;0.02;-0.01;0.0374165738677;0;0;
24;3596.0;1217.0;-0.03;-0.02;0.01;0.0374165738677;0;0;
24;3828.0;1218.0;-0.01;0.0;0.0;0.01;0;0;
24;3903.0;1216.0;-0.01;-0.03;0.02;0.0374165738677;0;0;
24;3856.0;1216.0;0.0;0.03;-0.11;0.11401754251;0;0;
24;3899.0;1217.0;0.0;0.0;0.0;0.0;0;0;
24;3357.0;1217.0;-0.01;0.01;0.03;0.0331662479036;0;0;
24;3761.0;1218.0;0.0;0.0;0.01;0.01;0;0;
24;3416.0;1217.0;0.0;0.0;0.02;0.02;0;0;
24;3807.0;1218.0;-0.03;-0.01;0.0;0.0316227766017;0;0;
24;3875.0;1218.0;-0.01;0.0;-0.09;0.0905538513814;0;0;
24;3511.0;1217.0;0.02;0.01;0.01;0.0244948974278;0;0;
24;3923.0;1218.0;0.03;-0.01;-0.03;0.0435889894354;0;0;
24;3408.0;1217.0;0.0;0.01;0.02;0.022360679775;0;0;
24;3586.0;1218.0;0.0;0.03;0.01;0.0316227766017;0;0;
24;3575.0;1219.0;-0.01;-0.01;0.07;0.0714142842854;0;0;
24;3998.0;1218.0;0.02;0.03;0.0;0.0360555127546;0;0;
24;4034.0;1216.0;0.01;0.0;-0.07;0.0707106781187;0;0;
24;3936.0;1219.0;0.0;0.01;-0.1;0.100498756211;0;0;
24;3499.0;1218.0;0.0;0.0;0.0;0.0;0;0;
24;3863.0;1217.0;0.0;-0.01;-0.02;0.022360679775;0;0;
24;3839.0;1217.0;0.0;0.02;0.0;0.02;0;0;
24;3817.0;1216.0;0.0;0.0;0.01;0.01;0;0;
24;3949.0;1217.0;0.0;-0.01;-0.01;0.0141421356237;0;0;
24;3382.0;1216.0;0.0;-0.01;0.04;0.0412310562562;0;0;
24;3840.0;1218.0;0.0;0.01;-0.08;0.080622577483;0;0;
24;3708.0;1218.0;0.0;0.01;0.01;0.0141421356237;0;0;
24;3515.0;1217.0;0.0;-0.02;0.02;0.0282842712475;0;0;
24;3899.0;1217.0;0.0;0.02;0.0;0.02;0;0;
24;3424.0;1217.0;0.02;0.03;0.0;0.0360555127546;0;0;
24;3718.0;1218.0;0.0;0.01;0.02;0.022360679775;0;0;
24;3502.0;1217.0;0.02;0.02;0.0;0.0282842712475;0;0;
24;3872.0;1217.0;-0.03;-0.01;-0.02;0.0374165738677;0;0;
24;3555.0;1218.0;0.03;0.02;0.05;0.0616441400297;0;0;
24;3766.0;1218.0;0.02;0.0;0.0;0.02;0;0;
24;3936.0;1217.0;-0.01;0.0;0.01;0.0141421356237;0;0;
24;3438.0;1217.0;-0.02;0.0;0.01;0.022360679775;0;0;
24;3943.0;1218.0;0.01;0.0;-0.03;0.0316227766017;0;0;
24;3991.0;1219.0;0.02;0.03;-0.01;0.0374165738677;0;0;
24;3699.0;1217.0;-0.01;0.0;-0.01;0.0141421356237;0;0;
24;3977.0;1216.0;0.03;0.0;0.02;0.0360555127546;0;0;
24;3955.0;1217.0;0.02;0.03;0.0;0.0360555127546;0;0;
24;3875.0;1217.0;-0.03;0.0;-0.05;0.0583095189485;0;0;
24;3961.0;1217.0;-0.04;0.0;0.0;0.04;0;0;
24;3381.0;1217.0;0.0;-0.01;0.03;0.0316227766017;0;0;
24;3965.0;1218.0;-0.01;0.02;-0.05;0.0547722557505;0;0;
24;3411.0;1218.0;-0.02;0.0;0.04;0.04472135955;0;0;
24;3639.0;1217.0;0.0;-0.01;0.03;0.0316227766017;0;0;
24;3965.0;1218.0;0.03;0.01;0.01;0.0331662479036;0;0;
24;3535.0;1215.0;0.01;0.0;0.03;0.0316227766017;0;0;
24;3706.0;1218.0;0.0;0.0;0.02;0.02;0;0;
24;3467.0;1216.0;0.02;0.02;-0.01;0.03;0;0;
24;4006.0;1219.0;0.02;0.0;0.02;0.0282842712475;0;0;
24;4093.0;1216.0;-0.02;-0.01;-0.08;0.0830662386292;0;0;
24;3815.0;1217.0;0.0;0.04;0.01;0.0412310562562;0;0;
24;4042.0;1218.0;0.0;0.0;-0.05;0.05;0;0;
24;4011.0;1218.0;0.0;0.02;-0.02;0.0282842712475;0;0;
24;3839.0;1217.0;0.01;0.0;0.01;0.0141421356237;0;0;
24;4035.0;1218.0;0.03;0.02;-0.04;0.0538516480713;0;0;
24;3457.0;1218.0;0.01;0.01;0.03;0.0331662479036;0;0;
24;3996.0;1218.0;0.01;0.0;0.0;0.01;0;0;
24;3536.0;1218.0;0.01;0.03;0.0;0.0316227766017;0;0;
24;3359.0;1217.0;0.01;0.0;0.08;0.080622577483;0;0;
24;3912.0;1217.0;-0.03;0.03;-0.05;0.065574385243;0;0;
24;3564.0;1216.0;0.0;0.0;0.02;0.02;0;0;
24;3694.0;1216.0;0.04;0.01;-0.05;0.0648074069841;0;0;
24;3629.0;1217.0;-0.01;0.01;0.03;0.0331662479036;0;0;
24;3661.0;1218.0;0.0;-0.02;-0.01;0.022360679775;0;0;
24;3725.0;1216.0;-0.01;0.03;-0.05;0.059160797831;0;0;
24;3524.0;1218.0;0.02;0.02;0.01;0.03;0;0;
24;3983.0;1218.0;0.0;0.0;-0.04;0.04;0;0;
24;4010.0;1217.0;0.0;0.01;0.0;0.01;0;0;
24;3935.0;1218.0;0.02;0.02;-0.05;0.0574456264654;0;0;
24;3341.0;1218.0;0.11;0.01;-0.49;0.502294734195;0;0;
24;3451.0;1215.0;0.04;0.0;-0.47;0.471699056603;0;0;
24;3580.0;1217.0;0.0;-0.09;0.04;0.098488578018;0;0;
24;4013.0;1217.0;0.04;0.12;-0.1;0.161245154966;0;0;
24;4018.0;1217.0;-0.04;-0.02;0.09;0.100498756211;0;0;
24;3739.0;1218.0;0.0;0.0;0.02;0.02;0;0;
24;3794.0;1217.0;0.02;0.1;-0.07;0.123693168769;0;0;
24;3673.0;1217.0;-0.04;-0.02;0.04;0.06;0;0;
24;3863.0;1215.0;0.03;0.04;-0.03;0.0583095189485;0;0;
24;3872.0;1217.0;0.01;0.0;0.04;0.0412310562562;0;0;
24;3750.0;1215.0;-0.01;-0.02;-0.05;0.0547722557505;0;0;
24;3886.0;1215.0;0.0;0.03;0.01;0.0316227766017;0;0;
24;3598.0;1216.0;0.0;0.02;0.04;0.04472135955;0;0;
24;3720.0;1216.0;0.0;0.0;0.0;0.0;0;0;
24;3301.0;1216.0;0.01;0.02;0.14;0.141774468788;0;0;
24;3763.0;1216.0;0.08;0.14;-0.07;0.175783958312;0;0;
24;3189.0;1214.0;0.1;-0.2;-0.09;0.241039415864;0;0;
24;2930.0;1201.0;-0.12;-0.21;0.78;0.816639455329;0;0;
24;4095.0;1228.0;0.19;0.03;0.18;0.263438797446;0;0;
24;4095.0;4095.0;-1.11;0.6;-0.73;1.45773797371;0;0;
24;4095.0;4095.0;-2.5;0.48;-0.22;2.5551516589;0;20;
24;3232.0;4095.0;-1.33;-0.25;-0.79;1.56700350989;0;0;
24;2987.0;2512.0;1.7;0.05;0.06;1.70179317192;0;0;
24;3130.0;2398.0;1.79;-0.3;-0.01;1.81499311293;0;0;
24;3510.0;1963.0;0.59;-0.63;-0.24;0.895879456177;0;0;
24;4085.0;1449.0;1.36;1.94;0.26;2.38344288792;0;20;
24;3919.0;1427.0;0.48;2.23;-0.15;2.28600087489;0;40;
24;3908.0;1206.0;-0.12;0.94;0.04;0.94847245611;0;20;
24;3621.0;1147.0;1.8;0.69;0.05;1.92836718495;0;0;
24;3547.0;1150.0;1.12;-0.45;0.68;1.38538803229;0;0;
24;3734.0;1012.0;0.65;-0.03;0.37;0.748531896448;0;0;
24;3565.0;943.0;-0.27;-1.21;0.2;1.25578660608;0;0;
24;3658.0;989.0;-0.59;-2.36;0.08;2.4339474111;0;20;
24;3655.0;1003.0;-0.29;-2.77;-0.19;2.79161243728;0;40;
24;3753.0;973.0;-1.06;-0.96;-1.4;2.00129957777;0;60;
24;3764.0;1008.0;-1.5;-0.52;0.34;1.62357629941;0;40;
24;3689.0;1065.0;0.14;0.39;-1.03;1.11022520238;0;20;
24;3938.0;893.0;-0.01;0.06;0.15;0.161864140562;0;0;
24;3928.0;905.0;0.01;0.09;-0.01;0.0911043357914;0;0;
24;3887.0;961.0;0.0;0.03;-0.1;0.104403065089;0;0;
24;3903.0;1035.0;0.01;0.05;0.01;0.0519615242271;0;0;
24;3735.0;1041.0;-0.01;0.06;0.0;0.060827625303;0;0;
24;3855.0;1055.0;0.0;0.03;-0.02;0.0360555127546;0;0;
24;3737.0;1038.0;-0.01;0.06;-0.01;0.0616441400297;0;0;
24;3777.0;1036.0;-0.01;0.03;0.02;0.0374165738677;0;0;
24;3890.0;1035.0;0.01;0.03;0.02;0.0374165738677;0;0;
24;3774.0;1045.0;0.0;0.0;0.05;0.05;0;0;
24;3804.0;1047.0;0.0;0.07;0.02;0.0728010988928;0;0;
24;3707.0;1071.0;-0.02;0.05;0.03;0.0616441400297;0;0;
24;3770.0;1087.0;-0.01;0.06;-0.01;0.0616441400297;0;0;
24;3783.0;1072.0;-0.08;-0.08;-0.04;0.12;0;0;
24;3680.0;1081.0;-0.08;0.31;0.29;0.431972221329;0;0;
24;3855.0;1083.0;0.02;-0.09;0.0;0.0921954445729;0;0;
24;3878.0;1079.0;0.11;0.0;0.11;0.155563491861;0;0;
24;3893.0;1020.0;0.02;0.34;-0.43;0.548543526076;0;0;
24;4080.0;1046.0;0.64;0.21;2.31;2.40620032416;0;20;
24;3920.0;1065.0;0.64;0.21;2.31;2.40620032416;0;40;
24;4033.0;1127.0;-1.42;-1.46;-2.14;2.95425117416;0;60;
24;3892.0;1159.0;-0.41;-1.22;0.73;1.47966212359;0;40;
24;3907.0;1140.0;1.01;0.69;-0.32;1.26435754437;0;20;
24;3932.0;1159.0;0.79;0.77;-0.54;1.22825078872;0;0;
24;3796.0;1209.0;0.1;-0.06;0.62;0.630872411824;0;0;
24;3859.0;1217.0;0.56;0.07;0.43;0.709506871003;0;0;
24;3714.0;1234.0;-0.05;-0.74;0.7;1.01985293057;0;0;
24;3824.0;1229.0;0.2;-0.03;0.67;0.699857128277;0;0;
24;3851.0;1217.0;0.14;-0.26;0.47;0.555067563455;0;0;
24;3751.0;1155.0;0.12;0.58;-0.45;0.743841380941;0;0;
24;3825.0;1117.0;0.0;0.38;0.22;0.439089968002;0;0;
24;3846.0;1136.0;0.31;0.85;0.0;0.904765162901;0;0;
24;3794.0;1191.0;0.63;1.27;0.03;1.41799153735;0;0;
24;3866.0;1260.0;0.15;0.6;0.86;1.05929221653;0;0;
24;3713.0;1263.0;0.06;0.47;0.35;0.589067059001;0;0;
24;3978.0;1210.0;-0.22;0.14;0.29;0.39;0;0;
24;4038.0;1260.0;0.05;0.2;0.02;0.207123151772;0;0;
24;3993.0;1264.0;0.1;0.26;0.24;0.367695526217;0;0;
24;4095.0;1246.0;0.32;0.69;0.06;0.762954782408;0;0;
24;3876.0;998.0;0.49;0.84;-0.96;1.36649185874;0;0;
24;3900.0;1032.0;0.33;0.5;-0.74;0.952102935611;0;0;
24;3772.0;1009.0;-0.21;-0.11;-0.89;0.921032029845;0;0;
24;3847.0;1151.0;0.19;-0.04;-0.49;0.527067358124;0;0;
24;3874.0;1167.0;0.19;-0.04;-0.49;0.527067358124;0;0;
24;3876.0;1204.0;0.22;-0.51;0.06;0.558659108939;0;0;
24;3412.0;1082.0;0.41;-0.73;0.65;1.05995282914;0;0;
24;3472.0;1100.0;0.44;-0.8;0.81;1.2205326706;0;0;
24;4042.0;1152.0;0.5;-0.7;0.75;1.14127122105;0;0;
24;4095.0;1156.0;-0.37;-1.18;0.5;1.33390404452;0;0;
24;4095.0;1078.0;-0.18;-0.86;0.33;0.938562730988;0;0;
24;3975.0;987.0;-0.05;-0.46;0.09;0.471380949976;0;0;
24;3741.0;1064.0;0.04;-0.28;-0.14;0.315594676761;0;0;
24;3772.0;1039.0;0.02;-0.34;-0.22;0.405462698654;0;0;
24;3766.0;837.0;0.23;-0.4;-0.55;0.717913643832;0;0;
24;3786.0;928.0;-0.14;-0.04;-0.63;0.646606526413;0;0;
24;3881.0;938.0;-0.21;0.04;-0.77;0.79912452096;0;0;
24;3943.0;992.0;-0.28;0.2;-0.86;0.926282894153;0;0;
24;4049.0;718.0;-0.07;0.65;-0.83;1.05655099262;0;0;
24;3983.0;661.0;-0.25;0.68;-0.85;1.11687062814;0;0;
24;3984.0;676.0;-0.46;0.05;-0.45;0.645445582524;0;0;
24;3744.0;763.0;-0.69;0.47;-0.47;0.958070978581;0;0;
24;3639.0;776.0;-0.62;0.29;-0.27;0.735798885566;0;0;
24;3761.0;877.0;-0.37;0.73;0.25;0.855745289207;0;0;
24;3650.0;1015.0;-0.47;0.34;0.46;0.740337760755;0;0;
24;3797.0;1050.0;-0.23;0.86;-0.72;1.14494541355;0;0;
24;3818.0;1115.0;-0.28;-0.08;-0.87;0.917442096265;0;0;
24;4095.0;1238.0;-0.49;0.3;0.42;0.711688133946;0;0;
24;4095.0;1248.0;-0.35;0.0;0.45;0.57008771255;0;0;
24;4095.0;1249.0;2.95;0.46;-1.25;3.2367576369;0;20;
24;4095.0;1268.0;0.03;-0.09;-0.45;0.459891291503;0;0;
24;4017.0;1298.0;0.07;-0.51;-0.1;0.524404424085;0;0;
24;3994.0;1301.0;-0.2;0.06;0.21;0.296141857899;0;0;
24;3768.0;1327.0;0.52;-1.25;0.19;1.36711374801;0;0;
24;3805.0;1318.0;-0.34;-0.75;0.38;0.906917857361;0;0;
24;3876.0;1324.0;-0.4;0.07;0.45;0.606135298428;0;0;
24;4083.0;1337.0;0.06;-0.8;-1.2;1.44346804606;0;0;
24;4095.0;1339.0;0.03;-0.9;-0.48;1.0204410811;0;0;
24;4095.0;1336.0;0.0;-0.17;-1.64;1.64878743324;0;0;
24;4095.0;1337.0;0.33;1.35;-1.12;1.78488094841;0;0;
24;4095.0;1337.0;0.1;1.0;-0.9;1.34907375632;0;0;
24;3919.0;1341.0;-0.46;0.92;1.19;1.57292720747;0;0;
24;3564.0;1341.0;-0.12;0.97;1.75;2.00444506036;0;20;
24;3447.0;1341.0;-0.01;0.71;1.88;2.00962683103;0;40;
24;3563.0;1341.0;0.17;-0.22;2.03;2.0489509511;0;60;
24;3568.0;1342.0;0.01;-0.35;2.09;2.11912717882;0;80;
24;3610.0;1341.0;0.06;-0.35;1.85;1.88377281008;0;60;
24;3628.0;1341.0;0.23;0.16;1.53;1.55544205935;0;40;
24;3659.0;1342.0;-0.32;0.26;1.88;1.92468179188;0;20;
24;3671.0;1340.0;-0.43;0.41;1.97;2.05764428413;0;40;
24;3641.0;1349.0;-0.49;0.81;-0.02;0.946889645101;0;20;
24;3647.0;1330.0;0.0;0.21;-2.84;2.84775350057;0;40;
24;3578.0;1330.0;0.0;0.21;-2.75;2.75800652646;0;60;
24;3659.0;1328.0;-0.25;0.48;-2.56;2.6165817396;0;80;
24;3687.0;1334.0;-0.26;1.2;-3.27;3.49292141337;0;100;
24;3746.0;1336.0;-0.19;1.13;-3.19;3.38955749324;0;120;
24;3818.0;1337.0;-0.13;0.69;-2.18;2.29028382521;0;140;
24;3893.0;1346.0;-0.7;0.37;0.24;0.827345151675;0;120;
24;3887.0;1350.0;-0.31;0.01;0.1;0.325883414736;0;100;
24;3808.0;1351.0;0.21;0.1;0.33;0.403732584764;0;80;
24;3725.0;1344.0;-0.06;-0.11;1.68;1.68466613903;0;60;
24;3627.0;1331.0;-0.03;-0.33;1.93;1.95823900482;0;40;
24;3722.0;1335.0;-0.04;0.13;1.98;1.98466621879;0;20;
24;3634.0;1336.0;0.35;-0.24;1.99;2.03474814166;0;40;
24;3666.0;1340.0;0.41;-0.24;1.94;1.9973232087;0;20;
24;3649.0;1340.0;0.27;-0.19;2.37;2.39288528768;0;40;
24;3629.0;1345.0;-0.27;0.25;2.5;2.52693490221;0;60;
24;3646.0;1345.0;-0.33;0.1;2.16;2.18734999486;0;80;
24;3587.0;1341.0;-0.2;-0.13;1.8;1.81573676506;0;60;
24;3672.0;1338.0;-0.49;0.16;0.01;0.515557950186;0;40;
24;3676.0;1346.0;-0.55;0.25;-0.04;0.605475020129;0;20;
24;3650.0;1337.0;-0.57;0.28;-0.98;1.16777566339;0;0;
24;3679.0;1318.0;-0.63;0.54;-2.56;2.69111501055;0;20;
24;3608.0;1322.0;-0.56;0.57;-2.97;3.07561375989;0;40;
24;3718.0;1335.0;-0.54;0.61;-3.59;3.68127695236;0;60;
24;3671.0;1333.0;-0.1;0.59;-3.1;3.15722979842;0;80;
24;3717.0;1331.0;-0.1;0.34;-3.11;3.13012779292;0;100;
24;3798.0;1337.0;-0.19;0.49;-2.32;2.37878120053;0;120;
24;3988.0;1334.0;-0.68;-0.09;0.88;1.11575086825;0;100;
24;4014.0;1345.0;-0.48;0.42;0.92;1.11946415753;0;80;
24;3896.0;1337.0;-0.11;-0.17;0.88;0.902995016598;0;60;
24;3822.0;1334.0;0.33;0.03;2.02;2.04699780166;0;80;
24;3713.0;1335.0;0.35;-0.05;2.28;2.30724944469;0;100;
24;3749.0;1338.0;0.4;-0.15;2.4;2.43772434865;0;120;
24;3655.0;1342.0;0.35;-0.01;2.52;2.5442091109;0;140;
24;3695.0;1341.0;0.3;0.06;2.5;2.51865043228;0;160;
24;3717.0;1342.0;0.11;0.4;2.34;2.37648900692;0;180;
24;3754.0;1340.0;-0.19;0.39;1.5;1.56147366292;0;160;
24;3785.0;1340.0;-0.2;0.25;1.26;1.30003846097;0;140;
24;3736.0;1341.0;-0.54;0.22;0.55;0.801560977094;0;120;
24;3774.0;1339.0;-0.83;0.44;-0.82;1.24695629434;0;100;
24;3718.0;1338.0;-0.84;0.43;-0.96;1.34614263732;0;80;
24;3793.0;1340.0;-0.76;0.67;-2.2;2.42208587792;0;100;
24;3731.0;1334.0;-0.64;0.46;-3.73;3.81236147289;0;120;
24;3767.0;1333.0;-0.6;0.39;-3.86;3.92577380907;0;140;
24;3814.0;1335.0;-0.18;0.18;-3.76;3.76860716976;0;160;
24;3999.0;1336.0;-0.5;0.43;-1.66;1.78619707759;0;140;
24;4066.0;1338.0;-0.72;0.44;-0.98;1.29321305283;0;120;
24;4095.0;1336.0;-0.55;-0.03;0.84;1.00448992031;0;100;
24;4029.0;1344.0;0.14;0.0;1.98;1.98494332413;0;80;
24;3980.0;1346.0;0.2;0.1;2.16;2.17154323006;0;100;
24;3885.0;1345.0;0.37;0.23;2.01;2.05667206914;0;120;
24;3738.0;1346.0;0.57;0.21;3.14;3.19821825397;0;140;
24;3710.0;1344.0;0.54;0.3;3.17;3.2296284616;0;160;
24;3742.0;1343.0;0.21;0.86;2.63;2.77499549549;0;180;
24;3833.0;1341.0;-0.51;0.67;1.42;1.65087855398;0;160;
24;3856.0;1344.0;-0.55;0.64;0.89;1.22645831564;0;140;
24;3798.0;1349.0;-0.55;0.41;-0.07;0.689565080322;0;120;
24;3811.0;1339.0;-0.61;0.08;-2.49;2.56487816475;0;140;
24;3712.0;1341.0;-0.36;0.0;-3.5;3.51846557465;0;160;
24;3848.0;1329.0;-0.42;0.37;-3.71;3.7519861407;0;180;
24;3773.0;1323.0;-0.37;0.43;-3.96;4.00042497742;0;200;
24;3821.0;1323.0;-0.41;0.4;-3.87;3.9121605284;0;220;
24;3798.0;1323.0;-0.51;-0.05;-3.01;3.05330967968;0;240;
24;3816.0;1323.0;-0.72;0.3;-1.22;1.44803314879;0;220;
24;3841.0;1333.0;-0.72;0.33;-0.9;1.19887447216;0;200;
24;3750.0;1325.0;-0.2;0.91;0.16;0.945357075395;0;180;
24;3778.0;1336.0;0.1;0.48;1.73;1.79813792574;0;160;
24;3695.0;1341.0;0.16;0.28;2.32;2.34230655551;0;180;
24;3843.0;1331.0;0.39;0.0;2.85;2.87656044609;0;200;
24;3803.0;1330.0;0.24;-0.11;4.16;4.16836898559;0;220;
24;3819.0;1330.0;0.17;-0.02;4.21;4.21347837303;0;240;
24;3780.0;1328.0;-0.14;0.5;4.1;4.13274727028;0;260;
24;3777.0;1327.0;-0.44;0.42;2.51;2.58265367403;0;280;
24;3802.0;1326.0;-0.28;0.49;1.66;1.75331115322;0;260;
24;3747.0;1330.0;-0.63;0.57;0.41;0.943345111823;0;240;
24;3800.0;1325.0;-0.84;0.4;-1.51;1.77361213347;0;220;
24;3740.0;1338.0;-0.93;0.4;-1.75;2.0217319308;0;240;
24;3800.0;1312.0;-0.81;0.36;-3.53;3.63958788876;0;260;
24;3733.0;1293.0;-0.4;0.56;-4.32;4.37447139664;0;280;
24;3754.0;1293.0;-0.41;0.76;-4.27;4.35644350359;0;300;
24;3783.0;1310.0;-0.5;0.78;-4.58;4.67277219646;0;320;
24;3950.0;1317.0;-0.19;0.0;-2.48;2.48726757708;0;340;
24;3963.0;1320.0;-0.27;0.08;-2.2;2.21794950348;0;360;
24;3968.0;1326.0;-0.51;1.04;-0.36;1.21297155779;0;340;
24;3838.0;1325.0;-0.47;0.34;1.78;1.87213781544;0;320;
24;3699.0;1330.0;-0.32;0.29;1.75;1.8024982663;0;300;
24;3689.0;1324.0;0.11;0.05;2.38;2.38306525299;0;320;
24;3549.0;1336.0;0.42;-0.44;4.09;4.1349848851;0;340;
24;3564.0;1336.0;0.38;-0.45;4.2;4.24109655632;0;360;
24;3604.0;1335.0;0.03;-0.1;4.62;4.62117950311;0;380;
24;3846.0;1336.0;-0.21;1.07;3.3;3.47548557758;0;400;
24;3864.0;1337.0;-0.33;1.25;2.91;3.18425815536;0;420;
24;3862.0;1337.0;-0.13;0.9;1.46;1.72002906952;0;400;
24;3782.0;1310.0;-0.4;0.68;-0.72;1.06808239383;0;380;
24;3729.0;1312.0;-0.55;0.74;-1.01;1.3675525584;0;360;
24;3742.0;1320.0;-0.62;0.25;-2.29;2.38558169007;0;380;
24;3691.0;1321.0;-0.74;0.51;-3.99;4.08996332502;0;400;
24;3754.0;1322.0;-0.51;0.33;-4.44;4.48136140029;0;420;
24;3738.0;1323.0;-0.76;0.44;-4.25;4.33978110047;0;440;
24;3874.0;1318.0;-0.86;0.83;-3.63;3.82170119188;0;460;
24;3744.0;1318.0;-0.97;0.66;-2.8;3.03586890363;0;480;
24;3862.0;1324.0;-0.82;0.17;-1.7;1.89507255798;0;460;
24;3736.0;1331.0;-0.59;0.36;0.0;0.691158447825;0;440;
24;3760.0;1335.0;-0.34;0.23;-0.07;0.416413256273;0;420;
24;3707.0;1331.0;-0.14;0.82;0.79;1.14721401665;0;400;
24;3663.0;1335.0;0.58;0.45;0.7;1.01434708064;0;380;
24;3690.0;1336.0;0.58;0.32;1.18;1.35321838592;0;360;
24;3703.0;1335.0;0.23;0.32;3.32;3.34330674632;0;380;
24;3735.0;1337.0;0.59;-0.38;3.53;3.5990832166;0;400;
24;3603.0;1337.0;0.56;-0.32;3.53;3.58843977238;0;420;
24;3776.0;1338.0;0.04;0.09;3.69;3.69131412914;0;440;
24;3792.0;1339.0;-0.22;0.83;2.4;2.54898018823;0;460;
24;3879.0;1340.0;-0.11;0.79;1.69;1.86876964873;0;440;
24;3812.0;1342.0;-0.25;0.67;0.92;1.16524675498;0;420;
24;3864.0;1339.0;-0.77;0.84;-0.69;1.33214113366;0;400;
24;3720.0;1338.0;-1.19;0.58;-0.78;1.5365220467;0;380;
24;3838.0;1339.0;-1.04;0.37;-1.71;2.0353378098;0;400;
24;3724.0;1336.0;-0.9;0.6;-3.68;3.83567464731;0;420;
24;3741.0;1328.0;-0.84;0.47;-3.91;4.02673565062;0;440;
24;3688.0;1330.0;-0.58;0.24;-4.35;4.39505403835;0;460;
24;3788.0;1334.0;-0.33;0.23;-3.53;3.55284393128;0;480;
24;3826.0;1335.0;-0.36;0.28;-3.28;3.31155552573;0;500;
24;3796.0;1333.0;-0.61;0.62;-1.91;2.09871389189;0;520;
24;3871.0;1332.0;-0.12;0.52;-0.48;0.717774337797;0;500;
24;3744.0;1333.0;-0.13;0.74;-0.17;0.770324606903;0;480;
24;3809.0;1335.0;-0.05;0.88;-0.04;0.882326470191;0;460;
24;3748.0;1337.0;0.1;0.04;2.78;2.78208554865;0;480;
24;3804.0;1339.0;0.07;0.07;3.03;3.03161673039;0;500;
24;3745.0;1339.0;-0.01;0.28;4.04;4.04970369286;0;520;
24;3842.0;1331.0;-0.23;0.18;4.88;4.88873194193;0;540;
24;3784.0;1329.0;-0.31;0.24;4.89;4.9056905732;0;560;
24;3950.0;1326.0;-0.29;0.95;3.69;3.82134792972;0;580;
24;3848.0;1329.0;-0.21;0.74;0.85;1.14638562447;0;560;
24;3912.0;1327.0;-0.27;0.67;0.62;0.951945376584;0;540;
24;3843.0;1329.0;-0.48;0.82;-0.42;1.03884551306;0;520;
24;3877.0;1337.0;-0.46;0.55;-3.12;3.2013278495;0;540;
24;3872.0;1337.0;-0.44;0.4;-3.25;3.30395217883;0;560;
24;3818.0;1336.0;-0.52;0.55;-3.6;3.67870901268;0;580;
24;3503.0;1331.0;-0.67;0.4;-3.95;4.02633828683;0;600;
24;3417.0;1333.0;-0.55;0.3;-4.03;4.07840655158;0;620;
24;3513.0;1323.0;-0.21;0.12;-3.85;3.85758992118;0;640;
24;3990.0;1316.0;-0.97;0.77;-1.77;2.16025461462;0;660;
24;4049.0;1317.0;-0.8;0.79;-1.72;2.0548722588;0;680;
24;3965.0;1320.0;-0.39;0.59;-1.79;1.92465581339;0;660;
24;4012.0;1321.0;-0.43;0.81;0.29;0.961821189203;0;640;
24;3698.0;1324.0;-0.35;0.46;0.47;0.744983221288;0;620;
24;3834.0;1326.0;-0.11;-0.28;1.84;1.86443020787;0;600;
24;3666.0;1331.0;-0.08;-0.1;4.08;4.08200930915;0;620;
24;3714.0;1331.0;-0.24;0.16;4.49;4.49925549397;0;640;
24;3660.0;1335.0;-0.61;0.17;5.53;5.56613869752;0;660;
24;3805.0;1337.0;-0.46;0.71;3.8;3.89303223722;0;680;
24;3833.0;1337.0;-0.45;0.75;3.55;3.65615918691;0;700;
24;3930.0;1337.0;-0.43;0.79;2.25;2.42311782627;0;720;
24;3791.0;1338.0;-0.39;0.45;-0.44;0.740405294417;0;700;
24;3865.0;1342.0;-0.45;0.43;-0.61;0.871492971859;0;680;
24;3830.0;1339.0;-0.65;0.55;-1.13;1.41488515435;0;660;
24;3937.0;1332.0;-0.87;0.41;-2.74;2.90389393746;0;680;
24;4015.0;1331.0;-0.7;0.43;-3.07;3.17801825042;0;700;
24;3924.0;1329.0;-0.49;0.94;-4.11;4.24450232654;0;720;
24;3800.0;1310.0;0.32;0.21;-5.33;5.34372529234;0;740;
24;3666.0;1306.0;0.32;0.17;-5.15;5.16273183499;0;760;
24;3849.0;1300.0;0.41;-0.11;-2.88;2.91111662425;0;780;
24;3798.0;1320.0;-0.61;1.0;-0.08;1.17409539646;0;760;
24;3851.0;1323.0;-0.48;1.06;0.02;1.16378692208;0;740;
24;3686.0;1326.0;-0.32;0.99;0.23;1.0655515004;0;720;
24;3873.0;1335.0;-0.15;0.01;2.2;2.20513038163;0;740;
24;3815.0;1334.0;-0.15;0.01;2.58;2.58437613362;0;760;
24;3917.0;1336.0;-0.13;0.27;2.91;2.92538886304;0;780;
24;3674.0;1333.0;-0.06;0.33;4.02;4.03396826958;0;800;
24;3762.0;1332.0;-0.19;0.48;4.02;4.05301122624;0;820;
24;3646.0;1335.0;-0.64;0.76;4.45;4.55957234837;0;840;
24;3810.0;1336.0;-0.55;0.97;2.47;2.71003690012;0;860;
24;3894.0;1337.0;-0.55;1.1;1.53;1.96300789606;0;840;
24;3968.0;1340.0;-0.51;0.73;0.08;0.89409171789;0;820;
24;3884.0;1334.0;-1.06;0.33;-1.3;1.70953209973;0;800;
24;3832.0;1326.0;-1.29;-0.08;-2.36;2.6907433917;0;820;
24;3657.0;1317.0;-1.15;0.28;-3.72;3.90375460294;0;840;
24;3771.0;1328.0;0.0;0.51;-5.1;5.12543656677;0;860;
24;3855.0;1329.0;0.05;0.63;-5.52;5.5560597549;0;880;
24;3915.0;1332.0;0.16;0.58;-4.74;4.77803306811;0;900;
24;4046.0;1333.0;-0.28;0.06;-1.88;1.90168346472;0;880;
24;3792.0;1334.0;-0.3;0.14;-1.61;1.64368488464;0;860;
24;3883.0;1332.0;-0.35;1.04;-0.62;1.26035709226;0;840;
24;3557.0;1334.0;-0.05;0.27;1.31;1.33846927496;0;820;
24;3755.0;1335.0;-0.05;0.27;1.31;1.33846927496;0;800;
24;3764.0;1337.0;-0.1;0.19;2.81;2.81819090908;0;820;
24;4039.0;1338.0;0.0;-0.05;4.4;4.40028408174;0;840;
24;4018.0;1337.0;-0.02;0.0;4.36;4.36004587132;0;860;
24;3932.0;1337.0;-0.16;0.45;4.56;4.58494274773;0;880;
24;3712.0;1338.0;-0.61;1.22;3.58;3.83104424407;0;900;
24;3653.0;1339.0;-0.84;1.24;3.45;3.76107697342;0;920;
24;3596.0;1341.0;-0.59;0.71;1.35;1.63545100813;0;900;
24;3913.0;1337.0;-0.79;0.5;-1.33;1.62573060499;0;880;
24;4029.0;1337.0;-0.86;0.54;-1.58;1.87819061865;0;860;
24;3919.0;1338.0;-0.87;0.39;-2.98;3.12880168755;0;880;
24;3935.0;1334.0;-0.19;0.64;-4.16;4.21322916538;0;900;
24;3979.0;1335.0;-0.22;0.76;-4.5;4.56902615444;0;920;
24;3876.0;1337.0;0.11;0.36;-4.66;4.67517914095;0;940;
24;3922.0;1332.0;-0.46;0.16;-1.7;1.76838909746;0;920;
24;3941.0;1330.0;-0.59;0.57;-1.37;1.59684063075;0;900;
24;4013.0;1332.0;-0.53;0.98;-0.99;1.49043617777;0;880;
24;3800.0;1336.0;0.0;0.01;0.28;0.280178514522;0;860;
24;3607.0;1335.0;-0.02;-0.13;0.72;0.731915295646;0;840;
24;3611.0;1337.0;-0.34;-0.04;2.53;2.55305699114;0;860;
24;3895.0;1338.0;-0.15;0.3;3.42;3.43640800837;0;880;
24;3951.0;1339.0;-0.21;0.33;3.65;3.67089907243;0;900;
24;3812.0;1339.0;-0.18;0.33;4.56;4.57546718926;0;920;
24;3779.0;1339.0;-0.72;1.05;3.92;4.12156523665;0;940;
24;3559.0;1341.0;-0.8;1.03;3.67;3.89484274394;0;960;
24;3746.0;1339.0;-0.6;0.87;2.23;2.46775201347;0;980;
24;3677.0;1339.0;-0.74;0.82;-0.35;1.15866302263;0;960;
24;3797.0;1340.0;-0.74;0.93;-0.65;1.35462171841;0;940;
24;3903.0;1339.0;-0.67;1.74;-3.27;3.76422634814;0;960;
24;3508.0;1337.0;-0.33;0.12;-4.34;4.3541818979;0;980;
24;3531.0;1337.0;-0.09;0.16;-4.06;4.06414812722;0;1000;
24;3707.0;1335.0;0.45;0.24;-4.17;4.20107129194;1;1020;
24;4095.0;1334.0;-0.07;0.23;-3.34;3.3486415156;1;1040;
24;4095.0;1335.0;0.03;0.0;-2.47;2.47018217952;1;1060;
24;4014.0;1337.0;-0.08;0.1;-1.56;1.56524758425;1;1040;
24;4094.0;1343.0;-0.14;0.6;-0.07;0.620080639917;1;1020;
24;3973.0;1346.0;-0.22;0.19;0.68;0.739526875779;0;1000;
24;3108.0;1340.0;-0.14;-0.07;1.33;1.33917885288;0;980;
24;3718.0;1339.0;-0.47;0.25;4.21;4.24352447854;0;1000;
24;4053.0;1338.0;-0.37;0.21;4.41;4.43047401527;1;1020;
24;3665.0;1340.0;-0.63;0.16;4.8;4.84381048349;1;1040;
24;4095.0;4095.0;-0.8;0.88;3.41;3.61144015595;1;1060;
24;4095.0;4095.0;-0.73;0.86;2.9;3.1116715765;1;1080;
24;4095.0;4095.0;-0.52;0.69;1.92;2.10544532107;1;1100;
24;3385.0;2755.0;-0.57;0.98;-0.71;1.3376845667;1;1080;
24;3612.0;2615.0;-0.61;0.95;-1.09;1.56929920665;1;1060;
24;3718.0;2160.0;-0.36;0.55;-2.69;2.76915149459;1;1080;
24;4095.0;1755.0;0.06;0.15;-4.02;4.02324495899;1;1100;
24;3768.0;1715.0;0.1;0.19;-3.9;3.90590578483;1;1120;
24;3673.0;1569.0;-0.03;0.52;-3.56;3.59790216654;1;1140;
24;3656.0;1454.0;0.08;0.28;-3.54;3.55195720695;1;1160;
24;3828.0;1442.0;0.1;0.35;-3.26;3.2802591361;1;1180;
24;3925.0;1404.0;-0.31;0.25;-0.57;0.695341642648;1;1160;
24;3653.0;1372.0;0.05;0.28;0.56;0.628092349898;1;1140;
24;3642.0;1368.0;-0.17;0.59;0.89;1.08124927746;1;1120;
24;3540.0;1359.0;0.03;0.35;1.6;1.6381086655;1;1100;
24;4095.0;1352.0;-0.09;0.15;3.01;3.01507877177;1;1120;
24;4095.0;1350.0;-0.12;0.34;3.24;3.26;1;1140;
24;4095.0;1346.0;-0.43;0.57;3.75;3.81736820336;1;1160;
24;3790.0;1345.0;-0.61;0.56;3.41;3.50910244935;1;1180;
24;3812.0;1345.0;-0.43;0.54;2.54;2.63212841632;1;1200;
24;3708.0;1345.0;-0.39;0.79;1.44;1.68813506569;1;1180;
24;3963.0;1343.0;-0.55;0.91;-0.41;1.13960519479;1;1160;
24;4043.0;1343.0;-0.51;0.81;-1.29;1.60633122363;1;1140;
24;4056.0;1342.0;-0.37;0.98;-2.9;3.08339099045;1;1160;
24;3390.0;1342.0;-0.08;-0.04;-4.13;4.13096840947;1;1180;
24;3826.0;1344.0;0.29;0.14;-4.16;4.17244532618;1;1200;
24;3669.0;1341.0;0.48;0.47;-3.95;4.00671935628;1;1220;
24;3944.0;1341.0;-0.07;-0.53;-2.4;2.45882085561;1;1240;
24;3954.0;1343.0;-0.16;-0.63;-1.98;2.08396257164;1;1260;
24;3922.0;1341.0;-0.2;-0.01;-0.27;0.336154726279;1;1240;
24;3493.0;1345.0;-0.09;0.2;0.44;0.491629942131;1;1220;
24;3516.0;1344.0;-0.02;0.03;0.3;0.302158898595;1;1200;
24;3539.0;1343.0;0.01;0.62;1.57;1.6880165876;1;1180;
24;4095.0;1342.0;-0.2;0.73;3.47;3.55159119269;1;1200;
24;4095.0;1341.0;-0.2;0.73;3.47;3.55159119269;1;1220;
24;4095.0;1340.0;-0.33;0.63;3.34;3.41487920723;1;1240;
24;3950.0;1343.0;-0.31;0.65;2.53;2.63049425014;1;1260;
24;3993.0;1341.0;-0.34;0.73;2.27;2.4086095574;1;1280;
24;3832.0;1342.0;-0.45;0.58;1.21;1.4152738251;1;1260;
24;3914.0;1343.0;-0.55;0.26;-0.71;0.93498663092;1;1240;
24;3494.0;1341.0;-0.6;0.35;-1.07;1.27569588853;1;1220;
24;4095.0;1341.0;-0.68;0.48;-2.11;2.268237201;1;1240;
24;3555.0;1340.0;0.08;0.53;-4.48;4.5119507976;1;1260;
24;3687.0;1338.0;0.32;0.52;-4.56;4.60069559958;1;1280;
24;3775.0;1337.0;0.39;0.02;-3.87;3.88965294082;1;1300;
24;4095.0;1337.0;-0.45;0.99;-1.22;1.63431943022;1;1280;
24;3969.0;1336.0;-0.5;1.05;-1.02;1.54690012606;1;1260;
24;4095.0;1339.0;-0.41;0.93;-0.01;1.01641526946;1;1240;
24;3535.0;1339.0;-0.19;0.29;1.34;1.38412427188;1;1220;
24;3627.0;1341.0;-0.21;0.19;1.78;1.80238730577;1;1200;
24;3692.0;1341.0;0.0;-0.01;2.92;2.92001712324;1;1220;
24;3799.0;1341.0;-0.18;0.28;3.6;3.61535613737;1;1240;
24;3731.0;1341.0;-0.17;0.3;3.76;3.77577806551;1;1260;
24;3778.0;1340.0;-0.25;0.76;3.58;3.6683102377;1;1280;
24;3683.0;1340.0;-0.64;0.77;1.53;1.82849665026;1;1260;
24;3759.0;1342.0;-0.64;0.68;1.47;1.74152232257;1;1240;
24;3742.0;1341.0;-0.35;0.56;0.17;0.681909084849;1;1220;
24;4095.0;1340.0;-0.49;0.67;-2.06;2.2209457445;1;1240;
24;4095.0;1341.0;-0.48;0.63;-2.19;2.32881944341;1;1260;
24;4095.0;1341.0;-0.44;0.51;-3.0;3.07468697594;1;1280;
24;3797.0;1343.0;-0.11;0.13;-3.5;3.50414040815;1;1300;
24;3831.0;1341.0;-0.07;0.18;-3.47;3.47537048385;1;1320;
24;3770.0;1342.0;0.34;0.28;-3.42;3.4482459309;1;1340;
24;4092.0;1343.0;-0.49;0.96;-0.6;1.23357204897;1;1320;
24;4094.0;1341.0;-0.47;0.98;-0.35;1.14184061935;1;1300;
24;4055.0;1342.0;-0.24;1.04;-0.04;1.06808239383;1;1280;
24;3787.0;1340.0;0.02;0.5;0.85;0.986356933366;1;1260;
24;3837.0;1343.0;-0.03;0.26;1.18;1.20867696263;1;1240;
24;3799.0;1343.0;-0.15;0.16;2.2;2.21090479216;1;1260;
24;3870.0;1344.0;-0.26;-0.16;1.91;1.93424403838;1;1240;
24;3677.0;1342.0;-0.3;-0.26;1.78;1.82373243652;1;1220;
24;3864.0;1343.0;-1.0;-0.28;1.88;2.14774300139;1;1240;
24;3686.0;1343.0;-1.13;-0.05;0.93;1.46434285603;1;1220;
24;3830.0;1344.0;-1.19;-0.23;0.52;1.3188631468;1;1200;
24;3646.0;1344.0;-1.08;-0.25;0.0;1.10855762142;1;1180;
24;3839.0;1344.0;0.36;0.39;-0.44;0.689420046126;1;1160;
24;3575.0;1345.0;0.59;0.39;-0.47;0.84917607126;1;1140;
24;3843.0;1344.0;1.69;0.71;-1.38;2.29447161673;1;1160;
24;3685.0;1339.0;2.08;1.83;-1.28;3.05183551326;1;1180;
24;3783.0;1340.0;1.91;2.19;-0.89;3.03912816446;1;1200;
24;3789.0;1339.0;1.52;2.34;-0.19;2.79680174485;1;1220;
24;4056.0;1339.0;0.98;1.01;0.01;1.40733791251;1;1200;
24;4077.0;1338.0;1.03;1.24;-0.25;1.63125718389;1;1180;
24;4070.0;1339.0;0.18;0.6;-0.06;0.629285308902;1;1160;
24;3810.0;1342.0;-0.49;0.34;0.67;0.896994983264;1;1140;
24;3923.0;1340.0;-0.63;0.28;0.68;0.9683491106;1;1120;
24;3831.0;1342.0;-1.72;-0.35;0.94;1.99110522073;1;1100;
24;4008.0;1342.0;-1.95;-0.18;0.22;1.97060904291;1;1080;
24;3750.0;1341.0;-1.95;-0.18;0.22;1.97060904291;1;1060;
24;3872.0;1344.0;-1.78;-0.65;0.17;1.90257719948;1;1040;
24;3714.0;1342.0;-1.56;-0.75;-0.07;1.73233945865;1;1020;
24;3815.0;1345.0;-1.29;-0.67;0.14;1.4603424256;0;1000;
24;3866.0;1344.0;-0.99;-0.39;0.3;1.10553154636;0;980;
24;3783.0;1344.0;-0.06;0.27;0.27;0.386522961802;0;960;
24;3599.0;1345.0;0.1;0.21;0.23;0.327108544676;0;940;
24;3748.0;1344.0;0.41;0.23;-0.06;0.473919824443;0;920;
24;3609.0;1342.0;1.82;1.43;-0.63;2.39879136233;0;940;
24;3726.0;1344.0;1.89;1.49;-0.75;2.52085303023;0;960;
24;3737.0;1342.0;2.07;1.72;-0.61;2.7596014205;0;980;
24;3721.0;1342.0;1.66;1.51;-0.49;2.29691096911;0;1000;
24;3661.0;1343.0;1.56;1.51;-0.48;2.2235332244;1;1020;
24;3850.0;1342.0;1.26;1.17;-0.66;1.84176545738;0;1000;
24;4038.0;1342.0;0.48;0.81;-0.39;1.01911726509;0;980;
24;4051.0;1342.0;0.33;0.7;-0.32;0.837436564762;0;960;
24;4058.0;1341.0;-0.14;0.64;0.07;0.658862656401;0;940;
24;3930.0;1342.0;-1.23;-0.03;0.79;1.46215594244;0;920;
24;3800.0;1343.0;-1.38;-0.07;0.81;1.60168661104;0;900;
24;3786.0;1343.0;-2.06;-0.99;1.05;2.51519382951;0;920;
24;3934.0;1343.0;-2.52;-1.03;0.44;2.75769831562;0;940;
24;3989.0;1340.0;-2.52;-1.09;0.41;2.77607636783;0;960;
24;3913.0;1340.0;-2.59;-1.15;0.1;2.83559517562;0;980;
24;3861.0;1344.0;-2.15;-0.92;-0.11;2.34115356182;0;1000;
24;3708.0;1344.0;-2.12;-0.85;0.01;2.28407530524;1;1020;
24;3683.0;1344.0;-1.46;-0.59;0.17;1.58385605407;0;1000;
24;3826.0;1345.0;-0.81;0.02;0.15;0.824014562978;0;980;
24;3876.0;1344.0;-0.64;0.03;0.11;0.650076918526;0;960;
24;3782.0;1343.0;-0.32;0.07;0.04;0.33;0;940;
24;3675.0;1346.0;0.97;0.7;-0.39;1.258173279;0;920;
24;3639.0;1344.0;1.06;0.74;-0.51;1.38971220042;0;900;
24;3616.0;1343.0;1.76;0.71;-0.59;1.98741037534;0;880;
24;3755.0;1343.0;1.92;1.51;-0.54;2.50161947546;0;900;
24;3801.0;1342.0;1.65;1.31;-0.1;2.10917045305;0;920;
24;3845.0;1340.0;1.57;0.79;0.52;1.83286660726;0;900;
24;3929.0;1341.0;0.5;0.61;1.29;1.51201851841;0;880;
24;4076.0;1341.0;0.25;0.75;1.07;1.33037588673;0;860;
24;3966.0;1341.0;-0.02;0.57;0.65;0.864754300365;0;840;
24;4056.0;1343.0;-0.24;0.35;-0.73;0.844393273303;0;820;
24;4056.0;1341.0;-0.29;0.46;-0.78;0.950841732361;0;800;
24;4051.0;1342.0;-1.08;-0.03;-0.67;1.27129854873;0;780;
24;3838.0;1342.0;-2.18;-0.55;0.0;2.24831047678;0;800;
24;3922.0;1343.0;-2.34;-0.45;-0.06;2.38363168296;0;820;
24;3779.0;1342.0;-2.53;-0.6;-0.38;2.62779375142;0;840;
24;3936.0;1343.0;-1.95;-0.62;-0.66;2.15;0;860;
24;3783.0;1343.0;-1.76;-0.58;-0.67;1.97050754883;0;840;
24;3977.0;1343.0;-1.49;-0.49;-0.71;1.72171426201;0;820;
24;3747.0;1344.0;-0.81;-0.3;0.38;0.943663075467;0;800;
24;3810.0;1344.0;-0.71;-0.3;0.52;0.929784921366;0;780;
24;3716.0;1341.0;0.5;0.73;0.41;0.975192288731;0;760;
24;3872.0;1344.0;1.7;1.12;-0.43;2.0806969986;0;780;
24;3611.0;1340.0;1.89;1.01;-0.48;2.19604189395;0;800;
24;3909.0;1343.0;2.36;1.35;-0.8;2.83409597579;0;820;
24;3623.0;1340.0;1.82;1.35;0.36;2.29444982512;0;840;
24;3782.0;1341.0;1.81;1.26;0.23;2.21734074964;0;860;
24;3776.0;1342.0;1.86;1.17;-0.46;2.24501670372;0;880;
24;3938.0;1340.0;1.13;0.95;-0.12;1.48114820325;0;860;
24;3820.0;1341.0;1.03;0.81;-0.07;1.31221187314;0;840;
24;3902.0;1341.0;0.35;0.64;0.08;0.733825592358;0;820;
24;4062.0;1340.0;-1.6;-0.25;0.88;1.84306809424;0;800;
24;3800.0;1342.0;-1.66;-0.31;0.49;1.7583515007;0;780;
24;3873.0;1340.0;-2.2;-0.89;0.2;2.38161709769;0;800;
24;3899.0;1338.0;-3.01;-0.91;0.47;3.17948108974;0;820;
24;4019.0;1340.0;-2.76;-0.98;0.56;2.98187860249;0;840;
24;3905.0;1341.0;-2.17;-0.94;0.46;2.40916998155;0;860;
24;3984.0;1341.0;-1.34;-0.09;0.45;1.4164038972;0;840;
24;3598.0;1341.0;-1.29;-0.04;0.46;1.37014597762;0;820;
24;3776.0;1340.0;-0.6;-0.12;0.18;0.637808748764;0;800;
24;3708.0;1344.0;0.49;0.38;0.16;0.640390505863;0;780;
24;3819.0;1346.0;0.58;0.33;0.04;0.668505796534;0;760;
24;3836.0;1343.0;1.6;1.08;-0.37;1.96552791891;0;740;
24;3790.0;1339.0;3.05;1.58;-1.26;3.6587566194;0;760;
24;3601.0;1340.0;2.97;1.66;-1.22;3.61454008139;0;780;
24;3680.0;1340.0;2.62;2.02;-0.68;3.37745466291;0;800;
24;3747.0;1341.0;1.82;1.43;-0.11;2.31719658208;0;820;
24;3820.0;1341.0;1.82;1.43;-0.11;2.31719658208;0;840;
24;3769.0;1340.0;1.12;0.7;-0.17;1.33165310798;0;820;
24;4044.0;1337.0;-0.6;0.09;0.6;0.8532877592;0;800;
24;3842.0;1338.0;-0.86;-0.12;0.76;1.15394973894;0;780;
24;3945.0;1342.0;-1.29;-0.41;0.73;1.53788816238;0;760;
24;4033.0;1340.0;-2.33;-0.61;0.44;2.44838722428;0;780;
24;4095.0;1340.0;-2.31;-0.75;0.22;2.43864716595;0;800;
24;4044.0;1343.0;-2.67;-0.95;0.34;2.85429500928;0;820;
24;4066.0;1342.0;-1.98;-0.69;-0.22;2.1082931485;0;840;
24;3759.0;1343.0;-1.98;-0.69;-0.22;2.1082931485;0;860;
24;4024.0;1343.0;-1.55;-0.57;-0.08;1.65342069662;0;840;
24;3878.0;1344.0;-0.3;0.2;-0.06;0.36551333765;0;820;
24;3919.0;1344.0;-0.17;0.17;-0.02;0.241246761636;0;800;
24;3849.0;1344.0;0.7;0.44;0.1;0.832826512546;0;780;
24;3554.0;1343.0;2.1;1.05;-0.47;2.39445192059;0;800;
24;3616.0;1343.0;2.31;1.04;-0.57;2.59665169016;0;820;
24;3575.0;1343.0;2.71;1.47;-0.79;3.18262470298;0;840;
24;3844.0;1340.0;2.24;1.77;-0.39;2.88142325943;0;860;
24;3936.0;1341.0;1.97;1.42;-0.05;2.4289503906;0;880;
24;3925.0;1341.0;1.53;0.95;0.01;1.8009719598;0;860;
24;3638.0;1340.0;0.58;0.69;-0.29;0.946889645101;0;840;
24;3695.0;1340.0;0.3;0.02;-0.04;0.303315017762;0;820;
24;3649.0;1340.0;-0.39;-0.39;-0.12;0.564446631667;0;800;
24;3948.0;1342.0;-1.94;-0.22;1.31;2.35119118746;0;820;
24;3988.0;1343.0;-1.94;-0.22;1.31;2.35119118746;0;840;
24;4064.0;1340.0;-2.8;-0.02;1.41;3.13504385934;0;860;
24;3952.0;1342.0;-2.29;-0.55;0.18;2.36199068584;0;880;
24;3991.0;1342.0;-2.22;-0.52;0.22;2.2906767559;0;900;
24;3943.0;1342.0;-2.12;-0.17;0.0;2.12680511566;0;920;
24;4084.0;1343.0;-1.33;-0.05;-0.16;1.34052228628;0;900;
24;4088.0;1343.0;-1.06;-0.25;-0.21;1.10914381394;0;880;
24;4004.0;1343.0;-0.26;-0.53;0.09;0.597159945073;0;860;
24;3728.0;1341.0;1.5;0.67;-0.85;1.84970267881;0;840;
24;3783.0;1343.0;2.33;0.74;-1.64;2.94382404365;0;860;
24;3759.0;1343.0;2.77;1.6;-0.55;3.24582809157;0;880;
24;3957.0;1342.0;3.15;2.08;0.27;3.7844154106;0;900;
24;3652.0;1342.0;3.16;2.12;0.06;3.80573251819;0;920;
24;4002.0;1341.0;2.79;1.9;-0.44;3.40407109209;0;940;
24;3770.0;1338.0;1.27;0.7;0.1;1.45358178304;0;920;
24;3827.0;1338.0;1.27;0.7;0.1;1.45358178304;0;900;
24;3811.0;1339.0;0.34;0.55;-0.3;0.712811335488;0;880;
24;3886.0;1340.0;-1.3;-0.3;0.62;1.47118999453;0;860;
24;3600.0;1340.0;-1.3;-0.3;0.62;1.47118999453;0;840;
24;3330.0;1341.0;-2.38;-0.75;0.32;2.51581000872;0;860;
24;3958.0;1338.0;-3.27;-0.46;1.16;3.50001428569;0;880;
24;4086.0;1340.0;-3.3;-0.38;0.94;3.45224564595;0;900;
24;4011.0;1340.0;-2.71;-0.59;0.55;2.82749005303;0;920;
24;4038.0;1342.0;-1.89;-0.32;-0.29;1.93871091192;0;900;
24;3407.0;1342.0;-1.76;-0.25;-0.26;1.79658008449;0;880;
24;3857.0;1344.0;-1.01;-0.1;0.05;1.01616927724;0;860;
24;4095.0;1358.0;1.15;0.31;-0.34;1.23862827353;0;840;
24;4095.0;1356.0;1.15;0.31;-0.34;1.23862827353;0;820;
24;4095.0;1349.0;2.31;1.15;-0.76;2.6900185873;0;840;
24;3679.0;1345.0;3.48;1.9;-0.84;4.05290019616;0;860;
24;3681.0;1344.0;3.39;2.04;-0.7;4.01792234868;0;880;
24;3710.0;1342.0;2.63;2.13;0.25;3.39356744445;0;900;
24;3784.0;1340.0;1.48;0.94;0.0;1.75328263552;0;880;
24;3819.0;1341.0;1.4;0.73;-0.11;1.58271917913;0;860;
24;3870.0;1342.0;0.77;0.33;-0.03;0.838272032219;0;840;
24;3559.0;1344.0;-0.98;0.01;0.55;1.12383272777;0;820;
24;3543.0;1345.0;-1.25;-0.19;0.75;1.47006802564;0;800;
24;3323.0;1343.0;-1.89;-0.45;1.09;2.22771183056;0;820;
24;2979.0;1342.0;-2.72;-0.92;0.59;2.93136486982;0;840;
24;3699.0;1342.0;-2.64;-0.74;-0.15;2.74585141623;0;860;
24;4095.0;1610.0;-2.84;-0.71;0.09;2.92878814529;0;880;
24;4095.0;4095.0;-1.93;-0.67;-0.2;2.05275424735;0;900;
24;3971.0;4095.0;-1.89;-0.67;-0.15;2.01084559328;0;920;
24;3237.0;3283.0;-1.13;-0.41;0.01;1.20212312181;0;900;
24;3850.0;2234.0;0.4;0.07;0.2;0.45265881191;0;880;
24;3958.0;2139.0;0.54;0.13;0.31;0.636081755752;0;860;
24;4095.0;1867.0;1.9;1.3;-0.32;2.32430634814;0;880;
24;3918.0;1592.0;3.59;1.73;-1.05;4.12110422096;0;900;
24;3987.0;1561.0;3.72;1.78;-1.21;4.29777849592;0;920;
24;3826.0;1490.0;3.68;2.51;-0.85;4.53486493735;0;940;
24;3863.0;1410.0;2.62;2.02;-0.07;3.3090330914;0;960;
24;3805.0;1398.0;2.57;1.68;-0.01;3.07040713913;0;980;
24;3906.0;1379.0;1.65;1.16;-0.21;2.02785601067;0;1000;
24;3666.0;1358.0;-0.92;0.11;0.66;1.13758516165;0;980;
24;3642.0;1358.0;-1.6;-0.63;0.99;1.98418749114;0;960;
24;3223.0;1351.0;-2.38;-0.82;0.76;2.62952467188;0;980;
24;4095.0;1354.0;-3.3;-0.57;1.32;3.59962498047;0;1000;
24;4095.0;1360.0;-3.41;-0.58;1.47;3.75837730942;1;1020;
24;4014.0;1354.0;-2.75;-0.89;0.84;3.01001661125;1;1040;
24;3628.0;1349.0;-1.61;-0.19;0.2;1.63346257992;1;1020;
24;3753.0;1349.0;-1.56;-0.03;0.39;1.60829101844;0;1000;
24;3661.0;1348.0;-1.07;0.11;0.29;1.11404667766;0;980;
24;3787.0;1344.0;1.21;0.64;-0.29;1.39921406511;0;960;
24;3596.0;1346.0;1.36;0.61;-0.27;1.51479371533;0;940;
24;3785.0;1346.0;2.3;0.93;-0.36;2.50689050419;0;960;
24;3670.0;1344.0;3.71;2.01;-1.18;4.38139247272;0;980;
24;3751.0;1342.0;3.55;1.99;-1.12;4.22101883436;0;1000;
24;3763.0;1342.0;3.27;2.02;-0.48;3.8734609847;1;1020;
24;4093.0;1343.0;1.89;1.44;0.16;2.38144913865;1;1040;
24;3886.0;1340.0;1.69;1.33;0.27;2.16746395587;1;1060;
24;4081.0;1343.0;1.16;1.08;0.2;1.59749804382;1;1040;
24;3866.0;1340.0;-0.85;-0.08;0.83;1.19071407147;1;1020;
24;3942.0;1340.0;-1.29;-0.29;1.16;1.75892012326;0;1000;
24;3883.0;1337.0;-2.12;-1.1;1.16;2.65518360947;1;1020;
24;3939.0;1340.0;-2.88;-0.78;0.68;3.06026142674;1;1040;
24;3885.0;1341.0;-2.92;-0.73;0.65;3.07925315621;1;1060;
24;3960.0;1340.0;-2.31;-0.85;0.16;2.46661711662;1;1080;
24;3851.0;1342.0;-1.05;-0.42;-0.29;1.16747590982;1;1060;
24;3867.0;1342.0;-0.88;-0.34;-0.1;0.948683298051;1;1040;
24;3799.0;1343.0;-0.14;0.28;0.0;0.31304951685;1;1020;
24;3720.0;1344.0;1.25;0.93;0.11;1.56188988088;0;1000;
24;3697.0;1349.0;1.59;1.17;0.04;1.97448727522;0;980;
24;3746.0;1344.0;2.64;1.45;-0.72;3.0968532416;0;1000;
24;3695.0;1339.0;3.31;2.2;-0.63;4.02405268355;1;1020;
24;3668.0;1339.0;3.19;2.57;-0.28;4.10601997073;1;1040;
24;3679.0;1340.0;3.02;2.59;-0.04;3.97870581974;1;1060;
24;3677.0;1337.0;1.43;0.89;0.03;1.68460677904;1;1040;
24;3766.0;1334.0;1.23;0.82;0.22;1.49455679049;1;1020;
24;3717.0;1337.0;0.48;0.64;0.28;0.847584804017;0;1000;
24;3920.0;1340.0;-1.21;-0.56;0.42;1.39789126902;0;980;
24;3742.0;1341.0;-1.46;-0.45;0.56;1.62717546688;0;960;
24;4082.0;1342.0;-1.59;-0.52;0.13;1.67791537331;0;940;
24;4026.0;1340.0;-2.91;-0.41;0.59;2.99738219118;0;960;
24;4082.0;1340.0;-2.99;-0.5;0.67;3.10467389592;0;980;
24;3967.0;1342.0;-2.28;-0.66;0.36;2.40074988285;0;1000;
24;3979.0;1342.0;-1.25;0.04;-0.44;1.32578278764;0;980;
24;3826.0;1343.0;-1.2;0.28;-0.42;1.30184484483;0;960;
24;3980.0;1343.0;-0.25;0.55;-0.32;0.683666585405;0;940;
24;3858.0;1347.0;1.11;1.03;0.25;1.53476382548;0;920;
24;3903.0;1343.0;2.15;1.53;0.18;2.64495746658;0;940;
24;3809.0;1340.0;2.64;1.35;0.13;2.96799595687;0;960;
24;3800.0;1340.0;3.84;1.89;-0.66;4.33050805334;0;980;
24;3605.0;1338.0;3.78;2.0;-0.6;4.31837932563;0;1000;
24;3779.0;1338.0;3.5;2.09;-0.46;4.10240173557;1;1020;
24;3769.0;1338.0;2.0;1.66;0.14;2.60292143562;1;1040;
24;3839.0;1338.0;1.64;1.41;0.01;2.16282223033;1;1060;
24;3710.0;1340.0;1.25;0.87;0.08;1.52505737597;1;1040;
24;3848.0;1338.0;-1.28;-0.49;0.44;1.43947907244;1;1020;
24;3684.0;1339.0;-1.76;-0.85;0.89;2.14760331533;1;1040;
24;3676.0;1338.0;-2.78;-0.38;1.06;2.99939993999;1;1060;
24;3949.0;1339.0;-3.02;-0.3;0.22;3.04282763232;1;1080;
24;3998.0;1341.0;-2.77;-0.55;0.28;2.83792177482;1;1100;
24;4095.0;1340.0;-2.32;-0.14;0.35;2.35042549339;1;1120;
24;3946.0;1343.0;-1.31;-0.27;0.09;1.34055958465;1;1100;
24;3978.0;1342.0;-1.13;0.28;-0.21;1.18296238317;1;1080;
24;3930.0;1342.0;0.01;0.39;-0.96;1.03624321469;1;1060;
24;3970.0;1343.0;1.88;0.37;0.31;1.94097913435;1;1040;
24;3962.0;1342.0;1.88;0.48;0.45;1.9918082237;1;1020;
24;3902.0;1344.0;3.52;1.87;-0.25;3.99372007031;1;1040;
24;3712.0;1336.0;4.13;2.4;-0.82;4.84657611103;1;1060;
24;3808.0;1337.0;3.96;2.29;-0.6;4.61364281236;1;1080;
24;3761.0;1336.0;2.9;2.27;0.15;3.68583776094;1;1100;
24;3909.0;1343.0;1.77;0.99;-0.01;2.02807790777;1;1120;
24;3763.0;1340.0;1.43;0.89;0.12;1.68860889492;1;1100;
24;3910.0;1335.0;0.42;0.13;0.21;0.487237108603;1;1080;
24;3774.0;1335.0;-1.69;-0.25;0.86;1.91264215158;1;1060;
24;3868.0;1337.0;-2.47;-0.46;1.37;2.86171277385;1;1080;
24;3867.0;1334.0;-2.66;-0.77;0.51;2.81577697981;1;1100;
24;3828.0;1338.0;-3.02;-0.58;0.11;3.07715777951;1;1120;
24;3705.0;1338.0;-2.97;-0.68;0.37;3.06923443223;1;1140;
24;3667.0;1339.0;-2.44;-0.27;0.46;2.49761886604;1;1160;
24;3772.0;1342.0;-1.35;0.53;-0.22;1.46690149635;1;1140;
24;3848.0;1340.0;-1.17;0.5;-0.27;1.30069212345;1;1120;
24;3911.0;1341.0;-0.19;0.04;0.21;0.286006992922;1;1100;
24;4011.0;1340.0;2.0;0.86;0.01;2.17708520734;1;1120;
24;4048.0;1343.0;2.62;1.0;-0.54;2.85587114555;1;1140;
24;3988.0;1346.0;3.58;1.45;-0.75;3.93464102556;1;1160;
24;3882.0;1341.0;3.9;2.27;-0.74;4.57280001749;1;1180;
24;3900.0;1340.0;3.78;2.19;-0.57;4.40561005991;1;1200;
24;3904.0;1340.0;3.37;1.76;-0.12;3.80380073085;1;1220;
24;3782.0;1343.0;1.98;1.54;-0.3;2.52626206083;1;1240;
24;3870.0;1346.0;1.76;1.53;-0.24;2.34437624967;1;1260;
24;3818.0;1339.0;0.53;-0.03;0.37;0.647070320753;1;1240;
24;3992.0;1341.0;-1.38;-0.1;0.82;1.60835319504;1;1220;
24;3764.0;1342.0;-2.01;-0.45;1.29;2.43037034215;1;1240;
24;3951.0;1344.0;-2.49;-0.63;1.27;2.86529230621;1;1260;
24;3714.0;1338.0;-3.53;-0.33;0.53;3.58478730192;1;1280;
24;3788.0;1338.0;-3.28;-0.57;0.31;3.34356097597;1;1300;
24;3783.0;1340.0;-2.63;-0.65;0.34;2.7303845883;1;1320;
24;3972.0;1342.0;-1.33;0.27;-0.38;1.40932608008;1;1300;
24;3764.0;1344.0;-0.92;0.36;-0.56;1.13560556533;1;1280;
24;3859.0;1344.0;0.0;0.34;-0.49;0.59640590205;1;1260;
24;3632.0;1352.0;1.99;0.43;0.24;2.0500243901;1;1280;
24;3701.0;1342.0;2.33;0.67;0.04;2.42474740953;1;1300;
24;3827.0;1342.0;3.45;1.56;-1.07;3.93459019467;1;1320;
24;3867.0;1338.0;3.96;2.46;-1.18;4.80890840004;1;1340;
24;3725.0;1338.0;3.95;2.53;-0.95;4.78601086501;1;1360;
24;3904.0;1338.0;3.14;2.63;-0.35;4.11083933036;1;1380;
24;3990.0;1352.0;1.88;1.14;0.05;2.1992044016;1;1400;
24;4049.0;1358.0;1.78;1.16;-0.11;2.12746327818;1;1420;
24;4056.0;1338.0;0.86;0.26;0.14;0.909285433734;1;1400;
24;3853.0;1338.0;-1.49;-0.11;1.13;1.87325919189;1;1380;
24;3665.0;1335.0;-1.73;-0.27;1.3;2.18077967709;1;1400;
24;3775.0;1334.0;-2.6;-0.72;1.26;2.97758291236;1;1420;
24;3987.0;1337.0;-3.22;-0.36;0.0;3.24006172781;1;1440;
24;3970.0;1338.0;-3.02;-0.18;0.16;3.02958743066;1;1460;
24;3931.0;1339.0;-2.34;-0.27;0.17;2.3616519642;1;1480;
24;3724.0;1342.0;-1.19;0.39;-0.16;1.26245792009;1;1460;
24;3803.0;1342.0;-0.97;0.29;-0.27;1.04780723418;1;1440;
24;3899.0;1344.0;-0.42;0.06;-0.3;0.519615242271;1;1420;
24;3821.0;1342.0;0.34;-0.12;-0.33;0.488773976394;1;1400;
24;3818.0;1341.0;1.78;1.16;0.25;2.13927557832;1;1420;
24;3628.0;1343.0;2.21;1.39;-0.03;2.61095767871;1;1440;
24;3608.0;1346.0;4.21;1.55;-0.72;4.54367692513;1;1460;
24;3957.0;1343.0;3.55;2.28;-0.11;4.22054498851;1;1480;
24;4037.0;1341.0;3.55;2.28;-0.11;4.22054498851;1;1500;
24;4093.0;1341.0;3.02;1.5;0.21;3.37853518555;1;1520;
24;3961.0;1342.0;1.67;1.19;-0.24;2.06460650004;1;1540;
24;3916.0;1336.0;1.21;0.9;-0.23;1.52545075306;1;1520;
24;4025.0;1341.0;-0.26;0.21;0.21;0.39471508712;1;1500;
24;3791.0;1337.0;-2.16;-0.47;0.46;2.25789725187;1;1520;
24;3918.0;1341.0;-2.13;-0.38;0.21;2.17379851872;1;1540;
24;4058.0;1339.0;-2.51;-0.18;0.31;2.53546839854;1;1560;
24;3819.0;1341.0;-2.5;-0.41;0.36;2.55884739678;1;1580;
24;3820.0;1341.0;-2.31;-0.71;0.32;2.4377448595;1;1600;
24;3742.0;1340.0;-1.81;-0.21;-0.31;1.84832356475;1;1580;
24;3855.0;1340.0;-1.07;0.16;0.39;1.15004347744;1;1560;
24;3857.0;1341.0;-0.61;0.41;0.24;0.773175271203;1;1540;
24;3876.0;1345.0;0.49;0.57;-0.22;0.783198569968;1;1520;
24;3703.0;1340.0;2.73;1.24;-0.16;3.00268213436;1;1540;
24;3715.0;1341.0;3.07;1.31;-0.31;3.35217839621;1;1560;
24;3651.0;1342.0;3.6;1.62;-0.98;4.06752996301;1;1580;
24;3700.0;1340.0;2.59;2.91;0.59;3.94008883149;1;1600;
24;3755.0;1339.0;2.22;2.97;0.84;3.80196002083;1;1620;
24;4079.0;1339.0;1.13;2.21;0.25;2.49469437006;1;1640;
24;3985.0;1338.0;0.32;-1.84;-0.31;1.89317194148;1;1620;
24;4047.0;1339.0;0.08;-2.39;-0.08;2.39267632579;1;1640;
24;4095.0;1340.0;0.05;-3.18;0.81;3.28192016966;1;1660;
24;3957.0;1340.0;0.2;-2.77;1.72;3.2666955781;1;1680;
24;3967.0;1340.0;0.29;-2.4;1.67;2.93819672588;1;1700;
24;3873.0;1341.0;0.05;0.3;0.9;0.95;1;1680;
24;3872.0;1341.0;0.01;1.66;-0.87;1.87419315974;1;1660;
24;3922.0;1350.0;-0.15;1.94;-0.62;2.04218020752;1;1680;
24;3753.0;1338.0;-0.78;3.82;-0.21;3.90447179526;1;1700;
24;4060.0;1335.0;-1.16;5.62;-0.74;5.78598306254;1;1720;
24;4095.0;1333.0;-1.55;5.37;-1.65;5.82768393103;1;1740;
24;4038.0;1336.0;-1.16;3.59;-1.38;4.01722541065;1;1760;
24;4047.0;1338.0;0.44;0.9;0.21;1.02357217625;1;1740;
24;3976.0;1336.0;0.81;-0.16;-0.3;0.878464569576;1;1720;
24;4092.0;1333.0;1.44;-3.93;-0.92;4.28542880002;1;1740;
24;3740.0;1337.0;1.07;-3.69;1.75;4.22178872044;1;1760;
24;3727.0;1337.0;1.32;-3.31;1.69;3.9439320481;1;1780;
24;3628.0;1338.0;1.86;-3.74;0.05;4.17728380649;1;1800;
24;3550.0;1339.0;1.68;-2.66;1.13;3.342887973;1;1820;
24;3553.0;1340.0;1.18;-1.07;1.01;1.88610710194;1;1800;
24;3753.0;1338.0;0.66;1.27;-1.27;1.91347850785;1;1780;
24;2786.0;1304.0;-0.74;4.75;1.33;4.98788532346;1;1800;
24;2996.0;1297.0;-0.73;5.28;0.94;5.41247632789;1;1820;
24;4095.0;1292.0;-0.25;5.03;-1.29;5.19879793799;1;1840;
24;4095.0;1426.0;-1.39;4.31;0.19;4.53258204559;1;1860;
24;3967.0;1394.0;-0.93;3.09;-0.03;3.22705748322;1;1880;
24;3885.0;1330.0;0.28;1.28;-0.19;1.32397129878;1;1860;
24;4095.0;1294.0;0.31;-2.6;-0.58;2.68188366638;1;1880;
24;4095.0;1393.0;0.98;-4.34;-0.05;4.4495505391;1;1900;
24;4028.0;1384.0;1.33;-4.54;0.23;4.73639103115;1;1920;
24;3473.0;1351.0;1.11;-3.69;0.55;3.89239001129;1;1940;
24;3493.0;1349.0;1.23;-3.55;0.41;3.77935179627;1;1960;
24;3597.0;1338.0;1.45;-3.48;-0.17;3.77383094481;1;1980;
24;3619.0;1329.0;0.58;2.58;0.51;2.69312086621;1;2000;
24;3723.0;1325.0;0.43;2.74;0.17;2.77874072198;1;2020;
24;3980.0;1323.0;0.51;0.51;0.3;0.781152993977;1;2000;
24;3882.0;1259.0;-0.65;4.99;1.29;5.19487247197;1;2020;
24;3950.0;1267.0;-1.03;5.63;1.61;5.94557818887;1;2040;
24;3712.0;1263.0;-0.87;5.01;-0.15;5.08718979398;1;2060;
24;3904.0;1262.0;-0.59;3.39;-0.17;3.44515601969;1;2080;
24;3729.0;1263.0;-0.7;2.91;0.61;3.05453760822;1;2100;
24;3946.0;1257.0;-0.19;0.67;0.8;1.06066017178;1;2080;
24;4094.0;1239.0;1.46;-1.74;-1.61;2.78411565852;1;2100;
24;4095.0;1220.0;1.15;-2.62;-0.76;2.96048982434;1;2120;
24;4059.0;1221.0;1.16;-3.47;0.28;3.66945500041;1;2140;
24;3792.0;1259.0;0.85;-3.37;0.08;3.47646372051;1;2160;
24;3752.0;1264.0;0.84;-3.41;0.35;3.52933421483;1;2180;
24;3753.0;1257.0;1.21;-2.11;0.64;2.51511431152;1;2200;
24;3847.0;1254.0;0.62;0.62;0.0;0.876812408671;1;2180;
24;3862.0;1262.0;0.71;0.68;0.1;0.98818014552;1;2160;
24;3882.0;1212.0;0.6;0.8;-0.46;1.10072703247;1;2140;
24;3675.0;1221.0;-0.47;3.36;0.0;3.39271277888;1;2160;
24;3721.0;1227.0;-0.27;3.24;-0.65;3.31556933271;1;2180;
24;3829.0;1136.0;-0.85;4.08;0.93;4.27010538512;1;2200;
24;3896.0;879.0;-0.54;3.73;-0.85;3.86354759256;1;2220;
24;3886.0;860.0;-0.27;2.52;-0.76;2.64592138961;1;2240;
24;3830.0;830.0;-0.19;1.78;0.65;1.90446842977;1;2220;
24;3728.0;973.0;0.53;0.22;0.59;0.823043133742;1;2200;
24;3752.0;1001.0;0.63;-0.01;0.51;0.81061704892;1;2180;
24;3692.0;1097.0;1.02;-1.81;0.2;2.08722303552;1;2200;
24;3812.0;1095.0;1.15;-2.55;0.58;2.85681640992;1;2220;
24;3812.0;1101.0;1.09;-2.53;0.25;2.76613448697;1;2240;
24;3824.0;1169.0;0.96;-2.89;-0.92;3.18121046144;1;2260;
24;3946.0;1233.0;0.97;-0.94;-0.03;1.35107364714;1;2240;
24;4018.0;1238.0;0.97;-0.94;-0.03;1.35107364714;1;2220;
24;3921.0;1257.0;0.76;-0.33;-1.06;1.3453995689;1;2200;
24;3991.0;1255.0;0.41;1.44;0.02;1.49736435112;1;2180;
24;3891.0;1208.0;-0.86;2.7;2.11;3.53294494721;1;2200;
24;4032.0;901.0;-0.27;3.45;1.29;3.69316937061;1;2220;
24;3848.0;755.0;-0.65;3.98;1.26;4.22498520707;1;2240;
24;3850.0;758.0;-0.61;4.17;0.93;4.31577339535;1;2260;
24;3836.0;715.0;-0.9;3.81;-0.72;3.98051504205;1;2280;
24;3776.0;879.0;0.11;1.11;-0.8;1.37266164804;1;2260;
24;3744.0;917.0;0.1;1.1;-0.65;1.2816005618;1;2240;
24;3751.0;1053.0;0.65;0.5;-0.41;0.916842407396;1;2220;
24;3786.0;1177.0;1.01;-0.91;0.28;1.38802017276;1;2200;
24;3795.0;1188.0;1.01;-0.81;0.3;1.32898457478;1;2180;
24;3690.0;1214.0;1.13;-2.68;0.23;2.91756747994;1;2200;
24;3714.0;1180.0;0.75;-2.87;0.36;2.98814323619;1;2220;
24;3788.0;1179.0;0.38;-2.76;0.24;2.79635477005;1;2240;
24;3734.0;1188.0;0.9;-2.72;0.08;2.86614723976;1;2260;
24;3831.0;1237.0;0.3;0.44;-0.93;1.07168092266;1;2240;
24;3808.0;1243.0;0.27;0.58;-0.87;1.07990740344;1;2220;
24;3786.0;1230.0;0.75;0.07;0.59;0.956817641978;1;2200;
24;3848.0;1221.0;-0.78;3.14;1.01;3.38940997815;1;2220;
24;3915.0;1214.0;-0.95;3.08;1.72;3.65339568073;1;2240;
24;3932.0;1221.0;-0.52;3.37;1.16;3.60179122105;1;2260;
24;4012.0;1239.0;-0.79;3.82;-0.36;3.91740985857;1;2280;
24;4007.0;1244.0;-0.81;3.41;-0.21;3.51116789687;1;2300;
24;3977.0;1269.0;-0.21;1.93;-0.41;1.98421269021;1;2280;
24;3865.0;1282.0;0.11;1.41;-0.41;1.47251485561;1;2260;
24;3904.0;1286.0;0.19;1.05;-0.53;1.19142771497;1;2240;
24;3879.0;1265.0;1.02;-1.09;-0.32;1.52672852859;1;2220;
24;3851.0;1261.0;1.37;-2.31;-0.23;2.6955333424;1;2240;
24;3733.0;1259.0;1.66;-2.48;-0.07;2.98511306319;1;2260;
24;3774.0;1271.0;1.21;-2.81;0.47;3.09533519994;1;2280;
24;3849.0;1265.0;1.15;-2.39;1.0;2.83453699923;1;2300;
24;3826.0;1261.0;0.86;-1.49;0.87;1.92784854177;1;2280;
24;3847.0;1267.0;0.95;0.24;0.13;0.988433103452;1;2260;
24;3688.0;1275.0;0.61;1.76;-0.07;1.86402789679;1;2240;
24;3744.0;1273.0;0.39;1.69;0.24;1.75094260329;1;2220;
24;3700.0;1275.0;-0.7;2.86;0.26;2.95587550482;1;2240;
24;3821.0;1302.0;-0.25;1.63;-0.54;1.73522332857;1;2220;
24;3749.0;1303.0;-0.56;1.74;-0.32;1.85569394028;1;2200;
24;3830.0;1311.0;-0.79;2.04;0.35;2.21544577907;1;2220;
24;3844.0;1309.0;-0.6;0.0;-0.27;0.657951365984;1;2200;
24;3892.0;1305.0;-0.56;0.13;0.0;0.574891294072;1;2180;
24;3948.0;1307.0;-0.56;0.04;0.02;0.561782876208;1;2160;
24;4004.0;1304.0;0.16;0.22;0.04;0.274954541697;1;2140;
24;3924.0;1304.0;0.33;0.2;-0.01;0.386005181312;1;2120;
24;3992.0;1300.0;1.54;1.01;-0.47;1.90068408737;1;2100;
24;3769.0;1304.0;2.19;1.69;-0.81;2.88241218427;1;2120;
24;3804.0;1307.0;2.38;1.79;-0.86;3.09969353324;1;2140;
24;3838.0;1316.0;2.47;1.41;-0.08;2.84524164176;1;2160;
24;3905.0;1324.0;1.58;0.65;1.6;2.340705022;1;2180;
24;3813.0;1325.0;1.22;0.25;1.75;2.14788267836;1;2200;
24;3860.0;1327.0;0.67;-0.62;1.95;2.15309080162;1;2220;
24;3802.0;1335.0;-1.02;-0.13;2.18;2.41033192735;1;2240;
24;3844.0;1334.0;-1.03;-0.19;1.63;1.9374983871;1;2220;
24;3838.0;1336.0;-0.99;-1.14;1.25;1.96015305525;1;2200;
24;3812.0;1337.0;-0.46;0.21;-0.2;0.543783044973;1;2180;
24;3680.0;1338.0;-0.22;0.05;-0.65;0.688040696471;1;2160;
24;3657.0;1338.0;-0.57;0.28;-0.34;0.720347138538;1;2140;
24;3827.0;1338.0;-0.53;0.63;-1.12;1.39003597076;1;2120;
24;3888.0;1337.0;-0.46;0.67;-1.08;1.35162864723;1;2100;
24;3962.0;1338.0;-0.42;0.72;-1.2;1.46109547943;1;2080;
24;3931.0;1338.0;-0.34;0.89;-1.12;1.47040810662;1;2060;
24;3962.0;1340.0;-0.38;0.99;-1.08;1.5135719342;1;2040;
24;3893.0;1338.0;0.02;1.07;-1.13;1.55634186476;1;2020;
24;3898.0;1337.0;0.1;0.96;-1.18;1.52446712001;1;2000;
24;3903.0;1338.0;0.33;0.96;-1.42;1.74553716661;1;1980;
24;3910.0;1338.0;0.55;1.25;-1.33;1.90627909814;1;1960;
24;3781.0;1337.0;1.32;1.76;-1.3;2.55538646784;1;1980;
24;3822.0;1339.0;1.47;1.56;-1.94;2.89103787592;1;2000;
24;3754.0;1337.0;1.41;1.4;-0.73;2.11683726347;1;2020;
24;3804.0;1339.0;1.02;0.79;1.25;1.79638525935;1;2000;
24;3779.0;1338.0;0.98;0.79;1.81;2.20467684707;1;2020;
24;3808.0;1338.0;1.63;0.6;0.68;1.86528818149;1;2000;
24;3704.0;1338.0;1.67;0.36;0.91;1.9356135978;1;1980;
24;3755.0;1337.0;1.39;0.42;1.55;2.12391148591;1;2000;
24;3722.0;1337.0;1.24;0.74;1.38;1.9973983078;1;1980;
24;3790.0;1338.0;1.18;0.32;0.58;1.35321838592;1;1960;
24;3737.0;1339.0;0.76;0.27;1.1;1.36400146627;1;1940;
24;3882.0;1339.0;0.09;-0.33;1.96;1.98962307988;1;1920;
24;3762.0;1340.0;-0.07;-0.28;1.49;1.51769562166;1;1900;
24;3820.0;1340.0;-0.08;0.0;1.25;1.25255738392;1;1880;
24;3932.0;1340.0;-0.39;0.0;1.43;1.48222805263;1;1860;
24;4028.0;1339.0;-0.39;-0.19;-0.1;0.445196585791;1;1840;
24;3957.0;1339.0;-0.56;-0.06;0.2;0.597662111899;1;1820;
24;4011.0;1339.0;-0.92;0.12;0.48;1.04460518858;1;1800;
24;3925.0;1339.0;-0.64;0.13;-0.9;1.11198021565;1;1780;
24;3977.0;1339.0;-0.82;0.35;-0.77;1.17804923496;1;1760;
24;3978.0;1340.0;-1.07;0.52;-0.4;1.25510955697;1;1740;
24;3908.0;1338.0;-0.63;0.65;-0.57;1.06971958943;1;1720;
24;3859.0;1339.0;-0.57;0.82;-0.83;1.29853763904;1;1700;
24;3836.0;1340.0;-0.39;0.78;-0.89;1.24603370741;1;1680;
24;3869.0;1338.0;-0.07;0.78;-1.5;1.6921288367;1;1660;
24;3881.0;1338.0;-0.08;0.76;-1.36;1.56;1;1640;
24;3881.0;1339.0;0.2;0.82;-1.14;1.41844985812;1;1620;
24;3770.0;1339.0;0.46;0.98;-1.33;1.7149052452;1;1600;
24;3775.0;1339.0;0.53;0.92;-1.17;1.57993670759;1;1580;
24;3734.0;1340.0;0.62;1.25;-1.34;1.93455421222;1;1560;
24;3795.0;1340.0;1.09;1.02;-0.91;1.74831347304;1;1540;
24;3818.0;1338.0;1.18;1.07;-0.79;1.77803262062;1;1520;
24;3809.0;1337.0;1.07;0.89;-0.13;1.39781973087;1;1500;
24;3683.0;1337.0;1.19;1.08;0.88;1.83218448853;1;1480;
24;3667.0;1338.0;1.42;1.06;0.94;2.00589132308;1;1500;
24;3736.0;1338.0;1.68;0.88;0.31;1.92169196283;1;1480;
24;3994.0;1336.0;1.35;0.74;1.76;2.33831135651;1;1500;
24;3893.0;1336.0;1.28;0.5;1.71;2.19374109685;1;1520;
24;4039.0;1338.0;1.1;0.3;1.42;1.82109856955;1;1500;
24;3942.0;1338.0;0.91;0.32;1.24;1.57101877774;1;1480;
24;3993.0;1338.0;0.71;0.41;1.01;1.30088431461;1;1460;
24;3926.0;1338.0;0.62;-0.14;1.25;1.4023195071;1;1440;
24;4025.0;1338.0;-0.23;-0.1;1.49;1.51095995976;1;1420;
24;3905.0;1338.0;-0.42;-0.17;1.73;1.78835119593;1;1400;
24;3929.0;1338.0;-0.59;-0.5;1.63;1.80416185527;1;1380;
24;3837.0;1338.0;-0.83;-0.98;0.26;1.31030530793;1;1360;
24;3882.0;1339.0;-0.84;-0.65;0.45;1.15351636313;1;1340;
24;3898.0;1339.0;-1.28;-0.27;0.55;1.41908421174;1;1320;
24;3863.0;1339.0;-1.01;0.18;-0.28;1.06343782141;1;1300;
24;3785.0;1339.0;-1.11;0.26;-0.11;1.14533837795;1;1280;
24;3803.0;1339.0;-1.13;0.53;-0.08;1.25067981514;1;1260;
24;3841.0;1339.0;-0.75;0.88;-1.87;2.19859045754;1;1280;
24;3848.0;1340.0;-0.65;0.81;-2.15;2.3876976358;1;1300;
24;3848.0;1339.0;-0.75;0.98;-1.56;1.98909527173;1;1280;
24;3718.0;1338.0;-0.13;0.97;-2.03;2.2535971246;1;1300;
24;3678.0;1340.0;-0.02;0.87;-2.14;2.31017315368;1;1320;
24;3733.0;1340.0;0.12;0.78;-1.64;1.82;1;1300;
24;3987.0;1339.0;0.4;0.9;-1.13;1.4989663105;1;1280;
24;4044.0;1339.0;0.66;0.66;-0.69;1.16073252733;1;1260;
24;4029.0;1339.0;0.97;1.01;-0.88;1.65390447124;1;1240;
24;3831.0;1337.0;0.98;0.94;0.44;1.4274452704;1;1220;
24;3843.0;1337.0;1.12;0.94;0.25;1.48340823781;1;1200;
24;3764.0;1339.0;0.89;0.74;0.26;1.18629675883;1;1180;
24;3863.0;1337.0;0.75;0.12;1.27;1.47979728341;1;1160;
24;3882.0;1336.0;0.82;0.22;1.17;1.44557946859;1;1140;
24;3891.0;1337.0;0.95;0.18;0.15;0.978468190592;1;1120;
24;3719.0;1337.0;1.48;-0.28;0.34;1.54415025176;1;1100;
24;3726.0;1337.0;1.46;0.09;0.0;1.46277134235;1;1080;
24;3732.0;1337.0;0.58;0.93;0.23;1.11991071073;1;1060;
24;3891.0;1338.0;0.43;0.6;1.36;1.54741720295;1;1040;
24;3766.0;1337.0;0.34;0.91;1.18;1.52843056761;1;1020;
24;3888.0;1339.0;0.78;0.49;1.66;1.89844673352;0;1000;
24;3792.0;1339.0;0.46;0.64;-0.35;0.862380426494;0;980;
24;3798.0;1338.0;0.52;0.32;-1.09;1.24935983608;0;960;
24;3683.0;1337.0;0.88;0.05;-2.55;2.69803632296;0;980;
24;3713.0;1337.0;0.85;-0.06;-2.49;2.63176746693;0;1000;
24;3836.0;1337.0;0.84;0.22;-1.77;1.9715222545;0;980;
24;3814.0;1337.0;-0.64;0.82;1.27;1.64161505841;0;960;
24;3830.0;1338.0;-0.62;0.65;1.02;1.35915414873;0;940;
24;3751.0;1337.0;0.0;0.49;0.39;0.626258732474;0;920;
24;3910.0;1337.0;1.03;0.6;-0.65;1.35771867484;0;900;
24;3806.0;1336.0;1.03;0.6;-0.88;1.48165448064;0;880;
24;3922.0;1337.0;0.78;0.56;0.02;0.960416576283;0;860;
24;3877.0;1338.0;0.63;-0.01;0.12;0.641404708433;0;840;
24;3896.0;1338.0;0.79;-0.12;0.04;0.800062497559;0;820;
24;3901.0;1340.0;-1.82;-1.42;9.43;9.7084344773;0;840;
24;4010.0;1339.0;0.47;1.37;0.75;1.63104261134;0;820;
24;3940.0;1340.0;0.37;0.98;0.01;1.0475686135;0;800;
24;3982.0;1338.0;0.28;0.31;0.38;0.56471231614;0;780;
24;3958.0;1336.0;0.47;1.09;-0.14;1.19524056156;0;760;
24;4017.0;1337.0;0.42;0.82;0.05;0.922659200355;0;740;
24;4095.0;1337.0;0.55;0.19;0.16;0.603489850785;0;720;
24;4095.0;1337.0;0.42;0.11;1.51;1.57117790208;0;700;
24;4095.0;1338.0;0.56;0.5;0.0;0.750732975165;0;680;
24;4095.0;1346.0;0.36;0.16;0.13;0.414849370254;0;660;
24;4095.0;1346.0;0.5;0.27;-0.88;1.04752088285;0;640;
24;4012.0;1345.0;0.39;0.41;-1.51;1.61254457303;0;620;
24;3757.0;1342.0;0.41;0.74;-2.05;2.21770151283;0;640;
24;3712.0;1340.0;0.02;-1.63;-0.04;1.63061338152;0;620;
24;3728.0;1339.0;-0.16;-0.9;-0.73;1.16982904734;0;600;
24;3849.0;1339.0;0.64;0.13;-0.12;0.664003012041;0;580;
24;3806.0;1326.0;2.69;3.46;0.8;4.45507575693;0;600;
24;3884.0;1323.0;1.2;2.51;0.42;2.81362755176;0;620;
24;4095.0;1312.0;1.15;2.83;0.18;3.06003267956;0;640;
24;3896.0;1317.0;-0.3;0.58;2.52;2.60322876444;0;660;
24;3921.0;1319.0;0.07;-0.15;0.96;0.974166310237;0;640;
24;3710.0;1321.0;-0.25;0.19;-1.05;1.09594707901;0;620;
24;3966.0;1324.0;3.04;-1.71;0.46;3.51813871244;0;640;
24;3884.0;1321.0;-0.08;-0.42;2.4;2.43778588067;0;660;
24;3985.0;1320.0;1.35;0.92;-3.0;3.4159771662;0;680;
24;3717.0;1321.0;0.35;0.37;0.71;0.873784870549;0;660;
24;3736.0;1323.0;0.15;0.03;0.84;0.853814968245;0;640;
24;3765.0;1327.0;0.52;0.81;0.2;0.983107318659;0;620;
24;3909.0;1328.0;0.43;0.3;0.21;0.564800849858;0;600;
24;3847.0;1330.0;0.46;0.3;0.0;0.54918120871;0;580;
24;3859.0;1329.0;0.41;0.32;0.12;0.533760245803;0;560;
24;3858.0;1330.0;0.37;0.25;0.07;0.4519955752;0;540;
24;3880.0;1330.0;0.28;0.17;0.11;0.345543050863;0;520;
24;3879.0;1331.0;0.28;0.22;0.04;0.358329457343;0;500;
24;3960.0;1331.0;0.25;0.17;0.05;0.306431068921;0;480;
24;3902.0;1331.0;0.28;0.22;0.08;0.364965751818;0;460;
24;3963.0;1331.0;0.21;0.11;0.1;0.257293606605;0;440;
24;3855.0;1333.0;0.21;0.16;0.11;0.286006992922;0;420;
24;3852.0;1331.0;0.23;0.2;0.0;0.304795013083;0;400;
24;3816.0;1331.0;0.15;0.22;0.01;0.266458251889;0;380;
24;3833.0;1331.0;0.15;0.11;0.01;0.186279360102;0;360;
24;3778.0;1331.0;0.34;0.27;-0.07;0.439772668546;0;340;
24;3855.0;1332.0;0.27;0.15;0.03;0.310322412984;0;320;
24;3978.0;1331.0;0.18;0.21;-0.01;0.276767050062;0;300;
24;3995.0;1331.0;0.27;0.17;-0.18;0.36633318168;0;280;
24;4000.0;1330.0;0.15;0.13;0.01;0.198746069144;0;260;
24;3996.0;1330.0;0.21;0.1;-0.04;0.236008474424;0;240;
24;4060.0;1330.0;0.22;0.09;-0.08;0.25079872408;0;220;
24;4030.0;1330.0;0.18;0.11;-0.03;0.213072757527;0;200;
24;4051.0;1330.0;0.17;0.07;-0.15;0.237276210354;0;180;
24;4029.0;1331.0;0.14;0.13;0.16;0.249198715888;0;160;
24;3958.0;1332.0;0.13;0.11;-0.03;0.172916164658;0;140;
24;3869.0;1331.0;0.14;0.12;-0.07;0.197230829233;0;120;
24;3895.0;1332.0;0.19;0.12;-0.13;0.259615099715;0;100;
24;3921.0;1332.0;0.13;0.08;-0.02;0.153948043183;0;80;
24;4034.0;1332.0;0.15;0.12;-0.12;0.226495033058;0;60;
24;4018.0;1332.0;0.15;0.1;-0.07;0.193390796058;0;40;
24;4031.0;1331.0;0.08;0.1;0.12;0.175499287748;0;20;
24;3938.0;1333.0;0.05;0.06;0.29;0.300333148354;0;0;
24;3977.0;1331.0;0.08;0.08;0.23;0.25632011236;0;0;
24;4076.0;1332.0;0.09;0.1;-0.04;0.140356688476;0;0;
24;4094.0;1332.0;0.13;0.14;0.01;0.191311264697;0;0;
24;4095.0;1330.0;0.1;0.08;0.17;0.212837966538;0;0;
24;4084.0;1332.0;0.07;0.05;0.31;0.321714158843;0;0;
24;4043.0;1333.0;0.11;0.08;0.12;0.181383571472;0;0;
24;4032.0;1330.0;0.11;0.09;0.06;0.154272486205;0;0;
24;4056.0;1332.0;0.11;0.08;0.03;0.139283882772;0;0;
24;4000.0;1331.0;0.06;0.1;0.01;0.117046999107;0;0;
24;3834.0;1331.0;0.12;0.07;-0.04;0.144568322948;0;0;
24;3879.0;1332.0;0.07;0.06;0.03;0.0969535971483;0;0;
24;3908.0;1331.0;0.07;0.08;0.04;0.113578166916;0;0;
24;3871.0;1330.0;0.12;0.1;0.02;0.15748015748;0;0;
24;3875.0;1331.0;0.07;0.1;0.0;0.122065556157;0;0;
24;3783.0;1330.0;0.1;0.06;0.0;0.116619037897;0;0;
24;3831.0;1331.0;0.08;0.08;-0.06;0.128062484749;0;0;
24;3854.0;1330.0;0.08;0.04;0.01;0.09;0;0;
24;3829.0;1331.0;0.07;0.06;-0.02;0.0943398113206;0;0;
24;3853.0;1332.0;0.08;0.07;0.0;0.106301458127;0;0;
24;3776.0;1330.0;0.08;0.06;0.0;0.1;0;0;
24;3802.0;1331.0;0.1;0.04;-0.07;0.128452325787;0;0;
24;3752.0;1331.0;0.11;0.06;-0.02;0.126885775404;0;0;
24;3814.0;1330.0;0.09;0.05;-0.11;0.150665191733;0;0;
24;3803.0;1332.0;0.06;0.08;0.03;0.104403065089;0;0;
24;3818.0;1330.0;0.1;0.05;0.01;0.112249721603;0;0;
24;3855.0;1332.0;0.05;0.08;-0.01;0.0948683298051;0;0;
24;3844.0;1330.0;0.08;0.05;0.02;0.0964365076099;0;0;
24;3943.0;1331.0;0.08;0.06;0.01;0.100498756211;0;0;
24;3977.0;1330.0;0.08;0.06;0.0;0.1;0;0;
24;3995.0;1332.0;0.11;0.06;0.0;0.125299640861;0;0;
24;4023.0;1332.0;0.1;0.08;0.04;0.13416407865;0;0;
24;3995.0;1331.0;0.1;0.06;-0.03;0.120415945788;0;0;
24;3962.0;1329.0;0.09;0.09;0.03;0.130766968306;0;0;
24;3860.0;1330.0;0.08;0.06;0.09;0.134536240471;0;0;
24;3927.0;1331.0;0.11;0.07;-0.05;0.139642400438;0;0;
24;3857.0;1330.0;0.06;0.09;0.01;0.108627804912;0;0;
24;3922.0;1331.0;0.12;0.04;-0.08;0.149666295471;0;0;
24;3860.0;1331.0;0.07;0.1;0.13;0.178325545001;0;0;
24;3808.0;1330.0;0.06;0.04;0.09;0.115325625947;0;0;
24;3873.0;1331.0;0.1;0.07;-0.06;0.136014705087;0;0;
24;3857.0;1331.0;0.07;0.08;0.01;0.10677078252;0;0;
24;3881.0;1331.0;0.1;0.05;-0.04;0.11874342087;0;0;
24;3785.0;1330.0;0.08;0.04;0.0;0.0894427191;0;0;
24;3853.0;1331.0;0.08;0.05;0.03;0.0989949493661;0;0;
24;3810.0;1331.0;0.06;0.1;0.07;0.136014705087;0;0;
24;3832.0;1331.0;0.11;0.09;0.0;0.142126704036;0;0;
24;3787.0;1329.0;0.07;0.05;0.01;0.0866025403784;0;0;
24;3845.0;1330.0;0.13;0.09;-0.01;0.158429795178;0;0;
24;3777.0;1330.0;0.1;0.07;0.0;0.122065556157;0;0;
24;3764.0;1331.0;0.11;0.06;-0.03;0.128840987267;0;0;
24;3884.0;1331.0;0.07;0.08;0.05;0.117473401245;0;0;
24;3904.0;1331.0;0.11;0.06;-0.01;0.1256980509;0;0;
24;4083.0;1330.0;0.09;0.08;-0.04;0.126885775404;0;0;
24;4084.0;1331.0;0.1;0.08;-0.01;0.128452325787;0;0;
24;4054.0;1331.0;0.08;0.06;-0.03;0.104403065089;0;0;
24;3987.0;1332.0;0.1;0.08;-0.02;0.129614813968;0;0;
24;3994.0;1331.0;0.1;0.05;-0.02;0.113578166916;0;0;
24;3995.0;1332.0;0.1;0.05;-0.02;0.113578166916;0;0;
24;3930.0;1330.0;0.12;0.07;-0.03;0.142126704036;0;0;
24;3963.0;1332.0;0.05;0.04;0.0;0.0640312423743;0;0;
24;3871.0;1330.0;0.07;0.06;0.02;0.0943398113206;0;0;
24;3883.0;1332.0;0.11;0.06;0.02;0.126885775404;0;0;
24;3838.0;1331.0;0.11;0.09;0.03;0.145258390463;0;0;
24;3900.0;1330.0;0.1;0.05;-0.08;0.137477270849;0;0;
24;3882.0;1331.0;0.09;0.06;0.0;0.108166538264;0;0;
24;3886.0;1330.0;0.08;0.07;-0.06;0.122065556157;0;0;
24;3796.0;1330.0;0.09;0.08;0.03;0.12409673646;0;0;
24;3838.0;1330.0;0.07;0.06;0.0;0.0921954445729;0;0;
24;3781.0;1331.0;0.07;0.05;0.02;0.0883176086633;0;0;
24;3769.0;1331.0;0.1;0.08;0.05;0.137477270849;0;0;
24;3821.0;1331.0;0.07;0.06;0.03;0.0969535971483;0;0;
24;3798.0;1330.0;0.06;0.06;0.06;0.103923048454;0;0;
24;3755.0;1331.0;0.1;0.08;0.13;0.182482875909;0;0;
24;3851.0;1329.0;0.13;0.02;-0.09;0.159373774505;0;0;
24;3867.0;1330.0;0.1;0.05;-0.07;0.131909059583;0;0;
24;4056.0;1330.0;0.14;0.09;-0.04;0.171172427686;0;0;
24;4078.0;1330.0;0.05;0.04;0.03;0.0707106781187;0;0;
24;4091.0;1331.0;0.09;0.08;0.01;0.120830459736;0;0;
24;4054.0;1330.0;0.05;0.02;-0.09;0.104880884817;0;0;
24;3945.0;1332.0;0.06;0.04;0.07;0.100498756211;0;0;
24;3934.0;1331.0;0.07;0.07;0.11;0.147986485869;0;0;
24;3905.0;1332.0;0.11;0.06;-0.02;0.126885775404;0;0;
24;3830.0;1332.0;0.13;0.09;-0.02;0.159373774505;0;0;
24;3819.0;1330.0;0.1;0.08;-0.02;0.129614813968;0;0;
24;3841.0;1330.0;0.05;0.03;0.0;0.0583095189485;0;0;
24;3765.0;1331.0;0.08;0.06;0.05;0.111803398875;0;0;
24;3760.0;1329.0;0.08;0.08;0.03;0.117046999107;0;0;
24;3826.0;1332.0;0.1;0.08;0.0;0.128062484749;0;0;
24;3832.0;1331.0;0.08;0.06;-0.05;0.111803398875;0;0;
24;3743.0;1331.0;0.09;0.06;0.0;0.108166538264;0;0;
24;3781.0;1330.0;0.04;0.06;0.02;0.0748331477355;0;0;
24;3783.0;1330.0;0.05;0.09;0.01;0.103440804328;0;0;
24;3804.0;1331.0;0.07;0.04;0.06;0.100498756211;0;0;
24;3763.0;1330.0;0.11;0.1;0.0;0.148660687473;0;0;
24;3785.0;1330.0;0.1;0.05;-0.02;0.113578166916;0;0;
24;3990.0;1330.0;0.1;0.09;-0.07;0.151657508881;0;0;
24;4070.0;1331.0;0.07;0.07;0.02;0.100995049384;0;0;
24;4056.0;1330.0;0.04;0.0;0.0;0.04;0;0;
24;4065.0;1330.0;0.05;0.04;0.0;0.0640312423743;0;0;
24;4057.0;1330.0;0.07;0.04;0.0;0.080622577483;0;0;
24;3952.0;1331.0;0.08;0.05;0.03;0.0989949493661;0;0;
24;3960.0;1331.0;0.11;0.04;0.05;0.127279220614;0;0;
24;4008.0;1331.0;0.11;0.07;-0.11;0.170587221092;0;0;
24;4011.0;1331.0;0.02;0.04;0.02;0.0489897948557;0;0;
24;3927.0;1330.0;0.08;0.11;0.04;0.141774468788;0;0;
24;3851.0;1331.0;0.07;0.06;0.08;0.122065556157;0;0;
24;3864.0;1331.0;0.04;0.06;-0.02;0.0748331477355;0;0;
24;3787.0;1331.0;0.08;0.06;-0.02;0.101980390272;0;0;
24;3754.0;1331.0;0.08;0.0;0.01;0.080622577483;0;0;
24;3810.0;1332.0;0.04;0.01;-0.11;0.117473401245;0;0;
24;3858.0;1331.0;0.11;0.04;-0.2;0.231732604525;0;0;
24;3816.0;1331.0;0.04;0.07;0.2;0.215638586528;0;0;
24;3861.0;1333.0;0.08;0.08;0.15;0.187882942281;0;0;
24;3997.0;1331.0;0.12;0.07;-0.09;0.165529453572;0;0;
24;4095.0;1332.0;0.04;0.08;-0.04;0.0979795897113;0;0;
24;4088.0;1332.0;0.0;-0.09;-0.14;0.166433169771;0;0;
24;4041.0;1332.0;0.09;0.0;-0.19;0.210237960416;0;0;
24;3965.0;1330.0;0.06;0.03;-0.08;0.104403065089;0;0;
24;3969.0;1331.0;0.02;0.03;0.04;0.0538516480713;0;0;
24;3913.0;1331.0;0.01;0.16;0.04;0.165227116419;0;0;
24;3883.0;1331.0;0.05;0.1;-0.02;0.113578166916;0;0;
24;3865.0;1330.0;0.1;0.07;-0.1;0.157797338381;0;0;
24;3796.0;1331.0;0.08;0.09;-0.06;0.134536240471;0;0;
24;3773.0;1330.0;0.07;0.05;-0.13;0.155884572681;0;0;
24;3815.0;1331.0;0.05;0.01;-0.06;0.0787400787401;0;0;
24;4010.0;1331.0;0.01;0.02;-0.07;0.0734846922835;0;0;
24;3994.0;1331.0;0.03;0.03;0.11;0.117898261226;0;0;
24;3965.0;1331.0;0.05;0.06;0.1;0.126885775404;0;0;
24;3871.0;1331.0;0.11;0.05;-0.09;0.150665191733;0;0;
24;3798.0;1331.0;0.05;0.03;0.01;0.059160797831;0;0;
24;3827.0;1332.0;0.05;0.09;0.07;0.12449899598;0;0;
24;3947.0;1331.0;0.08;0.06;-0.04;0.107703296143;0;0;
24;3968.0;1331.0;0.13;0.15;-0.11;0.226936114358;0;0;
24;3947.0;1331.0;0.05;0.18;0.05;0.193390796058;0;0;
24;3860.0;1332.0;0.01;0.14;0.13;0.191311264697;0;0;
24;3919.0;1331.0;0.06;0.06;0.02;0.0871779788708;0;0;
24;3906.0;1330.0;0.08;0.05;-0.18;0.203224014329;0;0;
24;3922.0;1331.0;0.03;0.03;-0.04;0.0583095189485;0;0;
24;3892.0;1331.0;0.02;0.1;0.11;0.15;0;0;
24;3943.0;1332.0;-0.06;0.01;0.2;0.209045449604;0;0;
24;3961.0;1332.0;0.08;0.05;-0.02;0.0964365076099;0;0;
24;3876.0;1330.0;0.11;0.06;0.0;0.125299640861;0;0;
24;3812.0;1331.0;0.07;0.09;0.06;0.128840987267;0;0;
24;3854.0;1330.0;0.08;0.1;0.0;0.128062484749;0;0;
24;3910.0;1331.0;0.05;0.05;-0.02;0.0734846922835;0;0;
24;3836.0;1331.0;0.04;0.09;0.11;0.147648230602;0;0;
24;3850.0;1331.0;0.01;0.03;0.13;0.133790881603;0;0;
24;4093.0;1331.0;0.05;0.06;0.01;0.0787400787401;0;0;
24;4094.0;1333.0;0.1;0.08;-0.08;0.150996688705;0;0;
24;4095.0;1331.0;0.13;0.06;-0.11;0.180554700853;0;0;
24;4047.0;1331.0;0.09;0.08;0.0;0.120415945788;0;0;
24;4062.0;1332.0;0.02;0.07;0.01;0.0734846922835;0;0;
24;4017.0;1331.0;0.01;0.06;0.02;0.0640312423743;0;0;
24;3915.0;1331.0;0.02;0.04;0.05;0.067082039325;0;0;
24;3950.0;1331.0;0.09;0.07;0.0;0.11401754251;0;0;
24;3962.0;1331.0;0.06;0.06;0.04;0.0938083151965;0;0;
24;3892.0;1331.0;0.08;0.07;0.06;0.122065556157;0;0;
24;3840.0;1331.0;0.1;0.05;-0.07;0.131909059583;0;0;
24;3859.0;1331.0;0.09;0.07;-0.08;0.139283882772;0;0;
24;3895.0;1332.0;0.05;0.06;-0.08;0.111803398875;0;0;
24;3887.0;1331.0;0.01;0.06;0.14;0.152643375225;0;0;
24;3847.0;1330.0;0.05;0.07;0.08;0.117473401245;0;0;
24;4089.0;1331.0;0.11;0.05;-0.11;0.163401346384;0;0;
24;4095.0;1331.0;0.07;0.07;0.0;0.0989949493661;0;0;
24;4095.0;1330.0;0.07;0.08;-0.02;0.108166538264;0;0;
24;4094.0;1332.0;0.03;0.04;-0.05;0.0707106781187;0;0;
24;4095.0;1331.0;0.05;0.05;0.02;0.0734846922835;0;0;
24;4021.0;1331.0;0.07;0.09;0.04;0.120830459736;0;0;
24;4071.0;1331.0;0.04;0.06;0.09;0.115325625947;0;0;
24;3981.0;1330.0;0.09;0.06;0.05;0.119163752878;0;0;
24;3984.0;1332.0;0.11;0.08;-0.06;0.148660687473;0;0;
24;3928.0;1332.0;0.03;0.06;0.08;0.104403065089;0;0;
24;4004.0;1332.0;0.09;0.07;-0.1;0.151657508881;0;0;
24;3915.0;1332.0;0.05;0.1;0.02;0.113578166916;0;0;
24;3904.0;1331.0;0.07;0.08;-0.08;0.133041346957;0;0;
24;3840.0;1332.0;0.07;0.07;0.09;0.133790881603;0;0;
24;3818.0;1330.0;0.07;0.07;0.03;0.103440804328;0;0;
24;3840.0;1330.0;0.07;0.08;0.0;0.106301458127;0;0;
24;3885.0;1331.0;0.04;0.04;-0.08;0.0979795897113;0;0;
24;4006.0;1331.0;0.03;0.04;0.05;0.0707106781187;0;0;
24;3973.0;1330.0;0.05;0.05;0.14;0.156843871414;0;0;
24;4095.0;1330.0;0.03;0.07;0.1;0.1256980509;0;0;
24;4095.0;1331.0;0.09;0.09;0.02;0.128840987267;0;0;
24;4094.0;1331.0;0.09;0.07;-0.05;0.12449899598;0;0;
24;4095.0;1332.0;0.01;0.03;0.0;0.0316227766017;0;0;
24;4092.0;1331.0;0.04;0.05;0.02;0.067082039325;0;0;
24;4034.0;1331.0;0.03;0.04;-0.02;0.0538516480713;0;0;
24;3971.0;1331.0;0.06;0.06;0.02;0.0871779788708;0;0;
24;3925.0;1331.0;0.04;0.06;0.03;0.0781024967591;0;0;
24;3964.0;1330.0;0.09;0.08;-0.01;0.120830459736;0;0;
24;3944.0;1331.0;0.07;0.05;-0.04;0.0948683298051;0;0;
24;3877.0;1330.0;0.05;0.05;-0.04;0.0812403840464;0;0;
