24;3708.0;1322.0;-0.01;0.0;0.0;0.01;0;0;
24;3719.0;1322.0;0.0;0.02;0.0;0.02;0;0;
24;3576.0;1321.0;0.0;0.02;0.0;0.02;0;0;
24;3612.0;1323.0;0.0;0.0;-0.01;0.01;0;0;
24;3695.0;1322.0;0.01;0.0;-0.07;0.0707106781187;0;0;
24;3636.0;1323.0;0.0;0.0;0.0;0.0;0;0;
24;3641.0;1322.0;0.0;0.0;-0.02;0.02;0;0;
24;3803.0;1323.0;0.0;0.0;0.02;0.02;0;0;
24;4095.0;1332.0;0.0;-0.02;-0.06;0.0632455532034;0;0;
24;4095.0;1361.0;0.02;0.01;0.0;0.022360679775;0;0;
24;4095.0;1394.0;0.0;0.0;-0.01;0.01;0;0;
24;4095.0;1378.0;0.0;-0.02;0.0;0.02;0;0;
24;4095.0;1374.0;0.0;0.0;0.01;0.01;0;0;
24;4027.0;1366.0;0.0;0.01;0.02;0.022360679775;0;0;
24;4068.0;1355.0;0.02;0.04;-0.08;0.0916515138991;0;0;
24;3854.0;1337.0;-0.02;0.01;0.02;0.03;0;0;
24;3879.0;1337.0;-0.01;0.0;0.02;0.022360679775;0;0;
24;3920.0;1335.0;0.01;0.0;-0.07;0.0707106781187;0;0;
24;3812.0;1330.0;0.0;0.0;0.03;0.03;0;0;
24;3816.0;1326.0;0.0;0.0;-0.02;0.02;0;0;
24;3796.0;1327.0;-0.01;0.0;-0.08;0.080622577483;0;0;
24;3740.0;1324.0;0.01;0.0;0.02;0.022360679775;0;0;
24;3742.0;1325.0;0.0;0.0;-0.06;0.06;0;0;
24;3765.0;1323.0;0.0;0.0;-0.02;0.02;0;0;
24;3709.0;1322.0;0.01;0.0;0.02;0.022360679775;0;0;
24;3755.0;1322.0;0.01;0.0;-0.03;0.0316227766017;0;0;
24;3727.0;1324.0;0.0;0.0;0.02;0.02;0;0;
24;3687.0;1322.0;0.0;0.02;-0.06;0.0632455532034;0;0;
24;3683.0;1321.0;0.0;0.0;-0.04;0.04;0;0;
24;3540.0;1322.0;0.01;-0.02;0.04;0.0458257569496;0;0;
24;3703.0;1321.0;0.01;0.0;0.02;0.022360679775;0;0;
24;3609.0;1321.0;0.0;0.01;0.03;0.0316227766017;0;0;
24;3803.0;1323.0;-0.01;-0.02;0.0;0.022360679775;0;0;
24;4095.0;1323.0;0.0;-0.03;0.04;0.05;0;0;
24;4095.0;1323.0;0.0;0.03;0.03;0.0424264068712;0;0;
24;4095.0;1338.0;0.01;0.01;-0.03;0.0331662479036;0;0;
24;4095.0;1336.0;0.0;0.0;-0.02;0.02;0;0;
24;4095.0;1335.0;-0.02;0.0;-0.14;0.141421356237;0;0;
24;3952.0;1332.0;0.0;-0.23;-0.08;0.243515913238;0;0;
24;3907.0;1327.0;0.02;0.01;-0.05;0.0547722557505;0;0;
24;3914.0;1326.0;-0.01;0.03;-0.03;0.0435889894354;0;0;
24;3806.0;1325.0;0.13;-0.11;0.04;0.174928556845;0;0;
24;3816.0;1323.0;0.0;-0.07;0.26;0.269258240357;0;0;
24;3807.0;1324.0;0.02;0.0;0.22;0.220907220344;0;0;
24;3741.0;1323.0;-0.05;0.0;0.14;0.148660687473;0;0;
24;3708.0;1322.0;-0.03;0.01;-0.15;0.153297097168;0;0;
24;3678.0;1321.0;-0.03;0.01;-0.15;0.153297097168;0;0;
24;3632.0;1322.0;0.03;-0.01;0.0;0.0316227766017;0;0;
24;3616.0;1322.0;0.0;0.04;0.01;0.0412310562562;0;0;
24;3524.0;1322.0;-0.01;0.0;-0.04;0.0412310562562;0;0;
24;3631.0;1324.0;0.03;-0.01;0.0;0.0316227766017;0;0;
24;3567.0;1323.0;0.02;0.03;0.01;0.0374165738677;0;0;
24;3564.0;1323.0;0.02;0.03;0.0;0.0360555127546;0;0;
24;3681.0;1323.0;-0.01;-0.01;0.03;0.0331662479036;0;0;
24;3792.0;1321.0;0.0;0.01;0.05;0.0509901951359;0;0;
24;3968.0;1323.0;0.02;-0.01;-0.09;0.092736184955;0;0;
24;4095.0;1334.0;-0.02;0.03;0.08;0.0877496438739;0;0;
24;4095.0;1337.0;0.0;0.05;0.03;0.0583095189485;0;0;
24;4095.0;1339.0;0.02;0.0;0.08;0.0824621125124;0;0;
24;3924.0;1330.0;-0.03;-0.02;-0.01;0.0374165738677;0;0;
24;3936.0;1330.0;-0.02;-0.03;0.0;0.0360555127546;0;0;
24;3825.0;1327.0;-0.01;-0.02;-0.03;0.0374165738677;0;0;
24;3941.0;1325.0;0.01;-0.06;-0.05;0.0787400787401;0;0;
24;3954.0;1324.0;-0.01;-0.03;0.06;0.0678232998313;0;0;
24;3957.0;1323.0;0.0;0.0;0.0;0.0;0;0;
24;3962.0;1323.0;-0.02;0.01;-0.03;0.0374165738677;0;0;
24;3857.0;1323.0;-0.02;0.02;0.02;0.0346410161514;0;0;
24;3873.0;1323.0;-0.01;0.0;-0.1;0.100498756211;0;0;
24;3693.0;1322.0;0.0;-0.03;0.01;0.0316227766017;0;0;
24;3593.0;1323.0;0.01;-0.01;0.05;0.0519615242271;0;0;
24;3674.0;1322.0;0.01;-0.02;-0.01;0.0244948974278;0;0;
24;3550.0;1322.0;0.03;-0.02;0.03;0.0469041575982;0;0;
24;3611.0;1323.0;0.01;0.0;0.03;0.0316227766017;0;0;
24;3676.0;1322.0;0.0;0.01;-0.07;0.0707106781187;0;0;
24;4095.0;1322.0;0.0;0.02;0.06;0.0632455532034;0;0;
24;4095.0;1322.0;0.01;-0.01;-0.05;0.0519615242271;0;0;
24;4095.0;1356.0;0.0;-0.01;0.03;0.0316227766017;0;0;
24;4095.0;1376.0;0.0;0.0;-0.03;0.03;0;0;
24;4095.0;1371.0;0.0;0.01;-0.04;0.0412310562562;0;0;
24;3985.0;1358.0;-0.02;-0.01;0.01;0.0244948974278;0;0;
24;3708.0;1339.0;-0.03;-0.01;-0.05;0.059160797831;0;0;
24;3665.0;1338.0;0.0;-0.03;0.0;0.03;0;0;
24;3659.0;1334.0;0.0;0.0;0.1;0.1;0;0;
24;3766.0;1327.0;0.03;0.0;-0.05;0.0583095189485;0;0;
24;3616.0;1327.0;-0.03;-0.02;0.14;0.144568322948;0;0;
24;3740.0;1326.0;0.0;0.02;-0.02;0.0282842712475;0;0;
24;3557.0;1324.0;0.0;0.0;0.0;0.0;0;0;
24;3553.0;1323.0;-0.01;-0.01;0.02;0.0244948974278;0;0;
24;3663.0;1324.0;0.01;0.02;0.0;0.022360679775;0;0;
24;3609.0;1323.0;0.0;0.0;0.01;0.01;0;0;
24;3647.0;1324.0;0.0;0.0;0.02;0.02;0;0;
24;3667.0;1322.0;0.0;0.0;0.0;0.0;0;0;
24;4095.0;1323.0;0.0;0.0;0.03;0.03;0;0;
24;4095.0;1324.0;0.0;-0.01;-0.02;0.022360679775;0;0;
24;4095.0;1326.0;0.0;-0.01;-0.01;0.0141421356237;0;0;
24;4095.0;1333.0;0.0;-0.02;-0.05;0.0538516480713;0;0;
24;4095.0;1333.0;0.0;0.02;0.02;0.0282842712475;0;0;
24;3977.0;1330.0;0.02;0.0;0.03;0.0360555127546;0;0;
24;3875.0;1326.0;0.01;0.0;-0.08;0.080622577483;0;0;
24;3839.0;1325.0;0.01;0.0;-0.04;0.0412310562562;0;0;
24;3845.0;1325.0;0.0;-0.02;-0.03;0.0360555127546;0;0;
24;3860.0;1323.0;0.0;0.0;0.0;0.0;0;0;
24;3720.0;1324.0;0.03;-0.01;0.02;0.0374165738677;0;0;
24;3822.0;1323.0;0.0;0.0;-0.06;0.06;0;0;
24;3680.0;1324.0;0.0;0.01;0.05;0.0509901951359;0;0;
24;3599.0;1323.0;0.01;0.04;0.05;0.0648074069841;0;0;
24;3715.0;1323.0;0.0;0.0;-0.02;0.02;0;0;
24;3571.0;1322.0;0.01;-0.01;0.03;0.0331662479036;0;0;
24;3594.0;1323.0;0.03;0.04;-0.08;0.0943398113206;0;0;
24;3608.0;1323.0;-0.03;-0.02;0.03;0.0469041575982;0;0;
24;4095.0;1323.0;0.01;0.0;-0.07;0.0707106781187;0;0;
24;4095.0;1335.0;0.03;0.07;0.0;0.0761577310586;0;0;
24;4095.0;1344.0;-0.01;-0.01;-0.03;0.0331662479036;0;0;
24;4095.0;1344.0;0.0;0.0;-0.01;0.01;0;0;
24;4022.0;1339.0;0.0;0.02;0.0;0.02;0;0;
24;3810.0;1329.0;0.0;0.01;-0.06;0.060827625303;0;0;
24;3794.0;1328.0;-0.01;0.0;-0.02;0.022360679775;0;0;
24;3727.0;1326.0;0.02;0.0;-0.05;0.0538516480713;0;0;
24;3778.0;1324.0;0.0;0.0;0.0;0.0;0;0;
24;3643.0;1324.0;0.0;-0.02;0.06;0.0632455532034;0;0;
24;3770.0;1324.0;0.01;0.02;-0.01;0.0244948974278;0;0;
24;3560.0;1323.0;0.01;0.03;0.0;0.0316227766017;0;0;
24;3563.0;1323.0;0.0;0.01;0.0;0.01;0;0;
24;3568.0;1323.0;0.04;0.0;0.01;0.0412310562562;0;0;
24;3605.0;1322.0;0.01;0.02;0.03;0.0374165738677;0;0;
24;3689.0;1323.0;0.0;0.0;0.0;0.0;0;0;
24;3815.0;1323.0;0.01;0.01;-0.01;0.0173205080757;0;0;
24;4095.0;1328.0;0.0;0.01;-0.04;0.0412310562562;0;0;
24;4095.0;1337.0;-0.01;0.01;0.01;0.0173205080757;0;0;
24;4095.0;1342.0;0.01;0.0;0.03;0.0316227766017;0;0;
24;4001.0;1331.0;0.0;0.02;-0.01;0.022360679775;0;0;
24;3981.0;1331.0;0.03;0.0;0.01;0.0316227766017;0;0;
24;3814.0;1329.0;0.0;0.0;-0.01;0.01;0;0;
24;3616.0;1325.0;0.0;0.0;0.01;0.01;0;0;
24;3667.0;1324.0;0.01;0.0;0.05;0.0509901951359;0;0;
24;3826.0;1324.0;0.0;0.0;0.01;0.01;0;0;
24;3637.0;1322.0;0.0;-0.02;0.02;0.0282842712475;0;0;
24;3672.0;1324.0;0.0;0.0;0.0;0.0;0;0;
24;3641.0;1324.0;0.0;0.0;0.0;0.0;0;0;
24;3602.0;1323.0;0.02;0.02;-0.02;0.0346410161514;0;0;
24;3599.0;1324.0;0.0;0.01;-0.09;0.0905538513814;0;0;
24;3543.0;1322.0;-0.02;0.01;0.05;0.0547722557505;0;0;
24;4065.0;1323.0;0.02;0.01;-0.07;0.0734846922835;0;0;
24;4095.0;1322.0;0.0;0.01;0.01;0.0141421356237;0;0;
24;4095.0;1336.0;0.02;0.0;-0.01;0.022360679775;0;0;
24;4095.0;1338.0;0.02;0.02;-0.01;0.03;0;0;
24;4082.0;1333.0;0.0;-0.02;-0.06;0.0632455532034;0;0;
24;3887.0;1328.0;0.0;0.0;0.02;0.02;0;0;
24;3698.0;1326.0;0.0;0.02;0.03;0.0360555127546;0;0;
24;3772.0;1325.0;-0.01;0.0;0.0;0.01;0;0;
24;3647.0;1322.0;0.0;-0.01;0.05;0.0509901951359;0;0;
24;3692.0;1324.0;0.01;0.0;0.05;0.0509901951359;0;0;
24;3650.0;1324.0;0.0;0.01;0.02;0.022360679775;0;0;
24;3649.0;1322.0;-0.01;-0.01;0.04;0.0424264068712;0;0;
24;3697.0;1323.0;-0.01;-0.01;0.04;0.0424264068712;0;0;
24;3550.0;1322.0;0.02;0.03;0.01;0.0374165738677;0;0;
24;3626.0;1323.0;0.0;0.01;-0.02;0.022360679775;0;0;
24;3631.0;1321.0;-0.02;0.0;0.01;0.022360679775;0;0;
24;3645.0;1322.0;0.02;0.03;0.01;0.0374165738677;0;0;
24;4029.0;1322.0;-0.01;0.01;0.0;0.0141421356237;0;0;
24;3975.0;1322.0;-0.04;-0.01;0.03;0.0509901951359;0;0;
24;4095.0;1322.0;0.02;0.02;-0.02;0.0346410161514;0;0;
24;4095.0;1329.0;0.0;0.0;0.0;0.0;0;0;
24;4089.0;1326.0;0.02;0.02;0.0;0.0282842712475;0;0;
24;3757.0;1324.0;0.0;0.02;0.02;0.0282842712475;0;0;
24;3795.0;1325.0;-0.01;0.0;-0.03;0.0316227766017;0;0;
24;3707.0;1325.0;0.0;0.04;-0.02;0.04472135955;0;0;
24;3789.0;1323.0;0.01;0.0;-0.06;0.060827625303;0;0;
24;3749.0;1323.0;-0.01;0.0;0.01;0.0141421356237;0;0;
24;3754.0;1323.0;0.02;0.0;-0.06;0.0632455532034;0;0;
24;3750.0;1323.0;0.01;0.03;0.0;0.0316227766017;0;0;
24;3593.0;1323.0;-0.01;0.01;0.03;0.0331662479036;0;0;
24;3703.0;1323.0;0.02;0.0;-0.02;0.0282842712475;0;0;
24;3550.0;1323.0;0.01;0.01;0.03;0.0331662479036;0;0;
24;3599.0;1323.0;0.0;0.02;-0.03;0.0360555127546;0;0;
24;3636.0;1322.0;0.0;-0.01;0.0;0.01;0;0;
24;3624.0;1321.0;0.0;0.0;0.0;0.0;0;0;
24;3711.0;1323.0;0.0;0.01;-0.01;0.0141421356237;0;0;
24;4095.0;1324.0;-0.01;0.02;-0.06;0.0640312423743;0;0;
24;4095.0;1324.0;0.0;-0.01;-0.06;0.060827625303;0;0;
24;4095.0;1325.0;0.0;0.01;0.05;0.0509901951359;0;0;
24;3995.0;1323.0;0.0;-0.01;-0.03;0.0316227766017;0;0;
24;3945.0;1324.0;0.0;0.0;-0.03;0.03;0;0;
24;3835.0;1322.0;0.02;0.03;-0.02;0.0412310562562;0;0;
24;3774.0;1322.0;0.0;0.01;-0.02;0.022360679775;0;0;
24;3647.0;1323.0;0.0;-0.01;0.03;0.0316227766017;0;0;
24;3821.0;1323.0;-0.01;0.0;-0.05;0.0509901951359;0;0;
24;3667.0;1322.0;0.0;0.02;0.05;0.0538516480713;0;0;
24;3718.0;1322.0;0.0;0.0;0.02;0.02;0;0;
24;3658.0;1322.0;0.01;0.0;0.04;0.0412310562562;0;0;
24;3652.0;1323.0;0.0;0.01;-0.02;0.022360679775;0;0;
24;3652.0;1322.0;0.0;0.04;-0.08;0.0894427191;0;0;
24;3571.0;1323.0;0.0;0.02;0.03;0.0360555127546;0;0;
24;3723.0;1323.0;0.02;0.01;-0.06;0.0640312423743;0;0;
24;3703.0;1322.0;0.01;0.0;0.0;0.01;0;0;
24;3667.0;1323.0;0.0;0.01;-0.05;0.0509901951359;0;0;
24;3949.0;1323.0;0.01;0.01;-0.04;0.0424264068712;0;0;
24;3909.0;1321.0;0.0;0.01;0.04;0.0412310562562;0;0;
24;4095.0;1323.0;-0.01;0.0;-0.01;0.0141421356237;0;0;
24;4031.0;1324.0;0.01;0.0;0.02;0.022360679775;0;0;
24;4054.0;1325.0;0.0;0.0;0.0;0.0;0;0;
24;3832.0;1324.0;-0.01;0.0;0.03;0.0316227766017;0;0;
24;3769.0;1322.0;-0.01;0.0;0.04;0.0412310562562;0;0;
24;3766.0;1323.0;-0.01;0.0;-0.04;0.0412310562562;0;0;
24;3734.0;1324.0;-0.01;0.01;0.01;0.0173205080757;0;0;
24;3794.0;1321.0;0.0;0.0;0.0;0.0;0;0;
24;3777.0;1321.0;0.01;-0.01;0.0;0.0141421356237;0;0;
24;3746.0;1323.0;0.0;-0.01;-0.06;0.060827625303;0;0;
24;3677.0;1322.0;0.0;0.02;0.0;0.02;0;0;
24;3568.0;1323.0;0.0;0.01;0.01;0.0141421356237;0;0;
24;3687.0;1322.0;0.02;0.01;0.0;0.022360679775;0;0;
24;3528.0;1321.0;0.0;0.0;0.03;0.03;0;0;
24;3576.0;1324.0;0.0;0.0;0.01;0.01;0;0;
24;3546.0;1323.0;0.01;0.0;0.0;0.01;0;0;
24;3652.0;1323.0;0.01;0.02;0.0;0.022360679775;0;0;
24;3678.0;1321.0;0.0;-0.01;-0.03;0.0316227766017;0;0;
24;3604.0;1322.0;0.0;0.02;-0.04;0.04472135955;0;0;
24;3731.0;1322.0;0.0;0.01;-0.01;0.0141421356237;0;0;
24;3744.0;1322.0;0.0;0.0;0.03;0.03;0;0;
24;4016.0;1323.0;0.0;0.0;-0.05;0.05;0;0;
24;4095.0;1323.0;0.01;0.05;0.0;0.0509901951359;0;0;
24;4095.0;1323.0;0.0;0.04;0.0;0.04;0;0;
24;4094.0;1323.0;0.0;0.0;0.04;0.04;0;0;
24;3810.0;1322.0;0.0;0.04;-0.05;0.0640312423743;0;0;
24;3817.0;1322.0;0.0;0.0;-0.07;0.07;0;0;
24;3660.0;1323.0;0.0;-0.04;0.06;0.0721110255093;0;0;
24;3777.0;1322.0;0.02;0.0;-0.08;0.0824621125124;0;0;
24;3684.0;1322.0;0.0;0.0;0.01;0.01;0;0;
24;3786.0;1323.0;0.03;0.0;-0.03;0.0424264068712;0;0;
24;3755.0;1321.0;0.03;0.0;-0.03;0.0424264068712;0;0;
24;3707.0;1323.0;0.0;-0.01;-0.02;0.022360679775;0;0;
24;3634.0;1322.0;0.0;0.01;0.03;0.0316227766017;0;0;
24;3640.0;1323.0;0.02;0.02;0.02;0.0346410161514;0;0;
24;3549.0;1322.0;0.0;-0.03;0.01;0.0316227766017;0;0;
24;3609.0;1321.0;0.0;0.0;0.01;0.01;0;0;
24;3689.0;1322.0;0.01;0.0;-0.05;0.0509901951359;0;0;
24;3598.0;1322.0;0.0;0.02;0.02;0.0282842712475;0;0;
24;3637.0;1322.0;0.0;-0.02;-0.02;0.0282842712475;0;0;
24;3543.0;1322.0;0.0;0.0;0.03;0.03;0;0;
24;3804.0;1322.0;-0.02;0.0;-0.03;0.0360555127546;0;0;
24;3846.0;1322.0;-0.01;-0.03;0.0;0.0316227766017;0;0;
24;4095.0;1323.0;0.0;-0.02;0.03;0.0360555127546;0;0;
24;4035.0;1321.0;-0.02;0.0;0.04;0.04472135955;0;0;
24;3983.0;1323.0;0.02;0.0;0.01;0.022360679775;0;0;
24;3928.0;1322.0;0.0;0.01;0.02;0.022360679775;0;0;
24;3746.0;1322.0;-0.02;0.0;0.0;0.02;0;0;
24;3759.0;1323.0;0.0;0.0;0.01;0.01;0;0;
24;3642.0;1321.0;-0.01;0.01;0.01;0.0173205080757;0;0;
24;3800.0;1321.0;0.0;0.01;0.02;0.022360679775;0;0;
24;3799.0;1322.0;0.0;0.01;0.02;0.022360679775;0;0;
24;3778.0;1322.0;0.01;-0.01;-0.04;0.0424264068712;0;0;
24;3751.0;1321.0;0.0;-0.02;0.03;0.0360555127546;0;0;
24;3571.0;1324.0;0.01;0.0;0.03;0.0316227766017;0;0;
24;3699.0;1322.0;0.0;0.0;0.01;0.01;0;0;
24;3638.0;1322.0;0.0;-0.02;0.03;0.0360555127546;0;0;
24;3670.0;1324.0;0.0;0.01;0.01;0.0141421356237;0;0;
24;3586.0;1323.0;-0.01;0.0;0.02;0.022360679775;0;0;
24;3711.0;1322.0;0.01;0.0;-0.06;0.060827625303;0;0;
24;3718.0;1322.0;0.02;0.0;0.01;0.022360679775;0;0;
24;3711.0;1323.0;0.0;0.0;-0.07;0.07;0;0;
24;3591.0;1323.0;0.02;0.0;0.02;0.0282842712475;0;0;
24;3631.0;1322.0;0.0;0.02;-0.02;0.0282842712475;0;0;
24;3791.0;1321.0;0.0;0.02;0.03;0.0360555127546;0;0;
24;4095.0;1324.0;0.01;0.03;-0.05;0.059160797831;0;0;
24;4095.0;1321.0;0.0;0.01;-0.03;0.0316227766017;0;0;
24;4095.0;1323.0;0.01;0.01;0.01;0.0173205080757;0;0;
24;3921.0;1324.0;0.02;0.02;-0.06;0.0663324958071;0;0;
24;3897.0;1323.0;0.02;0.02;-0.06;0.0663324958071;0;0;
24;3807.0;1323.0;0.0;-0.01;-0.01;0.0141421356237;0;0;
24;3702.0;1323.0;0.03;0.0;0.0;0.03;0;0;
24;3724.0;1322.0;0.03;0.0;0.02;0.0360555127546;0;0;
24;3836.0;1322.0;0.01;0.01;0.01;0.0173205080757;0;0;
24;3752.0;1322.0;0.03;0.03;0.0;0.0424264068712;0;0;
24;3797.0;1323.0;0.0;0.0;-0.06;0.06;0;0;
24;3660.0;1321.0;0.0;0.0;0.03;0.03;0;0;
24;3730.0;1323.0;0.01;0.01;-0.08;0.0812403840464;0;0;
24;3715.0;1323.0;0.03;0.01;-0.05;0.059160797831;0;0;
24;3732.0;1323.0;0.03;0.0;-0.04;0.05;0;0;
24;3765.0;1322.0;0.0;0.02;-0.03;0.0360555127546;0;0;
24;3582.0;1322.0;0.02;0.01;-0.01;0.0244948974278;0;0;
24;3714.0;1323.0;-0.01;0.0;0.03;0.0316227766017;0;0;
24;3674.0;1322.0;0.0;0.0;0.01;0.01;0;0;
24;3755.0;1322.0;0.02;0.03;0.01;0.0374165738677;0;0;
24;3892.0;1321.0;0.0;-0.03;0.04;0.05;0;0;
24;4095.0;1324.0;0.02;0.01;-0.07;0.0734846922835;0;0;
24;4095.0;1324.0;0.02;0.03;0.01;0.0374165738677;0;0;
24;4092.0;1324.0;0.0;-0.01;0.0;0.01;0;0;
24;3880.0;1324.0;0.03;0.02;-0.01;0.0374165738677;0;0;
24;3692.0;1323.0;0.02;0.03;0.0;0.0360555127546;0;0;
24;3839.0;1322.0;0.0;0.0;0.0;0.0;0;0;
24;3749.0;1323.0;0.0;0.02;0.0;0.02;0;0;
24;3796.0;1322.0;0.0;0.0;-0.03;0.03;0;0;
24;3782.0;1323.0;0.03;0.01;0.03;0.0435889894354;0;0;
24;3793.0;1322.0;-0.01;0.02;-0.08;0.0830662386292;0;0;
24;3775.0;1322.0;0.0;0.0;-0.01;0.01;0;0;
24;3783.0;1321.0;0.0;0.0;-0.07;0.07;0;0;
24;3738.0;1322.0;0.0;0.01;0.02;0.022360679775;0;0;
24;3656.0;1322.0;-0.01;0.0;0.03;0.0316227766017;0;0;
24;3757.0;1322.0;0.0;0.01;0.02;0.022360679775;0;0;
24;3621.0;1321.0;0.0;0.0;0.04;0.04;0;0;
24;3709.0;1322.0;0.0;0.0;-0.03;0.03;0;0;
24;3603.0;1323.0;0.02;0.01;0.01;0.0244948974278;0;0;
24;3960.0;1323.0;0.0;0.01;-0.08;0.080622577483;0;0;
24;4093.0;1322.0;0.0;0.01;0.01;0.0141421356237;0;0;
24;4095.0;1323.0;0.0;0.01;-0.06;0.060827625303;0;0;
24;4095.0;1336.0;0.0;0.03;-0.03;0.0424264068712;0;0;
24;4095.0;1336.0;0.01;-0.03;0.04;0.0509901951359;0;0;
24;4094.0;1331.0;0.01;0.04;-0.02;0.0458257569496;0;0;
24;3808.0;1328.0;0.0;-0.01;0.04;0.0412310562562;0;0;
24;3855.0;1327.0;0.0;-0.01;0.04;0.0412310562562;0;0;
24;3798.0;1326.0;0.0;0.01;0.02;0.022360679775;0;0;
24;3909.0;1324.0;0.0;0.0;0.02;0.02;0;0;
24;3906.0;1323.0;0.0;0.0;-0.04;0.04;0;0;
24;3873.0;1324.0;0.0;0.0;-0.06;0.06;0;0;
24;3780.0;1324.0;-0.01;-0.02;0.01;0.0244948974278;0;0;
24;3678.0;1323.0;-0.01;0.0;0.05;0.0509901951359;0;0;
24;3773.0;1323.0;0.0;0.02;-0.04;0.04472135955;0;0;
24;3718.0;1321.0;-0.01;-0.03;0.04;0.0509901951359;0;0;
24;3720.0;1324.0;0.01;-0.02;-0.03;0.0374165738677;0;0;
24;3704.0;1322.0;0.0;-0.03;0.0;0.03;0;0;
24;3764.0;1322.0;0.0;-0.01;-0.01;0.0141421356237;0;0;
24;3612.0;1323.0;0.03;0.02;0.03;0.0469041575982;0;0;
24;3811.0;1323.0;-0.02;-0.02;-0.01;0.03;0;0;
24;4095.0;1324.0;0.01;0.02;0.03;0.0374165738677;0;0;
24;4095.0;1324.0;0.01;0.01;-0.1;0.100995049384;0;0;
24;4095.0;1371.0;-0.02;0.01;0.01;0.0244948974278;0;0;
24;4095.0;1356.0;0.0;-0.02;0.0;0.02;0;0;
24;4095.0;1350.0;0.02;0.0;-0.02;0.0282842712475;0;0;
24;3990.0;1340.0;0.01;-0.02;-0.04;0.0458257569496;0;0;
24;3939.0;1332.0;0.0;-0.02;0.0;0.02;0;0;
24;3796.0;1331.0;0.01;0.02;0.0;0.022360679775;0;0;
24;3952.0;1328.0;0.0;-0.01;0.04;0.0412310562562;0;0;
24;3812.0;1324.0;-0.01;0.01;0.03;0.0331662479036;0;0;
24;3860.0;1325.0;0.01;0.0;0.03;0.0316227766017;0;0;
24;3776.0;1323.0;0.01;0.0;0.0;0.01;0;0;
24;3791.0;1323.0;0.0;0.03;-0.01;0.0316227766017;0;0;
24;3729.0;1323.0;0.0;0.0;0.02;0.02;0;0;
24;3764.0;1324.0;0.0;0.01;-0.05;0.0509901951359;0;0;
24;3650.0;1321.0;0.0;-0.03;0.01;0.0316227766017;0;0;
24;3604.0;1322.0;0.0;-0.01;0.02;0.022360679775;0;0;
24;3653.0;1322.0;0.0;0.01;0.0;0.01;0;0;
24;3692.0;1323.0;0.0;0.01;0.03;0.0316227766017;0;0;
24;3719.0;1322.0;0.0;0.0;-0.09;0.09;0;0;
24;3930.0;1323.0;0.0;0.0;0.0;0.0;0;0;
24;4095.0;1389.0;-0.01;-0.02;-0.02;0.03;0;0;
24;4095.0;1415.0;-0.01;0.02;0.01;0.0244948974278;0;0;
24;4095.0;1394.0;0.01;0.01;-0.06;0.0616441400297;0;0;
24;3913.0;1358.0;0.0;0.0;0.07;0.07;0;0;
24;3946.0;1354.0;0.0;-0.02;0.01;0.022360679775;0;0;
24;3841.0;1344.0;0.0;0.01;-0.01;0.0141421356237;0;0;
24;3933.0;1331.0;-0.01;0.0;-0.04;0.0412310562562;0;0;
24;3946.0;1330.0;0.01;0.03;0.02;0.0374165738677;0;0;
24;3929.0;1329.0;0.0;0.0;-0.06;0.06;0;0;
24;3889.0;1325.0;0.0;0.0;-0.02;0.02;0;0;
24;3723.0;1326.0;0.0;0.0;0.0;0.0;0;0;
24;3820.0;1324.0;0.0;0.0;0.03;0.03;0;0;
24;3736.0;1324.0;0.0;0.0;0.02;0.02;0;0;
24;3754.0;1323.0;0.0;0.01;-0.02;0.022360679775;0;0;
24;3672.0;1322.0;0.0;0.03;0.0;0.03;0;0;
24;3763.0;1322.0;-0.01;-0.01;-0.06;0.0616441400297;0;0;
24;3800.0;1323.0;-0.01;-0.01;-0.06;0.0616441400297;0;0;
24;3939.0;1323.0;0.0;0.0;-0.03;0.03;0;0;
24;4095.0;1335.0;-0.02;0.0;0.01;0.022360679775;0;0;
24;4095.0;1342.0;0.0;0.02;0.02;0.0282842712475;0;0;
24;4095.0;1347.0;0.0;0.0;-0.02;0.02;0;0;
24;3950.0;1334.0;0.0;0.0;0.04;0.04;0;0;
24;3951.0;1334.0;-0.01;-0.02;0.04;0.0458257569496;0;0;
24;3839.0;1330.0;-0.01;0.0;0.0;0.01;0;0;
24;3889.0;1327.0;-0.01;0.0;-0.08;0.080622577483;0;0;
24;3887.0;1326.0;0.02;-0.01;-0.02;0.03;0;0;
24;3938.0;1325.0;0.0;0.01;-0.09;0.0905538513814;0;0;
24;3766.0;1324.0;-0.01;0.0;0.01;0.0141421356237;0;0;
24;3765.0;1324.0;0.0;-0.02;0.03;0.0360555127546;0;0;
24;3717.0;1323.0;0.0;-0.01;0.02;0.022360679775;0;0;
24;3745.0;1322.0;-0.01;0.01;-0.07;0.0714142842854;0;0;
24;3759.0;1322.0;0.01;-0.01;0.03;0.0331662479036;0;0;
24;3739.0;1323.0;0.0;0.01;0.0;0.01;0;0;
24;3879.0;1322.0;0.0;0.0;0.01;0.01;0;0;
24;3801.0;1322.0;0.02;0.0;0.01;0.022360679775;0;0;
24;4095.0;1324.0;0.0;0.0;0.0;0.0;0;0;
24;4095.0;1421.0;0.0;-0.01;0.05;0.0509901951359;0;0;
24;4095.0;1420.0;0.0;0.0;-0.05;0.05;0;0;
24;4095.0;1397.0;0.0;-0.02;0.01;0.022360679775;0;0;
24;4046.0;1357.0;0.01;-0.02;-0.06;0.0640312423743;0;0;
24;4000.0;1352.0;0.0;0.01;0.01;0.0141421356237;0;0;
24;3936.0;1343.0;0.0;0.02;-0.05;0.0538516480713;0;0;
24;3905.0;1332.0;0.0;0.0;0.02;0.02;0;0;
24;3778.0;1333.0;0.0;0.02;0.05;0.0538516480713;0;0;
24;3806.0;1327.0;0.0;0.0;0.02;0.02;0;0;
24;3783.0;1325.0;0.0;-0.01;0.04;0.0412310562562;0;0;
24;3795.0;1325.0;0.01;0.0;-0.04;0.0412310562562;0;0;
24;3714.0;1324.0;-0.01;0.0;0.03;0.0316227766017;0;0;
24;3691.0;1323.0;0.0;0.01;0.03;0.0316227766017;0;0;
24;3690.0;1322.0;0.0;0.04;-0.01;0.0412310562562;0;0;
24;3686.0;1322.0;0.01;0.0;-0.01;0.0141421356237;0;0;
24;3683.0;1322.0;0.02;0.0;0.0;0.02;0;0;
24;3714.0;1322.0;0.01;0.0;-0.05;0.0509901951359;0;0;
24;3717.0;1322.0;0.0;-0.01;0.02;0.022360679775;0;0;
24;4095.0;1324.0;0.02;0.0;-0.01;0.022360679775;0;0;
24;4095.0;1335.0;0.0;0.0;0.0;0.0;0;0;
24;4095.0;1486.0;0.0;0.01;0.01;0.0141421356237;0;0;
24;4095.0;1438.0;0.0;0.02;-0.01;0.022360679775;0;0;
24;4095.0;1427.0;0.0;0.0;0.0;0.0;0;0;
24;3971.0;1389.0;0.0;0.0;0.02;0.02;0;0;
24;3927.0;1351.0;0.01;0.0;0.0;0.01;0;0;
24;3818.0;1348.0;0.0;0.0;0.03;0.03;0;0;
24;3908.0;1340.0;0.0;0.0;-0.07;0.07;0;0;
24;3722.0;1331.0;0.0;0.01;0.01;0.0141421356237;0;0;
24;3793.0;1328.0;0.0;-0.02;-0.06;0.0632455532034;0;0;
24;3691.0;1327.0;0.0;0.01;0.04;0.0412310562562;0;0;
24;3742.0;1323.0;0.0;0.0;-0.08;0.08;0;0;
24;3721.0;1324.0;0.0;0.02;0.0;0.02;0;0;
24;3726.0;1324.0;0.01;0.02;-0.06;0.0640312423743;0;0;
24;3629.0;1322.0;0.01;0.01;0.0;0.0141421356237;0;0;
24;3607.0;1322.0;0.0;0.0;0.03;0.03;0;0;
24;3628.0;1324.0;0.0;0.02;0.0;0.02;0;0;
24;3624.0;1323.0;0.0;0.01;-0.01;0.0141421356237;0;0;
24;3649.0;1323.0;0.01;0.01;-0.08;0.0812403840464;0;0;
24;3691.0;1322.0;0.03;0.03;0.0;0.0424264068712;0;0;
24;4095.0;1324.0;-0.01;-0.01;0.0;0.0141421356237;0;0;
24;4095.0;1323.0;0.0;0.0;0.02;0.02;0;0;
24;4095.0;1331.0;0.01;0.02;0.01;0.0244948974278;0;0;
24;4095.0;1342.0;-0.01;0.01;0.02;0.0244948974278;0;0;
24;4095.0;1339.0;0.0;-0.01;0.0;0.01;0;0;
24;4084.0;1332.0;-0.01;0.01;-0.07;0.0714142842854;0;0;
24;3839.0;1327.0;-0.02;0.0;0.01;0.022360679775;0;0;
24;3799.0;1325.0;0.0;0.0;0.03;0.03;0;0;
24;3785.0;1324.0;0.0;-0.01;0.02;0.022360679775;0;0;
24;3816.0;1323.0;-0.01;-0.01;0.04;0.0424264068712;0;0;
24;3842.0;1324.0;0.03;0.0;-0.07;0.0761577310586;0;0;
24;3780.0;1324.0;-0.01;0.0;0.03;0.0316227766017;0;0;
24;3778.0;1323.0;0.0;0.0;0.02;0.02;0;0;
24;3723.0;1323.0;0.01;0.01;0.0;0.0141421356237;0;0;
24;3741.0;1322.0;-0.01;0.0;0.0;0.01;0;0;
24;3662.0;1323.0;0.03;0.03;0.0;0.0424264068712;0;0;
24;3724.0;1322.0;0.0;0.01;-0.04;0.0412310562562;0;0;
24;3664.0;1323.0;0.01;-0.01;0.03;0.0331662479036;0;0;
24;3715.0;1322.0;0.02;-0.01;-0.09;0.092736184955;0;0;
24;3716.0;1323.0;0.01;0.01;-0.02;0.0244948974278;0;0;
24;3827.0;1322.0;0.02;0.03;0.0;0.0360555127546;0;0;
24;4095.0;1324.0;0.0;0.0;0.02;0.02;0;0;
24;4095.0;1323.0;0.0;0.0;0.0;0.0;0;0;
24;4095.0;1329.0;0.0;0.01;0.05;0.0509901951359;0;0;
24;4083.0;1325.0;0.0;-0.01;0.0;0.01;0;0;
24;4040.0;1326.0;0.0;-0.01;0.0;0.01;0;0;
24;3932.0;1323.0;0.0;-0.01;-0.01;0.0141421356237;0;0;
24;3738.0;1322.0;0.01;-0.01;0.05;0.0519615242271;0;0;
24;3787.0;1321.0;0.02;0.0;-0.04;0.04472135955;0;0;
24;3765.0;1324.0;-0.01;0.0;0.04;0.0412310562562;0;0;
24;3826.0;1323.0;0.01;0.0;-0.09;0.0905538513814;0;0;
24;3790.0;1323.0;0.02;0.02;0.0;0.0282842712475;0;0;
24;3795.0;1323.0;0.0;-0.01;-0.06;0.060827625303;0;0;
24;3639.0;1323.0;0.02;0.0;0.0;0.02;0;0;
24;3691.0;1322.0;0.0;-0.01;0.0;0.01;0;0;
24;3663.0;1321.0;0.0;0.01;0.03;0.0316227766017;0;0;
24;3745.0;1322.0;0.01;0.02;-0.06;0.0640312423743;0;0;
24;3768.0;1323.0;-0.02;0.02;0.03;0.0412310562562;0;0;
24;3744.0;1323.0;0.01;0.04;-0.07;0.0812403840464;0;0;
24;3640.0;1322.0;0.0;0.02;0.02;0.0282842712475;0;0;
24;3598.0;1321.0;0.0;0.0;0.0;0.0;0;0;
24;3828.0;1323.0;0.03;0.01;-0.04;0.0509901951359;0;0;
24;4095.0;1326.0;0.0;0.01;0.0;0.01;0;0;
24;4095.0;1333.0;0.0;0.0;-0.08;0.08;0;0;
24;4095.0;1341.0;0.01;0.05;-0.02;0.0547722557505;0;0;
24;4020.0;1330.0;0.0;-0.03;0.0;0.03;0;0;
24;4060.0;1328.0;0.01;0.02;-0.01;0.0244948974278;0;0;
24;3883.0;1327.0;0.0;-0.02;0.01;0.022360679775;0;0;
24;3932.0;1324.0;0.02;0.0;0.01;0.022360679775;0;0;
24;3788.0;1325.0;0.03;0.04;-0.01;0.0509901951359;0;0;
24;3915.0;1323.0;0.03;0.01;0.02;0.0374165738677;0;0;
24;3773.0;1323.0;0.0;0.0;-0.01;0.01;0;0;
24;3785.0;1323.0;0.0;0.0;-0.05;0.05;0;0;
24;3738.0;1322.0;0.02;0.03;0.03;0.0469041575982;0;0;
24;3765.0;1322.0;0.01;0.01;-0.06;0.0616441400297;0;0;
24;3622.0;1324.0;-0.01;-0.04;0.03;0.0509901951359;0;0;
24;3774.0;1323.0;0.01;-0.01;0.01;0.0173205080757;0;0;
24;3705.0;1322.0;-0.03;-0.01;0.03;0.0435889894354;0;0;
24;3712.0;1323.0;0.0;-0.01;-0.07;0.0707106781187;0;0;
24;3690.0;1322.0;-0.02;0.0;0.0;0.02;0;0;
24;3746.0;1323.0;0.01;0.01;0.0;0.0141421356237;0;0;
24;3600.0;1322.0;0.0;0.01;0.02;0.022360679775;0;0;
24;3635.0;1323.0;0.01;-0.01;0.04;0.0424264068712;0;0;
24;3797.0;1321.0;0.0;0.0;-0.02;0.02;0;0;
24;3876.0;1322.0;0.0;0.0;-0.08;0.08;0;0;
24;4095.0;1322.0;0.0;0.01;0.05;0.0509901951359;0;0;
24;4095.0;1385.0;0.0;0.0;-0.02;0.02;0;0;
24;4095.0;1381.0;-0.01;0.0;0.07;0.0707106781187;0;0;
24;4095.0;1362.0;0.0;0.0;-0.02;0.02;0;0;
24;4044.0;1340.0;-0.03;-0.03;0.0;0.0424264068712;0;0;
24;4002.0;1337.0;0.0;0.02;-0.02;0.0282842712475;0;0;
24;3970.0;1331.0;-0.01;-0.01;-0.02;0.0244948974278;0;0;
24;3789.0;1326.0;0.01;0.01;0.01;0.0173205080757;0;0;
24;3831.0;1326.0;0.03;0.04;0.03;0.0583095189485;0;0;
24;3814.0;1324.0;0.04;0.01;0.0;0.0412310562562;0;0;
24;3801.0;1323.0;0.01;0.01;-0.01;0.0173205080757;0;0;
24;3645.0;1323.0;0.0;-0.02;0.02;0.0282842712475;0;0;
24;3765.0;1323.0;0.0;0.0;0.01;0.01;0;0;
24;3736.0;1323.0;-0.01;-0.02;-0.01;0.0244948974278;0;0;
24;3793.0;1322.0;-0.01;-0.02;-0.02;0.03;0;0;
24;3763.0;1322.0;-0.04;0.0;-0.05;0.0640312423743;0;0;
24;3631.0;1322.0;-0.01;0.0;0.0;0.01;0;0;
24;3630.0;1322.0;0.01;0.0;0.04;0.0412310562562;0;0;
24;3612.0;1322.0;-0.03;-0.04;0.02;0.0538516480713;0;0;
24;3762.0;1322.0;0.0;0.01;-0.02;0.022360679775;0;0;
24;3741.0;1323.0;0.01;0.02;0.0;0.022360679775;0;0;
24;3759.0;1323.0;0.04;0.0;-0.04;0.0565685424949;0;0;
24;4095.0;1322.0;0.04;0.03;0.01;0.0509901951359;0;0;
24;4095.0;1323.0;-0.04;-0.02;-0.06;0.0748331477355;0;0;
24;4095.0;1330.0;0.01;0.06;-0.02;0.0640312423743;0;0;
24;4095.0;1333.0;-0.01;0.0;-0.03;0.0316227766017;0;0;
24;4026.0;1333.0;0.0;0.0;0.06;0.06;0;0;
24;3900.0;1329.0;-0.03;-0.02;0.04;0.0538516480713;0;0;
24;3904.0;1325.0;0.0;-0.01;-0.03;0.0316227766017;0;0;
24;3911.0;1325.0;0.02;0.01;-0.01;0.0244948974278;0;0;
24;3934.0;1323.0;0.0;0.0;0.0;0.0;0;0;
24;3721.0;1324.0;0.0;0.02;0.01;0.022360679775;0;0;
24;3778.0;1324.0;0.02;0.03;0.04;0.0538516480713;0;0;
24;3697.0;1323.0;0.0;0.0;0.04;0.04;0;0;
24;3802.0;1323.0;-0.02;0.01;-0.04;0.0458257569496;0;0;
24;3792.0;1322.0;0.0;-0.03;0.02;0.0360555127546;0;0;
24;3761.0;1323.0;0.01;0.0;-0.04;0.0412310562562;0;0;
24;3659.0;1321.0;0.0;0.0;0.03;0.03;0;0;
24;3749.0;1322.0;0.02;0.01;-0.03;0.0374165738677;0;0;
24;3757.0;1320.0;0.0;0.01;-0.04;0.0412310562562;0;0;
24;3750.0;1323.0;0.0;0.01;-0.04;0.0412310562562;0;0;
24;4077.0;1322.0;0.0;0.03;-0.01;0.0316227766017;0;0;
24;4095.0;1329.0;0.02;0.0;0.03;0.0360555127546;0;0;
24;4095.0;1330.0;0.0;0.01;-0.05;0.0509901951359;0;0;
24;4095.0;1331.0;0.02;0.01;-0.08;0.0830662386292;0;0;
24;3970.0;1326.0;0.0;0.0;0.02;0.02;0;0;
24;3923.0;1325.0;0.02;-0.01;0.05;0.0547722557505;0;0;
24;3790.0;1324.0;-0.01;0.0;0.03;0.0316227766017;0;0;
24;3893.0;1324.0;-0.01;-0.01;-0.01;0.0173205080757;0;0;
24;3896.0;1323.0;0.0;0.04;0.03;0.05;0;0;
24;3848.0;1324.0;0.0;0.0;0.0;0.0;0;0;
24;3689.0;1322.0;0.01;0.02;0.01;0.0244948974278;0;0;
24;3720.0;1322.0;0.03;0.01;0.0;0.0316227766017;0;0;
24;3705.0;1323.0;0.01;0.0;0.02;0.022360679775;0;0;
24;3785.0;1323.0;0.02;0.0;0.0;0.02;0;0;
24;3612.0;1322.0;0.0;-0.01;0.04;0.0412310562562;0;0;
24;3692.0;1323.0;0.01;0.03;-0.03;0.0435889894354;0;0;
24;3675.0;1323.0;0.0;0.03;0.03;0.0424264068712;0;0;
24;3702.0;1322.0;-0.02;0.0;-0.04;0.04472135955;0;0;
24;3720.0;1323.0;-0.03;0.01;-0.04;0.0509901951359;0;0;
24;3664.0;1323.0;-0.05;-0.02;0.06;0.080622577483;0;0;
24;3582.0;1324.0;-0.02;-0.02;0.04;0.0489897948557;0;0;
24;3631.0;1322.0;-0.01;-0.01;0.03;0.0331662479036;0;0;
24;4095.0;1321.0;0.02;0.01;-0.02;0.03;0;0;
24;4095.0;1329.0;0.02;0.0;0.0;0.02;0;0;
24;4095.0;1346.0;0.01;0.02;0.03;0.0374165738677;0;0;
24;4095.0;1335.0;-0.01;0.0;-0.07;0.0707106781187;0;0;
24;4095.0;1335.0;0.0;-0.02;0.01;0.022360679775;0;0;
24;4045.0;1331.0;-0.01;-0.02;-0.03;0.0374165738677;0;0;
24;3781.0;1325.0;0.0;0.0;0.04;0.04;0;0;
24;3872.0;1326.0;0.01;0.0;-0.06;0.060827625303;0;0;
24;3874.0;1324.0;0.0;0.0;-0.04;0.04;0;0;
24;3718.0;1324.0;0.02;0.0;0.0;0.02;0;0;
24;3660.0;1322.0;0.0;-0.01;0.04;0.0412310562562;0;0;
24;3644.0;1323.0;0.01;-0.01;0.06;0.0616441400297;0;0;
24;3728.0;1322.0;0.01;0.0;0.0;0.01;0;0;
24;3743.0;1322.0;0.01;0.0;0.0;0.01;0;0;
24;3769.0;1323.0;0.01;-0.01;0.0;0.0141421356237;0;0;
24;3650.0;1322.0;0.01;-0.02;0.05;0.0547722557505;0;0;
24;3715.0;1324.0;0.0;0.02;-0.03;0.0360555127546;0;0;
24;3699.0;1321.0;0.0;0.0;-0.03;0.03;0;0;
24;3561.0;1322.0;0.0;0.0;0.01;0.01;0;0;
24;3703.0;1323.0;-0.01;0.0;-0.04;0.0412310562562;0;0;
24;3878.0;1323.0;0.0;0.0;-0.06;0.06;0;0;
24;3954.0;1323.0;0.0;-0.01;0.01;0.0141421356237;0;0;
24;4095.0;1322.0;0.0;-0.01;0.01;0.0141421356237;0;0;
24;4095.0;1327.0;0.02;0.01;0.02;0.03;0;0;
24;4095.0;1325.0;0.02;0.01;0.02;0.03;0;0;
24;4046.0;1324.0;0.0;0.0;0.02;0.02;0;0;
24;3828.0;1321.0;-0.01;0.0;0.03;0.0316227766017;0;0;
24;3780.0;1323.0;-0.01;0.0;0.02;0.022360679775;0;0;
24;3764.0;1323.0;-0.01;0.0;0.01;0.0141421356237;0;0;
24;3849.0;1322.0;0.0;-0.02;-0.02;0.0282842712475;0;0;
24;3693.0;1323.0;0.0;0.0;0.03;0.03;0;0;
24;3707.0;1322.0;0.0;0.0;0.01;0.01;0;0;
24;3745.0;1322.0;0.0;0.02;-0.09;0.0921954445729;0;0;
24;3739.0;1322.0;0.01;0.0;-0.03;0.0316227766017;0;0;
24;3763.0;1322.0;0.0;0.0;0.0;0.0;0;0;
24;3644.0;1322.0;0.0;0.0;0.03;0.03;0;0;
24;3701.0;1321.0;0.0;0.0;0.03;0.03;0;0;
24;3646.0;1323.0;0.01;0.0;0.0;0.01;0;0;
24;3729.0;1321.0;0.0;-0.01;0.02;0.022360679775;0;0;
24;3731.0;1321.0;0.01;0.0;-0.08;0.080622577483;0;0;
24;4095.0;1323.0;0.0;-0.03;-0.03;0.0424264068712;0;0;
24;4095.0;1324.0;0.0;0.02;0.01;0.022360679775;0;0;
24;4095.0;1323.0;0.0;-0.01;-0.03;0.0316227766017;0;0;
24;3879.0;1322.0;0.0;0.01;0.03;0.0316227766017;0;0;
24;3937.0;1322.0;0.0;0.0;-0.03;0.03;0;0;
24;3822.0;1324.0;0.0;0.01;0.04;0.0412310562562;0;0;
24;3857.0;1324.0;0.01;-0.01;0.04;0.0424264068712;0;0;
24;3704.0;1323.0;0.0;0.02;0.02;0.0282842712475;0;0;
24;3787.0;1322.0;0.02;0.0;0.01;0.022360679775;0;0;
24;3749.0;1322.0;0.0;-0.04;-0.03;0.05;0;0;
24;3748.0;1323.0;-0.02;-0.01;0.0;0.022360679775;0;0;
24;3776.0;1322.0;-0.02;-0.02;-0.02;0.0346410161514;0;0;
24;3632.0;1323.0;0.0;-0.02;0.02;0.0282842712475;0;0;
24;3690.0;1323.0;0.02;0.0;-0.04;0.04472135955;0;0;
24;3716.0;1322.0;-0.02;0.0;0.04;0.04472135955;0;0;
24;3651.0;1322.0;0.01;0.01;0.0;0.0141421356237;0;0;
24;3586.0;1321.0;0.0;0.02;0.04;0.04472135955;0;0;
24;3585.0;1323.0;0.0;0.01;0.02;0.022360679775;0;0;
24;3730.0;1322.0;-0.02;-0.01;-0.01;0.0244948974278;0;0;
24;3726.0;1322.0;0.0;-0.02;0.06;0.0632455532034;0;0;
24;3953.0;1323.0;0.0;-0.02;-0.02;0.0282842712475;0;0;
24;4095.0;1321.0;0.0;-0.01;0.06;0.060827625303;0;0;
24;4095.0;1324.0;0.01;0.0;-0.04;0.0412310562562;0;0;
24;4095.0;1324.0;0.01;0.01;0.0;0.0141421356237;0;0;
24;3888.0;1323.0;-0.01;0.02;0.03;0.0374165738677;0;0;
24;3932.0;1322.0;-0.01;0.01;0.0;0.0141421356237;0;0;
24;3809.0;1324.0;0.02;0.02;0.03;0.0412310562562;0;0;
24;3870.0;1322.0;0.0;0.0;-0.04;0.04;0;0;
24;3732.0;1323.0;0.01;0.01;0.03;0.0331662479036;0;0;
24;3741.0;1322.0;0.01;0.0;0.03;0.0316227766017;0;0;
24;3767.0;1322.0;0.01;0.0;-0.06;0.060827625303;0;0;
24;3781.0;1323.0;0.0;0.01;-0.02;0.022360679775;0;0;
24;3760.0;1322.0;0.02;0.03;-0.08;0.0877496438739;0;0;
24;3736.0;1322.0;0.0;-0.02;-0.04;0.04472135955;0;0;
24;3748.0;1322.0;0.0;0.03;-0.01;0.0316227766017;0;0;
24;3730.0;1322.0;0.0;-0.01;-0.01;0.0141421356237;0;0;
24;3608.0;1322.0;0.04;0.0;0.04;0.0565685424949;0;0;
24;3678.0;1323.0;0.02;0.03;0.03;0.0469041575982;0;0;
24;3680.0;1322.0;0.0;0.03;-0.04;0.05;0;0;
24;3728.0;1322.0;0.0;0.0;0.03;0.03;0;0;
24;3569.0;1322.0;-0.01;-0.02;0.03;0.0374165738677;0;0;
24;3680.0;1322.0;0.0;0.02;-0.01;0.022360679775;0;0;
24;4095.0;1323.0;0.0;-0.01;-0.04;0.0412310562562;0;0;
24;4095.0;1324.0;0.03;0.01;-0.01;0.0331662479036;0;0;
24;4095.0;1325.0;-0.01;0.0;-0.01;0.0141421356237;0;0;
24;3942.0;1323.0;0.03;0.02;0.0;0.0360555127546;0;0;
24;3997.0;1324.0;-0.03;0.0;-0.03;0.0424264068712;0;0;
24;3874.0;1323.0;0.03;0.02;-0.03;0.0469041575982;0;0;
24;3724.0;1321.0;-0.05;-0.01;0.01;0.0519615242271;0;0;
24;3818.0;1323.0;0.0;0.03;0.0;0.03;0;0;
24;3821.0;1322.0;-0.04;-0.02;-0.03;0.0538516480713;0;0;
24;3785.0;1323.0;0.0;0.01;0.02;0.022360679775;0;0;
24;3791.0;1323.0;0.0;-0.04;0.0;0.04;0;0;
24;3724.0;1321.0;0.0;0.0;0.04;0.04;0;0;
24;3749.0;1322.0;0.01;0.02;-0.07;0.0734846922835;0;0;
24;3724.0;1324.0;0.02;0.01;0.0;0.022360679775;0;0;
24;3709.0;1322.0;0.01;0.0;0.01;0.0141421356237;0;0;
24;3728.0;1323.0;0.0;-0.01;-0.07;0.0707106781187;0;0;
24;3697.0;1323.0;0.0;-0.02;0.0;0.02;0;0;
24;3734.0;1323.0;0.0;0.0;-0.02;0.02;0;0;
24;3832.0;1323.0;0.0;-0.03;-0.01;0.0316227766017;0;0;
24;4095.0;1321.0;0.02;0.0;0.03;0.0360555127546;0;0;
24;4095.0;1322.0;0.0;0.01;-0.05;0.0509901951359;0;0;
24;4092.0;1323.0;0.0;0.0;0.04;0.04;0;0;
24;3820.0;1322.0;0.01;0.02;-0.02;0.03;0;0;
24;3852.0;1323.0;-0.01;0.01;0.02;0.0244948974278;0;0;
24;3738.0;1323.0;0.0;0.01;0.03;0.0316227766017;0;0;
24;3873.0;1322.0;0.0;-0.02;-0.03;0.0360555127546;0;0;
24;3857.0;1323.0;0.0;0.01;-0.02;0.022360679775;0;0;
24;3900.0;1321.0;0.01;0.0;0.0;0.01;0;0;
24;3751.0;1323.0;0.01;0.01;0.03;0.0331662479036;0;0;
24;3774.0;1322.0;0.0;0.02;-0.04;0.04472135955;0;0;
24;3774.0;1323.0;0.0;0.02;-0.05;0.0538516480713;0;0;
24;3631.0;1322.0;-0.01;0.0;-0.01;0.0141421356237;0;0;
24;3727.0;1323.0;0.0;0.0;-0.05;0.05;0;0;
24;3708.0;1322.0;-0.02;-0.02;0.02;0.0346410161514;0;0;
24;3632.0;1322.0;0.0;0.0;0.04;0.04;0;0;
24;3692.0;1323.0;0.0;0.01;-0.03;0.0316227766017;0;0;
24;3845.0;1323.0;0.01;0.02;0.0;0.022360679775;0;0;
24;4095.0;1323.0;-0.01;0.02;-0.02;0.03;0;0;
24;4095.0;1324.0;-0.03;-0.02;0.05;0.0616441400297;0;0;
24;4095.0;1324.0;-0.02;0.0;0.05;0.0538516480713;0;0;
24;3999.0;1323.0;0.0;0.0;-0.04;0.04;0;0;
24;3972.0;1322.0;0.03;0.03;-0.05;0.065574385243;0;0;
24;3947.0;1323.0;0.02;-0.02;-0.03;0.0412310562562;0;0;
24;3828.0;1323.0;0.03;0.03;0.02;0.0469041575982;0;0;
24;3842.0;1322.0;0.0;0.04;-0.04;0.0565685424949;0;0;
24;3770.0;1324.0;0.01;-0.01;0.04;0.0424264068712;0;0;
24;3732.0;1323.0;-0.01;-0.01;0.0;0.0141421356237;0;0;
24;3654.0;1322.0;-0.03;-0.02;0.04;0.0538516480713;0;0;
24;3656.0;1323.0;-0.01;0.01;0.0;0.0141421356237;0;0;
24;3795.0;1323.0;0.02;0.0;-0.01;0.022360679775;0;0;
24;3688.0;1323.0;0.02;0.03;0.0;0.0360555127546;0;0;
24;3679.0;1323.0;0.0;0.04;0.0;0.04;0;0;
24;3740.0;1321.0;-0.02;0.01;-0.09;0.092736184955;0;0;
24;3737.0;1322.0;0.0;-0.01;-0.01;0.0141421356237;0;0;
24;3755.0;1323.0;-0.01;0.0;-0.03;0.0316227766017;0;0;
24;3843.0;1322.0;0.0;0.0;0.02;0.02;0;0;
24;4008.0;1324.0;0.01;0.01;-0.02;0.0244948974278;0;0;
24;4095.0;1323.0;0.0;0.01;-0.07;0.0707106781187;0;0;
24;4094.0;1325.0;0.02;0.02;0.01;0.03;0;0;
24;4095.0;1324.0;0.0;0.0;0.03;0.03;0;0;
24;4015.0;1324.0;0.02;0.01;0.01;0.0244948974278;0;0;
24;3994.0;1322.0;0.0;0.0;0.01;0.01;0;0;
24;3838.0;1323.0;0.0;0.0;0.01;0.01;0;0;
24;3851.0;1323.0;0.0;0.0;0.02;0.02;0;0;
24;3857.0;1323.0;0.02;0.0;-0.04;0.04472135955;0;0;
24;3847.0;1322.0;0.0;0.0;0.02;0.02;0;0;
24;3840.0;1323.0;-0.01;0.0;-0.01;0.0141421356237;0;0;
24;3731.0;1322.0;0.0;0.01;0.01;0.0141421356237;0;0;
24;3771.0;1324.0;0.0;-0.01;0.0;0.01;0;0;
24;3780.0;1323.0;0.0;-0.01;-0.03;0.0316227766017;0;0;
24;3679.0;1323.0;0.01;-0.01;0.03;0.0331662479036;0;0;
24;3631.0;1323.0;0.01;0.01;0.03;0.0331662479036;0;0;
24;3645.0;1322.0;0.02;0.0;0.06;0.0632455532034;0;0;
24;3756.0;1322.0;0.0;0.01;-0.02;0.022360679775;0;0;
24;3605.0;1322.0;0.01;0.0;-0.02;0.022360679775;0;0;
24;3734.0;1323.0;0.0;0.0;0.0;0.0;0;0;
24;3868.0;1322.0;0.0;-0.01;-0.07;0.0707106781187;0;0;
24;3922.0;1322.0;0.0;0.0;-0.02;0.02;0;0;
24;4095.0;1324.0;-0.01;-0.01;0.0;0.0141421356237;0;0;
24;4084.0;1323.0;0.01;0.02;0.02;0.03;0;0;
24;4058.0;1323.0;0.0;0.02;-0.05;0.0538516480713;0;0;
24;3992.0;1322.0;0.01;0.02;-0.08;0.0830662386292;0;0;
24;3787.0;1322.0;0.0;0.0;0.02;0.02;0;0;
24;3822.0;1322.0;-0.01;0.0;0.03;0.0316227766017;0;0;
24;3825.0;1321.0;-0.01;-0.03;0.03;0.0435889894354;0;0;
24;3747.0;1322.0;0.0;0.0;0.0;0.0;0;0;
24;3758.0;1322.0;0.0;0.02;0.01;0.022360679775;0;0;
24;3700.0;1322.0;0.01;-0.03;0.03;0.0435889894354;0;0;
24;3775.0;1322.0;0.0;0.02;-0.03;0.0360555127546;0;0;
24;3673.0;1322.0;-0.01;0.01;0.01;0.0173205080757;0;0;
24;3765.0;1323.0;0.0;0.0;0.0;0.0;0;0;
24;3691.0;1322.0;-0.01;-0.02;0.03;0.0374165738677;0;0;
24;3697.0;1323.0;-0.02;0.0;-0.04;0.04472135955;0;0;
24;3728.0;1322.0;-0.02;-0.02;-0.07;0.0754983443527;0;0;
24;3868.0;1321.0;0.0;0.0;-0.01;0.01;0;0;
24;3959.0;1323.0;0.0;-0.01;-0.04;0.0412310562562;0;0;
24;4085.0;1322.0;0.0;0.01;-0.03;0.0316227766017;0;0;
24;4095.0;1323.0;0.0;0.01;0.04;0.0412310562562;0;0;
24;4018.0;1322.0;0.0;0.0;0.0;0.0;0;0;
24;3871.0;1322.0;0.01;0.01;0.03;0.0331662479036;0;0;
24;3798.0;1322.0;0.0;0.01;0.05;0.0509901951359;0;0;
24;3896.0;1322.0;0.0;-0.01;0.02;0.022360679775;0;0;
24;3879.0;1323.0;0.01;0.0;0.01;0.0141421356237;0;0;
24;3861.0;1323.0;0.0;0.0;-0.01;0.01;0;0;
24;3783.0;1322.0;0.01;-0.02;-0.06;0.0640312423743;0;0;
24;3781.0;1323.0;0.0;0.02;-0.02;0.0282842712475;0;0;
24;3795.0;1322.0;-0.01;0.0;0.03;0.0316227766017;0;0;
24;3664.0;1322.0;0.02;0.01;0.08;0.0830662386292;0;0;
24;3754.0;1322.0;0.01;0.04;-0.13;0.13638181697;0;0;
24;3716.0;1322.0;0.01;0.0;-0.07;0.0707106781187;0;0;
24;3682.0;1322.0;0.0;0.0;0.0;0.0;0;0;
24;3615.0;1322.0;-0.01;0.0;0.02;0.022360679775;0;0;
24;3690.0;1323.0;0.03;0.02;-0.01;0.0374165738677;0;0;
24;4095.0;1323.0;-0.01;-0.01;-0.06;0.0616441400297;0;0;
24;4095.0;1322.0;0.0;-0.01;-0.01;0.0141421356237;0;0;
24;4095.0;1322.0;0.0;0.03;-0.06;0.067082039325;0;0;
24;3926.0;1322.0;0.0;-0.03;0.01;0.0316227766017;0;0;
24;3954.0;1323.0;0.0;0.02;0.01;0.022360679775;0;0;
24;3872.0;1324.0;0.0;0.01;0.01;0.0141421356237;0;0;
24;3817.0;1323.0;0.0;0.0;0.0;0.0;0;0;
24;3736.0;1324.0;0.0;0.0;0.02;0.02;0;0;
24;3755.0;1322.0;0.02;0.0;0.01;0.022360679775;0;0;
24;3870.0;1322.0;0.0;0.02;-0.03;0.0360555127546;0;0;
24;3846.0;1323.0;-0.02;0.03;0.0;0.0360555127546;0;0;
24;3823.0;1322.0;0.0;0.03;-0.01;0.0316227766017;0;0;
24;3735.0;1322.0;0.0;0.0;0.01;0.01;0;0;
24;3780.0;1323.0;0.0;-0.04;-0.02;0.04472135955;0;0;
24;3757.0;1322.0;0.01;0.0;-0.04;0.0412310562562;0;0;
24;3602.0;1323.0;0.01;0.0;0.03;0.0316227766017;0;0;
24;3709.0;1322.0;0.0;-0.03;0.02;0.0360555127546;0;0;
24;3783.0;1321.0;0.01;0.01;0.04;0.0424264068712;0;0;
24;4095.0;1321.0;0.01;0.0;0.01;0.0141421356237;0;0;
24;4073.0;1323.0;0.0;0.0;0.02;0.02;0;0;
24;4095.0;1323.0;0.03;0.0;-0.01;0.0316227766017;0;0;
24;3910.0;1323.0;0.0;0.0;0.03;0.03;0;0;
24;3899.0;1323.0;0.0;-0.03;-0.08;0.0854400374532;0;0;
24;3859.0;1323.0;0.0;0.03;-0.08;0.0854400374532;0;0;
24;3748.0;1323.0;-0.01;0.0;0.0;0.01;0;0;
24;3761.0;1322.0;-0.02;-0.01;0.03;0.0374165738677;0;0;
24;3779.0;1323.0;0.0;0.0;0.01;0.01;0;0;
24;3816.0;1322.0;0.01;0.0;-0.02;0.022360679775;0;0;
24;3669.0;1322.0;0.02;0.01;0.01;0.0244948974278;0;0;
24;3797.0;1322.0;0.02;0.0;-0.01;0.022360679775;0;0;
24;3750.0;1322.0;0.0;0.02;-0.04;0.04472135955;0;0;
24;3745.0;1322.0;-0.02;0.0;-0.01;0.022360679775;0;0;
24;3771.0;1323.0;0.0;0.02;-0.07;0.0728010988928;0;0;
24;3708.0;1323.0;0.0;-0.01;-0.03;0.0316227766017;0;0;
24;3751.0;1323.0;0.0;0.01;-0.08;0.080622577483;0;0;
24;3953.0;1323.0;0.0;0.0;-0.02;0.02;0;0;
24;3972.0;1322.0;0.02;0.0;0.02;0.0282842712475;0;0;
24;4035.0;1323.0;0.0;0.0;0.03;0.03;0;0;
24;3964.0;1323.0;0.0;0.02;0.02;0.0282842712475;0;0;
24;3719.0;1323.0;0.0;0.0;0.0;0.0;0;0;
24;3773.0;1324.0;0.0;0.0;0.04;0.04;0;0;
24;3771.0;1322.0;0.0;0.02;0.0;0.02;0;0;
24;3755.0;1323.0;0.0;0.01;0.01;0.0141421356237;0;0;
24;3705.0;1323.0;0.01;0.02;0.01;0.0244948974278;0;0;
24;3666.0;1323.0;0.0;0.02;0.06;0.0632455532034;0;0;
24;3749.0;1324.0;0.0;0.01;0.0;0.01;0;0;
24;3748.0;1321.0;0.02;0.01;0.02;0.03;0;0;
24;3750.0;1323.0;0.01;0.02;0.02;0.03;0;0;
24;3703.0;1322.0;0.0;0.02;0.01;0.022360679775;0;0;
24;3737.0;1323.0;-0.03;0.0;-0.03;0.0424264068712;0;0;
24;3743.0;1323.0;0.0;0.01;-0.07;0.0707106781187;0;0;
24;3913.0;1321.0;-0.02;0.0;0.03;0.0360555127546;0;0;
24;4028.0;1323.0;0.0;0.01;-0.06;0.060827625303;0;0;
24;4072.0;1323.0;-0.01;0.0;0.02;0.022360679775;0;0;
24;3994.0;1324.0;0.01;0.05;0.02;0.0547722557505;0;0;
24;3916.0;1323.0;0.01;0.02;0.0;0.022360679775;0;0;
24;3793.0;1322.0;0.04;0.01;0.05;0.0648074069841;0;0;
24;3844.0;1321.0;-0.01;0.0;0.02;0.022360679775;0;0;
24;3766.0;1323.0;-0.03;-0.02;0.02;0.0412310562562;0;0;
24;3850.0;1323.0;0.02;0.0;-0.01;0.022360679775;0;0;
24;3762.0;1321.0;-0.01;-0.02;0.06;0.0640312423743;0;0;
24;3797.0;1323.0;0.0;-0.02;0.04;0.04472135955;0;0;
24;3764.0;1322.0;-0.03;-0.01;0.0;0.0316227766017;0;0;
24;3672.0;1322.0;0.01;0.0;0.04;0.0412310562562;0;0;
24;3617.0;1322.0;0.03;0.0;0.0;0.03;0;0;
24;3616.0;1323.0;0.03;0.0;0.03;0.0424264068712;0;0;
24;3772.0;1322.0;0.01;0.0;-0.06;0.060827625303;0;0;
24;3667.0;1323.0;0.0;-0.02;0.03;0.0360555127546;0;0;
24;3762.0;1322.0;0.03;0.01;0.01;0.0331662479036;0;0;
24;3683.0;1323.0;-0.01;-0.01;0.03;0.0331662479036;0;0;
24;3735.0;1322.0;0.0;0.02;0.0;0.02;0;0;
24;3743.0;1322.0;-0.02;-0.04;-0.06;0.0748331477355;0;0;
24;3819.0;1323.0;0.0;0.0;-0.01;0.01;0;0;
24;3822.0;1323.0;0.02;0.01;0.03;0.0374165738677;0;0;
24;3996.0;1323.0;0.01;0.0;0.03;0.0316227766017;0;0;
24;4094.0;1324.0;-0.01;0.0;-0.06;0.060827625303;0;0;
24;3947.0;1324.0;0.0;0.0;-0.03;0.03;0;0;
24;4049.0;1321.0;0.0;0.0;0.0;0.0;0;0;
24;3891.0;1323.0;0.0;-0.02;-0.01;0.022360679775;0;0;
24;3861.0;1323.0;0.0;-0.01;-0.02;0.022360679775;0;0;
24;3868.0;1322.0;0.0;0.0;0.0;0.0;0;0;
24;3701.0;1322.0;0.01;0.0;0.03;0.0316227766017;0;0;
24;3748.0;1323.0;0.0;-0.01;0.04;0.0412310562562;0;0;
24;3728.0;1323.0;0.02;-0.01;0.0;0.022360679775;0;0;
24;3811.0;1323.0;0.0;0.02;0.0;0.02;0;0;
24;3784.0;1323.0;0.01;0.0;-0.08;0.080622577483;0;0;
24;3723.0;1322.0;0.0;-0.02;-0.04;0.04472135955;0;0;
24;3741.0;1322.0;0.0;0.0;-0.04;0.04;0;0;
24;3797.0;1322.0;0.0;-0.01;-0.05;0.0509901951359;0;0;
24;3639.0;1321.0;0.03;0.01;0.05;0.059160797831;0;0;
24;3683.0;1323.0;0.02;0.02;0.0;0.0282842712475;0;0;
24;3669.0;1322.0;0.01;0.0;0.04;0.0412310562562;0;0;
24;3765.0;1323.0;0.0;-0.02;0.0;0.02;0;0;
24;3764.0;1322.0;-0.04;0.0;0.03;0.05;0;0;
24;3672.0;1323.0;0.0;-0.01;0.01;0.0141421356237;0;0;
24;4026.0;1322.0;0.01;0.0;-0.08;0.080622577483;0;0;
24;4038.0;1323.0;0.01;0.0;-0.02;0.022360679775;0;0;
24;4085.0;1323.0;0.0;0.01;0.0;0.01;0;0;
24;3928.0;1322.0;0.01;0.05;0.0;0.0509901951359;0;0;
24;3953.0;1323.0;-0.02;0.01;-0.06;0.0640312423743;0;0;
24;3929.0;1322.0;0.0;0.04;-0.11;0.117046999107;0;0;
24;3792.0;1322.0;-0.02;0.04;0.0;0.04472135955;0;0;
24;3736.0;1323.0;0.0;0.02;-0.02;0.0282842712475;0;0;
24;3690.0;1323.0;0.0;0.0;0.11;0.11;0;0;
24;3799.0;1323.0;0.0;0.03;-0.11;0.11401754251;0;0;
24;3790.0;1322.0;0.0;-0.02;-0.01;0.022360679775;0;0;
24;3768.0;1322.0;0.0;0.0;0.02;0.02;0;0;
24;3705.0;1321.0;0.01;0.05;-0.01;0.0519615242271;0;0;
24;3755.0;1322.0;0.0;0.0;-0.05;0.05;0;0;
24;3763.0;1323.0;0.03;0.01;-0.06;0.0678232998313;0;0;
24;3627.0;1323.0;0.01;0.01;-0.03;0.0331662479036;0;0;
24;3626.0;1324.0;0.0;-0.02;0.04;0.04472135955;0;0;
24;3630.0;1323.0;0.0;0.02;0.02;0.0282842712475;0;0;
24;3802.0;1322.0;0.0;0.0;0.0;0.0;0;0;
24;3784.0;1323.0;0.0;0.0;0.0;0.0;0;0;
24;3832.0;1324.0;-0.01;-0.01;0.01;0.0173205080757;0;0;
24;3956.0;1323.0;0.0;0.04;0.04;0.0565685424949;0;0;
24;3987.0;1323.0;0.02;-0.01;-0.05;0.0547722557505;0;0;
24;4031.0;1322.0;0.03;0.0;-0.06;0.067082039325;0;0;
24;3811.0;1323.0;-0.04;-0.04;0.03;0.0640312423743;0;0;
24;3889.0;1323.0;0.0;0.01;-0.11;0.110453610172;0;0;
24;3823.0;1322.0;0.0;0.01;0.0;0.01;0;0;
24;3820.0;1322.0;-0.02;0.01;0.02;0.03;0;0;
24;3733.0;1323.0;0.0;-0.01;0.02;0.022360679775;0;0;
24;3739.0;1322.0;-0.01;0.0;0.02;0.022360679775;0;0;
24;3818.0;1323.0;0.0;0.01;0.02;0.022360679775;0;0;
24;3846.0;1323.0;0.02;0.0;-0.01;0.022360679775;0;0;
24;3785.0;1323.0;-0.01;0.0;-0.08;0.080622577483;0;0;
24;3691.0;1323.0;0.02;0.0;0.03;0.0360555127546;0;0;
24;3777.0;1322.0;0.01;0.02;-0.07;0.0734846922835;0;0;
24;3748.0;1322.0;0.03;0.0;-0.02;0.0360555127546;0;0;
24;3706.0;1322.0;0.01;0.0;0.02;0.022360679775;0;0;
24;3710.0;1322.0;0.0;0.01;0.02;0.022360679775;0;0;
24;3738.0;1323.0;-0.01;0.0;-0.05;0.0509901951359;0;0;
24;3646.0;1323.0;0.0;0.01;0.0;0.01;0;0;
24;3737.0;1322.0;-0.01;0.01;-0.03;0.0331662479036;0;0;
24;3706.0;1322.0;0.0;0.0;0.0;0.0;0;0;
24;3800.0;1324.0;0.0;0.03;0.03;0.0424264068712;0;0;
24;3863.0;1322.0;0.0;0.02;-0.02;0.0282842712475;0;0;
24;3954.0;1322.0;0.02;0.01;-0.08;0.0830662386292;0;0;
24;3853.0;1322.0;0.0;0.03;-0.03;0.0424264068712;0;0;
24;3910.0;1322.0;0.0;0.0;0.01;0.01;0;0;
24;3938.0;1323.0;0.0;0.0;-0.04;0.04;0;0;
24;3784.0;1323.0;0.0;0.0;0.0;0.0;0;0;
24;3865.0;1323.0;0.0;0.0;0.01;0.01;0;0;
24;3790.0;1321.0;0.0;0.02;0.01;0.022360679775;0;0;
24;3797.0;1322.0;0.0;0.0;-0.04;0.04;0;0;
24;3821.0;1321.0;0.02;0.01;-0.07;0.0734846922835;0;0;
24;3695.0;1322.0;0.0;0.01;-0.01;0.0141421356237;0;0;
24;3688.0;1323.0;-0.01;0.01;0.03;0.0331662479036;0;0;
24;3671.0;1321.0;0.0;0.0;0.0;0.0;0;0;
24;3805.0;1321.0;0.0;0.0;-0.03;0.03;0;0;
24;3716.0;1323.0;0.01;0.01;0.01;0.0173205080757;0;0;
24;3752.0;1323.0;0.0;0.02;0.0;0.02;0;0;
24;3714.0;1322.0;0.01;0.02;0.03;0.0374165738677;0;0;
24;3736.0;1323.0;0.0;0.01;-0.06;0.060827625303;0;0;
24;3777.0;1322.0;0.01;0.0;-0.06;0.060827625303;0;0;
24;3615.0;1321.0;0.01;0.0;0.03;0.0316227766017;0;0;
24;3677.0;1322.0;0.0;0.0;0.01;0.01;0;0;
24;3747.0;1323.0;0.01;0.0;-0.01;0.0141421356237;0;0;
24;3774.0;1322.0;0.0;0.0;-0.01;0.01;0;0;
24;3694.0;1324.0;-0.01;0.0;0.01;0.0141421356237;0;0;
24;3943.0;1321.0;0.0;-0.02;0.03;0.0360555127546;0;0;
24;3917.0;1323.0;0.0;0.02;-0.07;0.0728010988928;0;0;
24;3936.0;1323.0;0.0;0.02;-0.07;0.0728010988928;0;0;
24;3780.0;1322.0;0.0;0.0;0.0;0.0;0;0;
24;3916.0;1322.0;0.0;0.0;-0.01;0.01;0;0;
24;3810.0;1323.0;0.0;0.04;0.0;0.04;0;0;
24;3820.0;1322.0;0.0;0.0;-0.05;0.05;0;0;
24;3866.0;1323.0;0.0;0.02;-0.08;0.0824621125124;0;0;
24;3675.0;1323.0;0.0;-0.01;0.01;0.0141421356237;0;0;
24;3749.0;1322.0;0.0;-0.01;0.0;0.01;0;0;
24;3728.0;1323.0;0.0;0.0;0.03;0.03;0;0;
24;3809.0;1322.0;0.0;-0.01;0.0;0.01;0;0;
24;3640.0;1323.0;0.01;0.02;0.0;0.022360679775;0;0;
24;3771.0;1322.0;0.0;0.0;-0.05;0.05;0;0;
24;3805.0;1322.0;0.03;0.01;-0.06;0.0678232998313;0;0;
24;3805.0;1323.0;0.0;0.0;-0.01;0.01;0;0;
24;3797.0;1322.0;0.0;0.0;-0.02;0.02;0;0;
24;3677.0;1322.0;0.0;0.01;0.0;0.01;0;0;
24;3742.0;1322.0;0.0;0.02;-0.04;0.04472135955;0;0;
24;3699.0;1323.0;0.0;0.0;0.02;0.02;0;0;
24;3780.0;1322.0;0.0;0.03;0.0;0.03;0;0;
24;3860.0;1322.0;0.0;0.0;0.0;0.0;0;0;
24;3876.0;1322.0;0.02;0.02;0.0;0.0282842712475;0;0;
24;3924.0;1322.0;-0.01;0.0;-0.04;0.0412310562562;0;0;
24;3821.0;1323.0;0.01;-0.03;0.01;0.0331662479036;0;0;
24;3804.0;1322.0;0.0;0.0;0.02;0.02;0;0;
24;3849.0;1322.0;0.03;0.01;-0.06;0.0678232998313;0;0;
24;3771.0;1323.0;-0.02;-0.01;0.01;0.0244948974278;0;0;
24;3797.0;1323.0;0.0;0.0;-0.05;0.05;0;0;
24;3685.0;1321.0;0.0;0.04;0.01;0.0412310562562;0;0;
24;3793.0;1324.0;0.0;0.03;0.02;0.0360555127546;0;0;
24;3739.0;1322.0;0.0;0.03;-0.04;0.05;0;0;
24;3777.0;1322.0;-0.01;-0.01;0.0;0.0141421356237;0;0;
24;3793.0;1322.0;-0.01;0.01;-0.03;0.0331662479036;0;0;
24;3735.0;1324.0;0.0;-0.03;0.03;0.0424264068712;0;0;
24;3784.0;1323.0;0.0;0.03;-0.1;0.104403065089;0;0;
24;3779.0;1322.0;0.01;-0.02;-0.07;0.0734846922835;0;0;
24;3629.0;1323.0;0.03;0.03;0.01;0.0435889894354;0;0;
24;3689.0;1322.0;0.03;0.03;0.01;0.0435889894354;0;0;
24;3877.0;1322.0;-0.03;0.02;-0.08;0.0877496438739;0;0;
24;3876.0;1321.0;0.0;0.0;0.04;0.04;0;0;
24;3923.0;1323.0;0.02;0.01;0.0;0.022360679775;0;0;
24;3935.0;1321.0;-0.01;0.0;0.08;0.080622577483;0;0;
24;3897.0;1323.0;0.03;0.03;0.0;0.0424264068712;0;0;
24;3837.0;1323.0;0.0;-0.01;0.02;0.022360679775;0;0;
24;3856.0;1323.0;-0.02;-0.03;0.01;0.0374165738677;0;0;
24;3875.0;1323.0;-0.02;0.0;-0.01;0.022360679775;0;0;
24;3734.0;1323.0;0.02;0.02;0.0;0.0282842712475;0;0;
24;3776.0;1324.0;0.0;0.02;0.0;0.02;0;0;
24;3840.0;1321.0;0.02;0.02;0.0;0.0282842712475;0;0;
24;3756.0;1323.0;0.0;0.0;0.0;0.0;0;0;
24;3695.0;1322.0;0.0;0.0;0.01;0.01;0;0;
24;3808.0;1323.0;0.0;0.0;-0.03;0.03;0;0;
24;3813.0;1323.0;0.0;-0.01;0.0;0.01;0;0;
24;3678.0;1323.0;0.0;0.01;-0.01;0.0141421356237;0;0;
24;3763.0;1322.0;0.0;0.0;-0.07;0.07;0;0;
24;3778.0;1323.0;0.0;-0.02;0.03;0.0360555127546;0;0;
24;3720.0;1324.0;-0.02;0.0;0.05;0.0538516480713;0;0;
24;3749.0;1322.0;0.0;0.0;0.0;0.0;0;0;
24;3797.0;1322.0;0.01;0.0;0.0;0.01;0;0;
24;3687.0;1323.0;0.0;0.0;0.03;0.03;0;0;
24;3926.0;1323.0;0.0;0.02;0.02;0.0282842712475;0;0;
24;3959.0;1322.0;0.0;0.0;-0.09;0.09;0;0;
24;3832.0;1323.0;0.01;0.0;0.04;0.0412310562562;0;0;
24;3959.0;1323.0;0.0;0.0;-0.06;0.06;0;0;
24;3861.0;1322.0;0.01;0.02;0.02;0.03;0;0;
24;3858.0;1324.0;0.0;0.02;-0.08;0.0824621125124;0;0;
24;3769.0;1323.0;0.0;-0.01;0.04;0.0412310562562;0;0;
24;3799.0;1322.0;0.01;0.0;0.05;0.0509901951359;0;0;
24;3838.0;1322.0;0.0;0.0;-0.01;0.01;0;0;
24;3855.0;1323.0;0.01;0.03;-0.04;0.0509901951359;0;0;
24;3714.0;1323.0;0.03;0.04;0.0;0.05;0;0;
24;3768.0;1321.0;0.0;0.0;-0.01;0.01;0;0;
24;3827.0;1322.0;0.0;0.02;-0.08;0.0824621125124;0;0;
24;3754.0;1321.0;0.02;0.0;0.06;0.0632455532034;0;0;
24;3784.0;1321.0;0.02;0.01;-0.08;0.0830662386292;0;0;
24;3716.0;1323.0;-0.03;0.0;0.03;0.0424264068712;0;0;
24;3783.0;1322.0;-0.01;-0.02;0.03;0.0374165738677;0;0;
24;3820.0;1323.0;0.03;0.0;0.0;0.03;0;0;
24;3749.0;1323.0;0.0;0.0;0.01;0.01;0;0;
24;3785.0;1323.0;-0.02;-0.01;-0.02;0.03;0;0;
24;3806.0;1323.0;0.0;-0.02;-0.01;0.022360679775;0;0;
24;3670.0;1322.0;0.0;0.0;0.02;0.02;0;0;
24;3808.0;1321.0;0.0;0.02;-0.06;0.0632455532034;0;0;
24;3699.0;1323.0;0.03;0.01;0.03;0.0435889894354;0;0;
24;3980.0;1321.0;0.02;0.03;-0.04;0.0538516480713;0;0;
24;3998.0;1322.0;0.02;0.0;0.0;0.02;0;0;
24;4029.0;1322.0;0.01;0.01;0.0;0.0141421356237;0;0;
24;4000.0;1323.0;0.0;0.01;0.0;0.01;0;0;
24;3985.0;1323.0;0.0;-0.01;0.0;0.01;0;0;
24;4003.0;1322.0;0.0;-0.02;0.0;0.02;0;0;
24;3846.0;1324.0;0.03;0.04;-0.01;0.0509901951359;0;0;
24;3970.0;1322.0;0.0;-0.03;-0.03;0.0424264068712;0;0;
24;3816.0;1323.0;0.02;0.04;0.02;0.0489897948557;0;0;
24;3872.0;1324.0;0.03;0.01;0.0;0.0316227766017;0;0;
24;3876.0;1322.0;0.03;0.03;-0.05;0.065574385243;0;0;
24;3894.0;1323.0;0.02;0.0;0.01;0.022360679775;0;0;
24;3763.0;1323.0;0.0;0.0;0.0;0.0;0;0;
24;3860.0;1322.0;0.0;0.0;0.0;0.0;0;0;
24;3817.0;1322.0;0.0;-0.01;-0.06;0.060827625303;0;0;
24;3843.0;1322.0;0.0;0.01;-0.01;0.0141421356237;0;0;
24;3806.0;1323.0;0.0;0.0;-0.1;0.1;0;0;
24;3711.0;1321.0;0.0;0.03;0.03;0.0424264068712;0;0;
24;3757.0;1322.0;0.01;0.0;0.0;0.01;0;0;
24;3771.0;1322.0;0.0;0.01;0.03;0.0316227766017;0;0;
24;3806.0;1322.0;-0.02;0.01;0.0;0.022360679775;0;0;
24;3669.0;1322.0;0.0;0.0;0.03;0.03;0;0;
24;3833.0;1321.0;0.0;0.02;0.03;0.0360555127546;0;0;
24;4017.0;1322.0;0.0;-0.01;0.02;0.022360679775;0;0;
24;4082.0;1321.0;0.0;0.01;-0.05;0.0509901951359;0;0;
24;4060.0;1322.0;0.0;0.0;-0.05;0.05;0;0;
24;3879.0;1323.0;0.01;0.0;0.01;0.0141421356237;0;0;
24;3944.0;1324.0;0.0;0.03;0.0;0.03;0;0;
24;3984.0;1323.0;0.0;-0.01;-0.02;0.022360679775;0;0;
24;3910.0;1322.0;0.03;0.0;0.01;0.0316227766017;0;0;
24;3952.0;1322.0;0.0;0.01;-0.03;0.0316227766017;0;0;
24;3830.0;1322.0;0.0;-0.02;0.03;0.0360555127546;0;0;
24;3917.0;1323.0;0.01;0.03;-0.05;0.059160797831;0;0;
24;3805.0;1322.0;0.01;0.0;0.0;0.01;0;0;
24;3860.0;1323.0;-0.01;0.01;-0.01;0.0173205080757;0;0;
24;3884.0;1322.0;0.0;0.02;-0.02;0.0282842712475;0;0;
24;3848.0;1322.0;0.0;0.0;-0.08;0.08;0;0;
24;3700.0;1322.0;0.01;0.0;0.02;0.022360679775;0;0;
24;3765.0;1322.0;0.01;0.0;0.02;0.022360679775;0;0;
24;3733.0;1323.0;0.02;0.01;0.01;0.0244948974278;0;0;
24;3835.0;1323.0;0.02;0.01;-0.02;0.03;0;0;
24;3774.0;1322.0;0.0;0.05;-0.04;0.0640312423743;0;0;
24;3818.0;1322.0;0.0;0.01;-0.04;0.0412310562562;0;0;
24;3763.0;1322.0;0.0;0.0;0.0;0.0;0;0;
24;3809.0;1321.0;0.0;0.02;-0.04;0.04472135955;0;0;
24;3811.0;1322.0;0.0;0.0;-0.04;0.04;0;0;
24;3831.0;1321.0;-0.02;0.0;0.01;0.022360679775;0;0;
24;3948.0;1321.0;0.0;0.02;0.0;0.02;0;0;
24;4072.0;1322.0;0.0;0.0;0.01;0.01;0;0;
24;4094.0;1323.0;0.02;0.02;0.0;0.0282842712475;0;0;
24;4048.0;1324.0;0.0;0.0;-0.01;0.01;0;0;
24;4071.0;1322.0;0.0;0.0;-0.04;0.04;0;0;
24;3928.0;1323.0;0.01;0.0;-0.05;0.0509901951359;0;0;
24;3893.0;1323.0;0.01;0.0;0.01;0.0141421356237;0;0;
24;3927.0;1322.0;0.01;0.0;-0.07;0.0707106781187;0;0;
24;3848.0;1322.0;0.03;0.0;0.0;0.03;0;0;
24;3867.0;1322.0;0.01;0.0;-0.01;0.0141421356237;0;0;
24;3866.0;1322.0;0.0;0.0;-0.07;0.07;0;0;
24;3869.0;1322.0;0.0;0.0;0.0;0.0;0;0;
24;3865.0;1323.0;0.0;0.0;-0.08;0.08;0;0;
24;3711.0;1321.0;0.0;0.02;0.0;0.02;0;0;
24;3769.0;1323.0;0.0;0.01;0.04;0.0412310562562;0;0;
24;3751.0;1322.0;0.01;-0.01;0.03;0.0331662479036;0;0;
24;3815.0;1321.0;0.0;0.0;-0.01;0.01;0;0;
24;3821.0;1322.0;0.02;0.0;-0.03;0.0360555127546;0;0;
24;3806.0;1322.0;0.0;-0.03;-0.05;0.0583095189485;0;0;
24;3758.0;1322.0;0.01;0.01;-0.02;0.0244948974278;0;0;
24;3817.0;1323.0;-0.01;0.02;-0.06;0.0640312423743;0;0;
24;4029.0;1322.0;0.0;0.0;-0.04;0.04;0;0;
24;4069.0;1321.0;0.0;0.0;0.01;0.01;0;0;
24;4081.0;1322.0;-0.01;-0.02;0.0;0.022360679775;0;0;
24;4021.0;1324.0;0.02;0.0;0.01;0.022360679775;0;0;
24;4016.0;1323.0;0.0;0.0;0.02;0.02;0;0;
24;3874.0;1323.0;0.0;0.01;-0.01;0.0141421356237;0;0;
24;3982.0;1322.0;0.01;0.0;0.03;0.0316227766017;0;0;
24;3893.0;1322.0;0.01;0.01;-0.02;0.0244948974278;0;0;
24;3937.0;1323.0;0.03;-0.01;-0.02;0.0374165738677;0;0;
24;3924.0;1323.0;0.0;0.0;-0.05;0.05;0;0;
24;3786.0;1322.0;0.0;0.01;0.0;0.01;0;0;
24;3748.0;1322.0;0.03;0.03;0.0;0.0424264068712;0;0;
24;3736.0;1322.0;0.0;0.0;0.03;0.03;0;0;
24;3859.0;1320.0;0.01;0.01;-0.02;0.0244948974278;0;0;
24;3820.0;1322.0;0.0;-0.01;0.01;0.0141421356237;0;0;
24;3836.0;1323.0;0.0;0.06;-0.02;0.0632455532034;0;0;
24;3785.0;1321.0;0.0;0.01;0.01;0.0141421356237;0;0;
24;3820.0;1323.0;0.01;-0.01;0.0;0.0141421356237;0;0;
24;3817.0;1322.0;0.0;0.0;-0.08;0.08;0;0;
24;3946.0;1322.0;-0.01;0.0;0.06;0.060827625303;0;0;
24;4061.0;1322.0;0.0;0.02;-0.03;0.0360555127546;0;0;
24;4095.0;1322.0;0.01;0.01;0.02;0.0244948974278;0;0;
24;4095.0;1322.0;0.02;0.02;-0.04;0.0489897948557;0;0;
24;3950.0;1322.0;0.0;0.02;0.02;0.0282842712475;0;0;
24;3930.0;1325.0;0.03;0.02;0.0;0.0360555127546;0;0;
24;3986.0;1321.0;0.0;-0.01;-0.02;0.022360679775;0;0;
24;3982.0;1322.0;0.0;-0.02;-0.01;0.022360679775;0;0;
24;3988.0;1322.0;0.0;0.0;-0.03;0.03;0;0;
24;3899.0;1321.0;0.02;0.02;0.0;0.0282842712475;0;0;
24;3927.0;1322.0;0.0;0.02;-0.07;0.0728010988928;0;0;
24;3892.0;1322.0;0.01;-0.01;-0.03;0.0331662479036;0;0;
24;3752.0;1323.0;0.01;0.0;0.02;0.022360679775;0;0;
24;3855.0;1323.0;0.0;-0.02;-0.03;0.0360555127546;0;0;
24;3818.0;1322.0;0.01;0.01;0.02;0.0244948974278;0;0;
24;3874.0;1323.0;0.01;0.01;0.02;0.0244948974278;0;0;
24;3719.0;1322.0;0.01;0.0;0.07;0.0707106781187;0;0;
24;3719.0;1323.0;0.0;-0.01;0.03;0.0316227766017;0;0;
24;3821.0;1323.0;0.01;0.0;-0.06;0.060827625303;0;0;
24;3824.0;1323.0;0.01;0.0;0.0;0.01;0;0;
24;3839.0;1322.0;0.01;-0.01;-0.05;0.0519615242271;0;0;
24;3978.0;1322.0;0.01;0.02;0.02;0.03;0;0;
24;4032.0;1323.0;0.0;0.0;-0.06;0.06;0;0;
24;4095.0;1323.0;0.01;-0.01;-0.05;0.0519615242271;0;0;
24;4080.0;1323.0;0.01;-0.01;0.05;0.0519615242271;0;0;
24;4095.0;1322.0;0.01;0.02;0.0;0.022360679775;0;0;
24;4094.0;1323.0;0.02;0.01;-0.07;0.0734846922835;0;0;
24;4035.0;1322.0;0.0;0.02;0.0;0.02;0;0;
24;3946.0;1323.0;0.0;0.0;-0.01;0.01;0;0;
24;4002.0;1322.0;0.0;0.02;-0.01;0.022360679775;0;0;
24;3968.0;1322.0;0.0;0.01;-0.05;0.0509901951359;0;0;
24;3981.0;1323.0;0.0;0.04;0.0;0.04;0;0;
24;3928.0;1321.0;0.01;0.01;-0.01;0.0173205080757;0;0;
24;3824.0;1322.0;0.0;0.03;0.0;0.03;0;0;
24;3850.0;1321.0;0.0;0.02;-0.07;0.0728010988928;0;0;
24;3755.0;1323.0;-0.01;0.0;0.01;0.0141421356237;0;0;
24;3881.0;1324.0;0.0;0.01;-0.04;0.0412310562562;0;0;
24;3778.0;1322.0;-0.01;-0.01;0.04;0.0424264068712;0;0;
24;3829.0;1321.0;0.01;0.03;-0.06;0.0678232998313;0;0;
24;3820.0;1321.0;0.0;0.0;-0.07;0.07;0;0;
24;3670.0;1324.0;0.02;0.03;0.01;0.0374165738677;0;0;
24;3723.0;1323.0;-0.01;0.01;0.0;0.0141421356237;0;0;
24;3772.0;1322.0;0.0;0.01;0.02;0.022360679775;0;0;
24;3802.0;1323.0;-0.01;0.02;-0.04;0.0458257569496;0;0;
24;3712.0;1322.0;0.0;-0.03;0.03;0.0424264068712;0;0;
24;3848.0;1323.0;0.02;-0.01;0.03;0.0374165738677;0;0;
24;4095.0;1323.0;0.01;0.01;-0.07;0.0714142842854;0;0;
24;4088.0;1322.0;0.01;0.01;0.0;0.0141421356237;0;0;
24;4094.0;1321.0;-0.02;0.0;0.0;0.02;0;0;
24;4095.0;1321.0;0.01;0.0;-0.05;0.0509901951359;0;0;
24;3996.0;1323.0;-0.02;0.0;0.02;0.0282842712475;0;0;
24;3870.0;1322.0;0.02;0.02;0.02;0.0346410161514;0;0;
24;3875.0;1322.0;0.0;0.02;0.03;0.0360555127546;0;0;
24;3981.0;1321.0;0.01;0.01;-0.09;0.0911043357914;0;0;
24;3958.0;1323.0;0.01;0.03;-0.03;0.0435889894354;0;0;
24;3775.0;1322.0;0.02;0.02;-0.01;0.03;0;0;
24;3825.0;1322.0;0.0;-0.02;-0.04;0.04472135955;0;0;
24;3830.0;1323.0;0.01;-0.02;-0.03;0.0374165738677;0;0;
24;3688.0;1323.0;0.0;0.02;0.01;0.022360679775;0;0;
24;3795.0;1322.0;0.02;0.0;-0.08;0.0824621125124;0;0;
24;3779.0;1324.0;0.0;0.0;-0.04;0.04;0;0;
24;3808.0;1322.0;0.0;0.0;0.01;0.01;0;0;
24;3759.0;1322.0;0.0;0.0;-0.04;0.04;0;0;
24;3793.0;1322.0;0.02;0.02;-0.03;0.0412310562562;0;0;
24;3774.0;1322.0;0.0;0.0;0.03;0.03;0;0;
24;4090.0;1323.0;0.0;0.0;-0.01;0.01;0;0;
24;4095.0;1323.0;0.01;-0.01;-0.01;0.0173205080757;0;0;
24;4095.0;1323.0;0.0;0.0;0.02;0.02;0;0;
24;3991.0;1324.0;0.01;0.0;0.03;0.0316227766017;0;0;
24;3957.0;1322.0;-0.03;0.0;0.02;0.0360555127546;0;0;
24;3850.0;1322.0;0.0;0.01;0.0;0.01;0;0;
24;3809.0;1323.0;-0.02;0.0;0.04;0.04472135955;0;0;
24;3929.0;1323.0;0.04;0.02;-0.03;0.0538516480713;0;0;
24;3918.0;1322.0;-0.02;-0.02;-0.05;0.0574456264654;0;0;
24;3715.0;1323.0;0.01;0.01;0.0;0.0141421356237;0;0;
24;3780.0;1323.0;0.0;0.0;0.0;0.0;0;0;
24;3817.0;1323.0;0.0;0.0;-0.04;0.04;0;0;
24;3733.0;1323.0;-0.02;-0.03;0.01;0.0374165738677;0;0;
24;3683.0;1323.0;-0.01;0.0;0.03;0.0316227766017;0;0;
24;3760.0;1323.0;-0.01;0.02;0.03;0.0374165738677;0;0;
24;3731.0;1323.0;0.02;0.02;-0.02;0.0346410161514;0;0;
24;3653.0;1322.0;0.01;0.02;0.0;0.022360679775;0;0;
24;3736.0;1322.0;0.01;0.01;-0.01;0.0173205080757;0;0;
24;3804.0;1323.0;-0.02;0.0;0.04;0.04472135955;0;0;
24;3636.0;1323.0;0.0;0.01;0.0;0.01;0;0;
24;3799.0;1322.0;0.02;0.03;-0.07;0.0787400787401;0;0;
24;4095.0;1322.0;0.01;0.05;0.0;0.0509901951359;0;0;
24;4026.0;1324.0;-0.02;0.0;0.0;0.02;0;0;
24;4026.0;1322.0;0.04;0.02;0.02;0.0489897948557;0;0;
24;4085.0;1322.0;0.0;-0.03;-0.05;0.0583095189485;0;0;
24;4056.0;1322.0;0.0;-0.02;0.0;0.02;0;0;
24;3997.0;1323.0;0.0;0.01;-0.02;0.022360679775;0;0;
24;3844.0;1323.0;0.01;0.03;0.01;0.0331662479036;0;0;
24;3936.0;1323.0;0.01;0.03;-0.05;0.059160797831;0;0;
24;3927.0;1322.0;0.02;0.04;-0.07;0.0830662386292;0;0;
24;3749.0;1323.0;-0.02;0.0;0.02;0.0282842712475;0;0;
24;3848.0;1322.0;0.0;-0.03;-0.03;0.0424264068712;0;0;
24;3819.0;1322.0;0.01;0.02;-0.05;0.0547722557505;0;0;
24;3746.0;1322.0;0.01;0.0;0.03;0.0316227766017;0;0;
24;3841.0;1322.0;0.0;-0.01;-0.08;0.080622577483;0;0;
24;3802.0;1323.0;0.0;0.01;-0.06;0.060827625303;0;0;
24;3801.0;1323.0;0.01;0.01;-0.05;0.0519615242271;0;0;
24;3730.0;1323.0;0.02;0.0;0.03;0.0360555127546;0;0;
24;3819.0;1324.0;0.0;0.0;0.0;0.0;0;0;
24;3719.0;1323.0;0.0;0.0;0.03;0.03;0;0;
24;3748.0;1322.0;0.01;-0.01;0.01;0.0173205080757;0;0;
24;3788.0;1322.0;0.0;0.03;-0.01;0.0316227766017;0;0;
24;3653.0;1324.0;0.01;0.02;0.0;0.022360679775;0;0;
24;3791.0;1323.0;0.01;0.0;-0.04;0.0412310562562;0;0;
24;3792.0;1323.0;0.03;0.0;0.03;0.0424264068712;0;0;
24;3922.0;1322.0;0.0;0.0;-0.05;0.05;0;0;
24;4054.0;1324.0;0.01;0.01;0.0;0.0141421356237;0;0;
24;4095.0;1322.0;0.01;0.03;-0.02;0.0374165738677;0;0;
24;4031.0;1323.0;0.0;-0.01;0.0;0.01;0;0;
24;4043.0;1322.0;-0.01;0.0;0.0;0.01;0;0;
24;4029.0;1323.0;0.0;-0.02;-0.05;0.0538516480713;0;0;
24;4024.0;1323.0;0.01;0.01;-0.06;0.0616441400297;0;0;
24;3961.0;1322.0;0.0;0.01;-0.03;0.0316227766017;0;0;
24;3825.0;1324.0;0.0;0.02;0.01;0.022360679775;0;0;
24;3865.0;1322.0;0.03;0.01;0.02;0.0374165738677;0;0;
24;3810.0;1321.0;-0.01;-0.02;0.03;0.0374165738677;0;0;
24;3875.0;1322.0;0.03;0.0;-0.05;0.0583095189485;0;0;
24;3844.0;1323.0;0.0;0.0;-0.02;0.02;0;0;
24;3862.0;1323.0;0.02;0.01;-0.03;0.0374165738677;0;0;
24;3779.0;1322.0;0.0;0.01;0.01;0.0141421356237;0;0;
24;3823.0;1322.0;0.0;0.01;-0.01;0.0141421356237;0;0;
24;3784.0;1322.0;0.0;0.0;0.0;0.0;0;0;
24;3838.0;1323.0;0.0;0.02;-0.04;0.04472135955;0;0;
24;3667.0;1322.0;0.0;-0.02;0.01;0.022360679775;0;0;
24;3703.0;1323.0;-0.01;0.0;-0.01;0.0141421356237;0;0;
24;3812.0;1322.0;0.0;0.02;-0.04;0.04472135955;0;0;
24;3866.0;1323.0;0.0;0.02;0.03;0.0360555127546;0;0;
24;4011.0;1322.0;0.0;0.0;-0.1;0.1;0;0;
24;4095.0;1323.0;0.01;0.04;0.04;0.0574456264654;0;0;
24;4095.0;1323.0;0.0;0.0;-0.05;0.05;0;0;
24;4082.0;1323.0;0.0;-0.01;0.01;0.0141421356237;0;0;
24;4068.0;1322.0;0.02;-0.01;0.01;0.0244948974278;0;0;
24;3898.0;1323.0;0.01;0.0;0.05;0.0509901951359;0;0;
24;3876.0;1322.0;0.0;0.0;0.02;0.02;0;0;
24;3958.0;1321.0;-0.01;0.0;0.03;0.0316227766017;0;0;
24;3950.0;1323.0;0.0;0.0;-0.05;0.05;0;0;
24;3942.0;1322.0;0.02;0.0;0.0;0.02;0;0;
24;3762.0;1322.0;0.0;0.0;0.04;0.04;0;0;
24;3776.0;1323.0;0.0;0.03;0.03;0.0424264068712;0;0;
24;3858.0;1323.0;-0.01;0.03;-0.01;0.0331662479036;0;0;
24;3722.0;1322.0;-0.01;-0.03;0.0;0.0316227766017;0;0;
24;3861.0;1322.0;0.0;0.0;-0.02;0.02;0;0;
24;3779.0;1324.0;0.03;0.04;-0.02;0.0538516480713;0;0;
24;3858.0;1324.0;0.0;0.0;-0.01;0.01;0;0;
24;3756.0;1322.0;0.01;0.01;-0.02;0.0244948974278;0;0;
24;3770.0;1322.0;0.0;0.0;-0.05;0.05;0;0;
24;3783.0;1321.0;0.02;0.02;0.0;0.0282842712475;0;0;
24;3670.0;1322.0;-0.02;-0.01;0.0;0.022360679775;0;0;
24;3716.0;1323.0;0.01;0.0;0.01;0.0141421356237;0;0;
24;3676.0;1321.0;0.0;0.0;0.0;0.0;0;0;
24;3859.0;1322.0;0.02;0.01;-0.03;0.0374165738677;0;0;
24;3875.0;1323.0;0.02;0.0;0.01;0.022360679775;0;0;
24;4095.0;1323.0;0.0;0.0;-0.02;0.02;0;0;
24;4095.0;1322.0;0.0;0.02;0.0;0.02;0;0;
24;4095.0;1323.0;0.0;0.0;0.0;0.0;0;0;
24;4094.0;1324.0;0.01;0.02;-0.01;0.0244948974278;0;0;
24;4093.0;1322.0;0.01;0.0;0.02;0.022360679775;0;0;
24;3929.0;1324.0;0.0;0.0;0.0;0.0;0;0;
24;3916.0;1322.0;-0.01;0.02;0.0;0.022360679775;0;0;
24;3949.0;1322.0;0.0;0.0;-0.09;0.09;0;0;
24;3947.0;1323.0;0.0;0.02;-0.05;0.0538516480713;0;0;
24;3958.0;1322.0;0.0;0.0;-0.07;0.07;0;0;
24;3826.0;1323.0;0.0;0.01;0.05;0.0509901951359;0;0;
24;3864.0;1321.0;-0.02;0.01;-0.07;0.0734846922835;0;0;
24;3835.0;1322.0;0.0;0.01;-0.01;0.0141421356237;0;0;
24;3795.0;1321.0;0.02;0.0;0.02;0.0282842712475;0;0;
24;3729.0;1322.0;0.0;0.0;0.04;0.04;0;0;
24;3707.0;1323.0;0.0;-0.01;0.05;0.0509901951359;0;0;
24;3789.0;1322.0;0.01;0.01;-0.06;0.0616441400297;0;0;
24;3782.0;1324.0;0.0;0.04;-0.03;0.05;0;0;
24;3822.0;1323.0;0.01;0.01;-0.04;0.0424264068712;0;0;
24;3693.0;1322.0;0.01;0.01;0.02;0.0244948974278;0;0;
24;3753.0;1322.0;0.0;0.02;-0.01;0.022360679775;0;0;
24;3726.0;1322.0;0.01;0.02;0.03;0.0374165738677;0;0;
24;3920.0;1322.0;0.01;0.03;-0.01;0.0331662479036;0;0;
24;3859.0;1323.0;-0.02;-0.01;0.0;0.022360679775;0;0;
24;4095.0;1323.0;0.0;0.0;-0.03;0.03;0;0;
24;4095.0;1323.0;0.0;-0.03;0.01;0.0316227766017;0;0;
24;4095.0;1324.0;0.01;0.0;-0.03;0.0316227766017;0;0;
24;4094.0;1323.0;-0.01;-0.03;-0.03;0.0435889894354;0;0;
24;3886.0;1322.0;-0.01;0.01;0.02;0.0244948974278;0;0;
24;3873.0;1324.0;0.04;0.02;0.02;0.0489897948557;0;0;
24;3924.0;1323.0;0.02;0.03;-0.01;0.0374165738677;0;0;
24;3959.0;1322.0;0.04;0.03;-0.03;0.0583095189485;0;0;
24;3798.0;1323.0;0.0;-0.01;0.03;0.0316227766017;0;0;
24;3937.0;1323.0;0.0;0.03;0.01;0.0316227766017;0;0;
24;3837.0;1322.0;0.0;-0.02;-0.04;0.04472135955;0;0;
24;3852.0;1323.0;0.02;0.0;0.02;0.0282842712475;0;0;
24;3834.0;1322.0;0.0;0.0;-0.09;0.09;0;0;
24;3742.0;1321.0;-0.01;0.0;0.04;0.0412310562562;0;0;
24;3676.0;1324.0;0.03;0.01;0.05;0.059160797831;0;0;
24;3841.0;1322.0;0.0;0.0;0.0;0.0;0;0;
24;3719.0;1323.0;0.0;0.0;0.05;0.05;0;0;
24;3803.0;1322.0;0.02;0.02;-0.02;0.0346410161514;0;0;
24;3784.0;1323.0;0.0;0.01;0.02;0.022360679775;0;0;
24;3785.0;1322.0;0.02;0.04;-0.08;0.0916515138991;0;0;
24;3840.0;1321.0;0.0;0.0;0.0;0.0;0;0;
24;3948.0;1322.0;0.01;0.01;-0.05;0.0519615242271;0;0;
24;3906.0;1323.0;0.02;0.02;0.01;0.03;0;0;
24;4095.0;1322.0;-0.01;0.0;-0.04;0.0412310562562;0;0;
24;4090.0;1323.0;0.02;0.02;0.03;0.0412310562562;0;0;
24;4095.0;1324.0;0.01;0.0;0.02;0.022360679775;0;0;
24;4095.0;1325.0;-0.01;0.0;0.0;0.01;0;0;
24;4073.0;1323.0;0.01;0.02;0.0;0.022360679775;0;0;
24;4026.0;1323.0;0.0;0.03;0.0;0.03;0;0;
24;3850.0;1324.0;0.0;0.01;0.05;0.0509901951359;0;0;
24;3979.0;1323.0;0.01;0.01;-0.05;0.0519615242271;0;0;
24;3843.0;1324.0;-0.01;0.0;0.03;0.0316227766017;0;0;
24;3964.0;1323.0;0.0;0.0;-0.05;0.05;0;0;
24;3926.0;1323.0;0.01;0.0;-0.05;0.0509901951359;0;0;
24;3940.0;1321.0;0.02;-0.01;0.01;0.0244948974278;0;0;
24;3715.0;1321.0;0.01;0.03;0.0;0.0316227766017;0;0;
24;3758.0;1323.0;0.03;0.01;0.0;0.0316227766017;0;0;
24;3730.0;1322.0;0.0;0.0;0.03;0.03;0;0;
24;3817.0;1323.0;0.01;0.01;-0.05;0.0519615242271;0;0;
24;3689.0;1323.0;0.0;0.0;0.03;0.03;0;0;
24;3821.0;1322.0;0.02;0.04;-0.04;0.06;0;0;
24;3726.0;1322.0;-0.02;0.01;-0.02;0.03;0;0;
24;3742.0;1322.0;0.0;-0.01;-0.05;0.0509901951359;0;0;
24;3776.0;1323.0;-0.02;-0.01;-0.05;0.0547722557505;0;0;
24;3655.0;1323.0;0.0;0.01;0.01;0.0141421356237;0;0;
24;3696.0;1323.0;0.03;0.0;0.0;0.03;0;0;
24;3624.0;1323.0;-0.01;-0.02;0.04;0.0458257569496;0;0;
24;4095.0;1323.0;0.04;0.02;-0.01;0.0458257569496;0;0;
24;4095.0;1323.0;0.0;0.0;0.04;0.04;0;0;
24;4095.0;1324.0;0.01;0.02;-0.03;0.0374165738677;0;0;
24;4095.0;1324.0;0.0;0.0;0.03;0.03;0;0;
24;4094.0;1322.0;-0.02;-0.01;-0.02;0.03;0;0;
24;4088.0;1324.0;0.0;0.0;0.01;0.01;0;0;
24;3982.0;1323.0;0.03;0.01;0.01;0.0331662479036;0;0;
24;4011.0;1323.0;-0.04;0.0;-0.01;0.0412310562562;0;0;
24;3869.0;1323.0;0.03;0.03;0.03;0.0519615242271;0;0;
24;3891.0;1323.0;0.01;0.01;-0.09;0.0911043357914;0;0;
24;3792.0;1324.0;-0.02;0.0;0.0;0.02;0;0;
24;3926.0;1322.0;0.02;0.02;-0.04;0.0489897948557;0;0;
24;3739.0;1322.0;0.0;0.0;0.03;0.03;0;0;
24;3765.0;1322.0;0.0;-0.02;0.02;0.0282842712475;0;0;
24;3730.0;1322.0;0.01;0.02;0.03;0.0374165738677;0;0;
24;3825.0;1324.0;0.0;0.0;-0.04;0.04;0;0;
24;3820.0;1322.0;0.0;-0.02;-0.02;0.0282842712475;0;0;
24;3782.0;1323.0;0.02;0.02;0.05;0.0574456264654;0;0;
24;3746.0;1322.0;-0.01;-0.01;0.01;0.0173205080757;0;0;
24;3776.0;1322.0;0.0;0.0;0.04;0.04;0;0;
24;3796.0;1323.0;0.0;0.0;-0.03;0.03;0;0;
24;3782.0;1323.0;0.0;0.01;-0.05;0.0509901951359;0;0;
24;3662.0;1322.0;0.01;0.01;0.03;0.0331662479036;0;0;
24;3683.0;1324.0;-0.01;0.0;-0.01;0.0141421356237;0;0;
24;3695.0;1324.0;0.0;0.0;0.0;0.0;0;0;
24;3793.0;1323.0;0.01;0.0;-0.04;0.0412310562562;0;0;
24;3826.0;1323.0;0.01;0.01;0.03;0.0331662479036;0;0;
24;3898.0;1323.0;0.0;-0.01;0.03;0.0316227766017;0;0;
24;4095.0;1322.0;0.03;0.03;0.01;0.0435889894354;0;0;
24;4095.0;1323.0;0.01;0.01;0.01;0.0173205080757;0;0;
24;4095.0;1322.0;-0.01;-0.01;-0.05;0.0519615242271;0;0;
24;3890.0;1324.0;0.0;0.0;0.02;0.02;0;0;
24;3925.0;1322.0;0.01;0.0;0.02;0.022360679775;0;0;
24;3903.0;1322.0;-0.01;0.0;0.0;0.01;0;0;
24;3941.0;1324.0;0.0;0.01;0.02;0.022360679775;0;0;
24;3845.0;1323.0;0.0;0.01;-0.02;0.022360679775;0;0;
24;3855.0;1323.0;0.0;0.0;0.03;0.03;0;0;
24;3778.0;1322.0;0.01;0.04;0.0;0.0412310562562;0;0;
24;3838.0;1322.0;0.0;0.01;-0.08;0.080622577483;0;0;
24;3837.0;1324.0;0.0;0.0;0.0;0.0;0;0;
24;3814.0;1323.0;0.01;0.01;-0.08;0.0812403840464;0;0;
24;3826.0;1322.0;0.0;0.01;-0.03;0.0316227766017;0;0;
24;3786.0;1322.0;0.0;0.0;-0.02;0.02;0;0;
24;3801.0;1322.0;0.0;0.0;-0.02;0.02;0;0;
24;3790.0;1322.0;0.0;0.0;-0.04;0.04;0;0;
24;3696.0;1322.0;0.0;0.0;-0.01;0.01;0;0;
24;3748.0;1323.0;-0.01;0.01;-0.06;0.0616441400297;0;0;
24;3700.0;1323.0;0.0;0.03;0.03;0.0424264068712;0;0;
24;3846.0;1322.0;0.02;0.0;0.0;0.02;0;0;
24;3705.0;1322.0;0.0;-0.02;0.02;0.0282842712475;0;0;
24;4093.0;1322.0;0.0;-0.01;0.01;0.0141421356237;0;0;
24;4095.0;1323.0;0.0;0.01;-0.05;0.0509901951359;0;0;
24;4095.0;1323.0;0.0;0.0;0.0;0.0;0;0;
24;4095.0;1324.0;0.01;0.03;-0.06;0.0678232998313;0;0;
24;3922.0;1322.0;0.0;0.0;0.05;0.05;0;0;
24;3988.0;1324.0;0.0;0.01;-0.03;0.0316227766017;0;0;
24;3938.0;1322.0;0.01;0.0;-0.01;0.0141421356237;0;0;
24;3914.0;1323.0;0.0;0.01;0.03;0.0316227766017;0;0;
24;3887.0;1324.0;0.04;0.02;0.0;0.04472135955;0;0;
24;3789.0;1322.0;0.0;0.0;0.03;0.03;0;0;
24;3787.0;1322.0;0.0;0.0;0.01;0.01;0;0;
24;3846.0;1323.0;0.0;0.01;-0.07;0.0707106781187;0;0;
24;3836.0;1324.0;0.0;0.0;-0.03;0.03;0;0;
24;3804.0;1323.0;0.0;0.0;-0.05;0.05;0;0;
24;3695.0;1322.0;-0.01;-0.01;0.0;0.0141421356237;0;0;
24;3748.0;1322.0;0.0;-0.01;0.04;0.0412310562562;0;0;
24;3700.0;1322.0;0.0;0.01;0.0;0.01;0;0;
24;3777.0;1323.0;0.0;0.0;0.0;0.0;0;0;
24;3651.0;1323.0;0.01;0.0;0.03;0.0316227766017;0;0;
24;3797.0;1322.0;-0.01;-0.01;0.01;0.0173205080757;0;0;
24;3694.0;1323.0;0.02;0.0;-0.03;0.0360555127546;0;0;
24;3701.0;1324.0;0.03;0.0;-0.08;0.0854400374532;0;0;
24;3753.0;1322.0;0.01;0.0;0.0;0.01;0;0;
24;4030.0;1322.0;-0.01;0.0;0.01;0.0141421356237;0;0;
24;4095.0;1323.0;0.0;0.01;-0.07;0.0707106781187;0;0;
24;4095.0;1323.0;-0.01;0.03;0.04;0.0509901951359;0;0;
24;4095.0;1324.0;-0.02;-0.02;0.0;0.0282842712475;0;0;
24;3990.0;1323.0;0.0;0.02;0.02;0.0282842712475;0;0;
24;4092.0;1324.0;0.0;-0.01;0.0;0.01;0;0;
24;3919.0;1324.0;0.0;0.01;0.04;0.0412310562562;0;0;
24;3987.0;1323.0;0.0;0.03;-0.01;0.0316227766017;0;0;
24;3973.0;1323.0;0.0;0.01;-0.03;0.0316227766017;0;0;
24;3974.0;1324.0;0.01;0.03;-0.04;0.0509901951359;0;0;
24;3827.0;1323.0;0.0;-0.01;0.02;0.022360679775;0;0;
24;3820.0;1324.0;-0.01;0.0;-0.07;0.0707106781187;0;0;
24;3805.0;1322.0;-0.01;0.01;0.03;0.0331662479036;0;0;
24;3777.0;1322.0;0.0;0.02;-0.01;0.022360679775;0;0;
24;3691.0;1323.0;0.02;0.01;0.02;0.03;0;0;
24;3675.0;1322.0;0.0;0.0;0.03;0.03;0;0;
24;3797.0;1324.0;-0.01;0.0;-0.01;0.0141421356237;0;0;
24;3719.0;1323.0;0.0;0.0;0.03;0.03;0;0;
24;3776.0;1322.0;0.0;0.01;0.0;0.01;0;0;
24;3721.0;1323.0;-0.02;0.01;0.01;0.0244948974278;0;0;
24;3766.0;1322.0;0.01;0.02;-0.05;0.0547722557505;0;0;
24;3701.0;1323.0;0.0;-0.01;0.0;0.01;0;0;
24;3761.0;1323.0;-0.01;0.0;0.02;0.022360679775;0;0;
24;3625.0;1323.0;0.0;0.02;0.01;0.022360679775;0;0;
24;3970.0;1323.0;0.0;0.0;-0.04;0.04;0;0;
24;4095.0;1324.0;0.01;0.03;-0.08;0.0860232526704;0;0;
24;4095.0;1325.0;-0.01;0.0;0.0;0.01;0;0;
24;4095.0;1323.0;0.0;-0.01;0.05;0.0509901951359;0;0;
24;3891.0;1323.0;0.0;0.02;0.0;0.02;0;0;
24;3935.0;1324.0;0.0;-0.01;0.02;0.022360679775;0;0;
24;3907.0;1323.0;-0.01;0.0;-0.01;0.0141421356237;0;0;
24;3944.0;1323.0;-0.02;-0.01;-0.01;0.0244948974278;0;0;
24;3792.0;1323.0;0.02;0.04;0.02;0.0489897948557;0;0;
24;3912.0;1322.0;-0.03;-0.01;-0.01;0.0331662479036;0;0;
24;3805.0;1323.0;0.02;0.02;-0.02;0.0346410161514;0;0;
24;3839.0;1323.0;0.03;0.04;-0.08;0.0943398113206;0;0;
24;3716.0;1322.0;-0.01;-0.01;0.04;0.0424264068712;0;0;
24;3777.0;1324.0;0.02;0.01;-0.06;0.0640312423743;0;0;
24;3776.0;1323.0;0.02;0.01;0.01;0.0244948974278;0;0;
24;3764.0;1323.0;0.04;0.01;0.0;0.0412310562562;0;0;
24;3785.0;1322.0;0.01;0.0;-0.01;0.0141421356237;0;0;
24;3644.0;1323.0;0.0;0.02;0.0;0.02;0;0;
24;3754.0;1323.0;-0.02;0.01;0.04;0.0458257569496;0;0;
24;3614.0;1322.0;0.0;0.01;0.02;0.022360679775;0;0;
24;3672.0;1321.0;0.03;0.02;0.01;0.0374165738677;0;0;
24;3641.0;1323.0;-0.01;-0.03;0.06;0.0678232998313;0;0;
24;3997.0;1323.0;0.0;0.02;0.01;0.022360679775;0;0;
24;4079.0;1323.0;0.01;0.02;-0.04;0.0458257569496;0;0;
24;4095.0;1324.0;-0.03;0.0;0.02;0.0360555127546;0;0;
24;4095.0;1325.0;0.0;0.0;-0.02;0.02;0;0;
24;4069.0;1323.0;0.01;0.04;0.02;0.0458257569496;0;0;
24;4084.0;1323.0;0.0;-0.02;0.0;0.02;0;0;
24;3860.0;1323.0;0.01;-0.01;0.04;0.0424264068712;0;0;
24;3897.0;1323.0;0.01;-0.01;0.04;0.0424264068712;0;0;
24;3962.0;1322.0;0.0;0.0;-0.01;0.01;0;0;
24;3793.0;1325.0;0.0;-0.02;0.03;0.0360555127546;0;0;
24;3920.0;1321.0;0.0;-0.02;-0.02;0.0282842712475;0;0;
24;3933.0;1323.0;0.0;0.0;-0.01;0.01;0;0;
24;3888.0;1323.0;0.0;0.0;-0.08;0.08;0;0;
24;3819.0;1323.0;0.0;0.01;-0.03;0.0316227766017;0;0;
24;3683.0;1323.0;0.01;0.03;0.02;0.0374165738677;0;0;
24;3763.0;1323.0;-0.01;0.01;-0.01;0.0173205080757;0;0;
24;3810.0;1323.0;-0.01;0.0;0.0;0.01;0;0;
24;3715.0;1323.0;0.0;0.0;0.01;0.01;0;0;
24;3755.0;1323.0;-0.01;0.01;0.03;0.0331662479036;0;0;
24;3656.0;1324.0;0.03;0.03;0.04;0.0583095189485;0;0;
24;3773.0;1322.0;0.0;0.03;-0.08;0.0854400374532;0;0;
24;3745.0;1323.0;-0.01;0.0;0.02;0.022360679775;0;0;
24;3749.0;1323.0;0.03;0.02;-0.07;0.0787400787401;0;0;
24;3694.0;1322.0;0.0;0.02;0.0;0.02;0;0;
24;3601.0;1323.0;0.0;-0.01;0.03;0.0316227766017;0;0;
24;3753.0;1322.0;0.03;0.0;0.01;0.0316227766017;0;0;
24;3744.0;1323.0;0.03;0.02;0.0;0.0360555127546;0;0;
24;3843.0;1323.0;-0.01;0.01;0.01;0.0173205080757;0;0;
24;4093.0;1324.0;0.02;0.03;0.02;0.0412310562562;0;0;
24;4095.0;1324.0;0.0;0.04;-0.05;0.0640312423743;0;0;
24;4095.0;1326.0;0.0;-0.02;0.04;0.04472135955;0;0;
24;4095.0;1325.0;0.02;0.0;0.0;0.02;0;0;
24;4095.0;1325.0;0.0;0.0;-0.04;0.04;0;0;
24;3925.0;1323.0;-0.03;-0.01;0.07;0.0768114574787;0;0;
24;4012.0;1323.0;0.0;-0.01;-0.03;0.0316227766017;0;0;
24;3996.0;1323.0;0.0;0.02;0.03;0.0360555127546;0;0;
24;3927.0;1323.0;-0.02;-0.02;0.0;0.0282842712475;0;0;
24;3971.0;1322.0;0.01;0.01;0.0;0.0141421356237;0;0;
24;3890.0;1324.0;0.04;0.01;0.02;0.0458257569496;0;0;
24;3927.0;1323.0;-0.02;-0.03;-0.03;0.0469041575982;0;0;
24;3813.0;1322.0;0.0;-0.02;0.02;0.0282842712475;0;0;
24;3689.0;1322.0;0.02;0.0;0.05;0.0538516480713;0;0;
24;3798.0;1324.0;0.03;0.05;-0.07;0.0911043357914;0;0;
24;3676.0;1323.0;-0.02;0.02;-0.01;0.03;0;0;
24;3763.0;1324.0;-0.01;0.0;0.04;0.0412310562562;0;0;
24;3796.0;1322.0;0.02;0.04;-0.05;0.067082039325;0;0;
24;3741.0;1323.0;-0.02;-0.03;0.02;0.0412310562562;0;0;
24;3781.0;1322.0;0.01;0.0;0.0;0.01;0;0;
24;3752.0;1324.0;0.01;0.02;-0.01;0.0244948974278;0;0;
24;3709.0;1323.0;-0.02;-0.01;0.01;0.0244948974278;0;0;
24;3765.0;1323.0;0.0;0.0;-0.01;0.01;0;0;
24;3694.0;1321.0;0.02;-0.01;0.02;0.03;0;0;
24;3725.0;1323.0;0.0;0.03;0.01;0.0316227766017;0;0;
24;3739.0;1322.0;0.0;0.0;0.04;0.04;0;0;
24;3726.0;1323.0;0.0;0.01;0.04;0.0412310562562;0;0;
24;3769.0;1323.0;0.0;0.0;-0.01;0.01;0;0;
24;3861.0;1321.0;0.0;-0.01;0.02;0.022360679775;0;0;
24;3967.0;1323.0;0.0;0.01;0.04;0.0412310562562;0;0;
24;4095.0;1324.0;0.0;0.0;0.01;0.01;0;0;
24;4095.0;1326.0;0.0;-0.01;-0.03;0.0316227766017;0;0;
24;4095.0;1326.0;0.0;0.0;0.0;0.0;0;0;
24;4013.0;1324.0;0.01;0.01;0.02;0.0244948974278;0;0;
24;4077.0;1325.0;0.0;0.0;-0.06;0.06;0;0;
24;3990.0;1324.0;0.0;0.01;0.02;0.022360679775;0;0;
24;3865.0;1323.0;0.0;0.01;0.0;0.01;0;0;
24;3986.0;1325.0;0.01;0.0;-0.05;0.0509901951359;0;0;
24;3846.0;1323.0;0.01;0.02;0.01;0.0244948974278;0;0;
24;3952.0;1323.0;0.01;0.0;-0.04;0.0412310562562;0;0;
24;3981.0;1323.0;0.0;0.0;0.0;0.0;0;0;
24;3796.0;1324.0;-0.01;0.0;0.03;0.0316227766017;0;0;
24;3901.0;1322.0;0.0;0.01;-0.01;0.0141421356237;0;0;
24;3738.0;1321.0;0.0;-0.03;0.04;0.05;0;0;
24;3764.0;1321.0;-0.01;-0.02;0.01;0.0244948974278;0;0;
24;3696.0;1323.0;0.0;0.02;0.03;0.0360555127546;0;0;
24;3804.0;1322.0;0.0;0.0;-0.07;0.07;0;0;
24;3810.0;1323.0;0.0;0.0;-0.04;0.04;0;0;
24;3742.0;1322.0;0.03;0.04;0.01;0.0509901951359;0;0;
24;3763.0;1321.0;0.0;-0.04;0.09;0.098488578018;0;0;
24;3622.0;1321.0;0.0;0.0;0.07;0.07;0;0;
24;3777.0;1323.0;0.02;0.02;-0.04;0.0489897948557;0;0;
24;3755.0;1322.0;0.0;0.01;0.05;0.0509901951359;0;0;
24;3863.0;1322.0;-0.03;-0.03;0.05;0.065574385243;0;0;
24;4080.0;1323.0;0.02;0.05;0.03;0.0616441400297;0;0;
24;4095.0;1324.0;-0.01;0.0;-0.03;0.0316227766017;0;0;
24;4095.0;1325.0;0.0;0.0;-0.01;0.01;0;0;
24;4095.0;1325.0;0.0;0.01;0.0;0.01;0;0;
24;4025.0;1325.0;-0.01;0.0;0.01;0.0141421356237;0;0;
24;4021.0;1324.0;-0.01;-0.04;0.0;0.0412310562562;0;0;
24;3950.0;1323.0;0.0;0.02;-0.02;0.0282842712475;0;0;
24;3833.0;1322.0;0.0;0.0;0.0;0.0;0;0;
24;3795.0;1323.0;0.0;-0.01;0.06;0.060827625303;0;0;
24;3951.0;1324.0;0.03;0.05;-0.02;0.0616441400297;0;0;
24;3787.0;1322.0;0.05;0.02;0.01;0.0547722557505;0;0;
24;3825.0;1323.0;0.0;0.03;0.02;0.0360555127546;0;0;
24;3717.0;1322.0;0.0;0.01;0.0;0.01;0;0;
24;3807.0;1322.0;0.0;0.03;-0.06;0.067082039325;0;0;
24;3806.0;1323.0;0.0;-0.02;-0.03;0.0360555127546;0;0;
24;3745.0;1321.0;0.0;0.01;0.02;0.022360679775;0;0;
24;3806.0;1322.0;0.01;0.03;-0.01;0.0331662479036;0;0;
24;3638.0;1322.0;0.0;0.0;0.03;0.03;0;0;
24;3793.0;1322.0;0.02;0.01;-0.01;0.0244948974278;0;0;
24;3618.0;1322.0;0.01;0.03;0.01;0.0331662479036;0;0;
24;3661.0;1323.0;0.0;0.01;-0.01;0.0141421356237;0;0;
24;3638.0;1322.0;0.01;0.02;0.02;0.03;0;0;
24;3838.0;1323.0;0.0;-0.01;-0.06;0.060827625303;0;0;
24;3910.0;1322.0;0.0;0.0;0.0;0.0;0;0;
24;4095.0;1324.0;0.0;0.02;-0.06;0.0632455532034;0;0;
24;4095.0;1328.0;0.0;0.01;0.03;0.0316227766017;0;0;
24;4095.0;1324.0;0.02;0.0;-0.07;0.0728010988928;0;0;
24;4095.0;1325.0;0.0;0.02;0.0;0.02;0;0;
24;4046.0;1325.0;0.0;0.02;-0.01;0.022360679775;0;0;
24;3865.0;1323.0;0.0;0.0;0.03;0.03;0;0;
24;3822.0;1322.0;0.0;0.0;0.03;0.03;0;0;
24;3937.0;1323.0;0.0;0.0;-0.05;0.05;0;0;
24;3881.0;1322.0;0.0;0.0;0.01;0.01;0;0;
24;3898.0;1322.0;0.0;0.01;0.0;0.01;0;0;
24;3759.0;1323.0;0.0;0.0;0.03;0.03;0;0;
24;3851.0;1323.0;0.0;0.0;0.01;0.01;0;0;
24;3697.0;1322.0;0.0;0.01;0.03;0.0316227766017;0;0;
24;3793.0;1322.0;0.0;0.04;-0.06;0.0721110255093;0;0;
24;3823.0;1324.0;0.0;0.0;0.03;0.03;0;0;
24;3779.0;1322.0;0.0;0.02;-0.06;0.0632455532034;0;0;
24;3796.0;1324.0;0.03;0.01;-0.01;0.0331662479036;0;0;
24;3640.0;1322.0;0.0;0.02;0.02;0.0282842712475;0;0;
24;3684.0;1323.0;0.03;0.01;0.0;0.0316227766017;0;0;
24;3688.0;1322.0;0.0;0.01;-0.03;0.0316227766017;0;0;
24;3688.0;1323.0;-0.01;0.01;-0.07;0.0714142842854;0;0;
24;3604.0;1322.0;0.0;0.0;0.02;0.02;0;0;
24;3788.0;1323.0;0.0;0.03;-0.06;0.067082039325;0;0;
24;4041.0;1321.0;0.0;0.0;0.0;0.0;0;0;
24;4095.0;1324.0;0.0;0.0;0.01;0.01;0;0;
24;4095.0;1325.0;0.0;0.0;0.0;0.0;0;0;
24;4095.0;1323.0;0.0;-0.01;-0.05;0.0509901951359;0;0;
24;4095.0;1325.0;0.01;0.01;0.0;0.0141421356237;0;0;
24;4038.0;1325.0;0.0;-0.02;-0.01;0.022360679775;0;0;
24;3859.0;1323.0;0.0;0.0;0.01;0.01;0;0;
24;3903.0;1324.0;0.0;0.0;0.04;0.04;0;0;
24;3857.0;1322.0;0.0;0.0;0.0;0.0;0;0;
24;3908.0;1322.0;0.0;0.01;0.01;0.0141421356237;0;0;
24;3750.0;1323.0;0.0;0.02;0.01;0.022360679775;0;0;
24;3750.0;1322.0;0.01;0.02;0.02;0.03;0;0;
24;3755.0;1322.0;0.01;0.02;0.01;0.0244948974278;0;0;
24;3747.0;1322.0;0.0;0.0;-0.04;0.04;0;0;
24;3794.0;1322.0;0.0;0.03;-0.07;0.0761577310586;0;0;
24;3791.0;1323.0;0.02;0.02;-0.05;0.0574456264654;0;0;
24;3643.0;1323.0;0.0;-0.01;0.0;0.01;0;0;
24;3630.0;1322.0;0.0;0.02;0.03;0.0360555127546;0;0;
24;3687.0;1321.0;0.01;0.0;0.0;0.01;0;0;
24;3724.0;1322.0;0.0;0.0;0.0;0.0;0;0;
24;3820.0;1323.0;-0.01;0.0;-0.07;0.0707106781187;0;0;
24;4095.0;1323.0;0.0;-0.03;0.05;0.0583095189485;0;0;
24;4095.0;1322.0;-0.01;0.0;0.03;0.0316227766017;0;0;
24;4095.0;1325.0;-0.01;-0.01;0.04;0.0424264068712;0;0;
24;4035.0;1324.0;0.0;-0.01;-0.03;0.0316227766017;0;0;
24;4025.0;1324.0;0.0;0.01;-0.07;0.0707106781187;0;0;
24;3955.0;1323.0;0.0;0.02;-0.05;0.0538516480713;0;0;
24;3884.0;1322.0;0.01;0.01;0.0;0.0141421356237;0;0;
24;3797.0;1323.0;0.0;0.04;0.02;0.04472135955;0;0;
24;3806.0;1322.0;0.0;0.01;0.03;0.0316227766017;0;0;
24;3841.0;1322.0;0.0;0.04;-0.06;0.0721110255093;0;0;
24;3851.0;1323.0;0.0;0.02;-0.03;0.0360555127546;0;0;
24;3847.0;1322.0;0.0;0.0;-0.03;0.03;0;0;
24;3655.0;1322.0;-0.01;0.0;0.05;0.0509901951359;0;0;
24;3721.0;1322.0;-0.02;-0.02;0.06;0.0663324958071;0;0;
24;3660.0;1323.0;0.0;0.01;0.03;0.0316227766017;0;0;
24;3755.0;1323.0;0.0;0.0;-0.06;0.06;0;0;
24;3780.0;1324.0;0.0;0.0;-0.02;0.02;0;0;
24;3638.0;1324.0;0.03;0.0;0.0;0.03;0;0;
24;3761.0;1322.0;0.0;-0.02;-0.04;0.04472135955;0;0;
24;3634.0;1323.0;0.01;0.0;0.01;0.0141421356237;0;0;
24;3681.0;1323.0;0.02;-0.01;0.0;0.022360679775;0;0;
24;3724.0;1322.0;0.0;-0.01;0.03;0.0316227766017;0;0;
24;3769.0;1325.0;0.01;0.01;-0.06;0.0616441400297;0;0;
24;4095.0;1324.0;0.0;0.02;0.0;0.02;0;0;
24;4095.0;1324.0;0.01;0.01;0.02;0.0244948974278;0;0;
24;4095.0;1324.0;0.01;0.0;-0.07;0.0707106781187;0;0;
24;4060.0;1324.0;0.0;0.0;0.02;0.02;0;0;
24;4047.0;1324.0;0.0;0.01;-0.04;0.0412310562562;0;0;
24;4011.0;1323.0;0.01;0.01;0.02;0.0244948974278;0;0;
24;3858.0;1322.0;-0.01;0.0;0.02;0.022360679775;0;0;
24;3838.0;1323.0;0.0;0.01;0.01;0.0141421356237;0;0;
24;3808.0;1324.0;0.01;0.0;0.03;0.0316227766017;0;0;
24;3867.0;1323.0;0.02;0.02;-0.05;0.0574456264654;0;0;
24;3822.0;1322.0;0.03;0.02;0.0;0.0360555127546;0;0;
24;3818.0;1323.0;0.04;0.02;-0.02;0.0489897948557;0;0;
24;3670.0;1321.0;0.0;0.0;0.04;0.04;0;0;
24;3734.0;1322.0;0.0;0.0;0.0;0.0;0;0;
24;3677.0;1323.0;0.01;0.01;0.03;0.0331662479036;0;0;
24;3758.0;1322.0;-0.01;0.02;-0.07;0.0734846922835;0;0;
24;3734.0;1323.0;0.0;0.0;-0.05;0.05;0;0;
24;3755.0;1322.0;0.0;0.0;-0.01;0.01;0;0;
24;3627.0;1323.0;-0.01;0.0;0.0;0.01;0;0;
24;3650.0;1321.0;-0.01;-0.02;0.07;0.0734846922835;0;0;
24;3680.0;1323.0;-0.02;0.0;0.01;0.022360679775;0;0;
24;3898.0;1322.0;0.0;0.0;0.0;0.0;0;0;
24;3948.0;1323.0;0.03;0.02;0.03;0.0469041575982;0;0;
24;4095.0;1324.0;0.0;0.0;0.03;0.03;0;0;
24;4090.0;1324.0;0.05;0.04;-0.02;0.067082039325;0;0;
24;4090.0;1323.0;0.05;0.04;-0.02;0.067082039325;0;0;
24;3986.0;1323.0;0.04;0.04;-0.05;0.0754983443527;0;0;
24;3984.0;1323.0;0.03;0.03;-0.04;0.0583095189485;0;0;
24;3820.0;1323.0;0.03;0.03;-0.02;0.0469041575982;0;0;
24;3825.0;1323.0;0.01;0.02;0.03;0.0374165738677;0;0;
24;3932.0;1323.0;0.0;0.0;-0.05;0.05;0;0;
24;3892.0;1324.0;-0.01;-0.03;-0.04;0.0509901951359;0;0;
24;3899.0;1322.0;-0.01;0.0;0.04;0.0412310562562;0;0;
24;3725.0;1324.0;-0.01;-0.01;0.04;0.0424264068712;0;0;
24;3693.0;1323.0;0.0;0.0;0.03;0.03;0;0;
24;3759.0;1322.0;0.0;-0.01;0.03;0.0316227766017;0;0;
24;3807.0;1322.0;0.02;0.0;-0.01;0.022360679775;0;0;
24;3817.0;1323.0;0.02;0.01;0.04;0.0458257569496;0;0;
24;3781.0;1323.0;0.02;-0.01;-0.01;0.0244948974278;0;0;
24;3707.0;1322.0;0.01;-0.01;0.0;0.0141421356237;0;0;
24;3745.0;1323.0;0.0;0.01;-0.05;0.0509901951359;0;0;
24;3745.0;1323.0;0.0;0.02;0.02;0.0282842712475;0;0;
24;4095.0;1322.0;0.0;-0.03;-0.01;0.0316227766017;0;0;
24;4095.0;1324.0;0.01;0.0;0.04;0.0412310562562;0;0;
24;4095.0;1323.0;-0.01;0.0;0.02;0.022360679775;0;0;
24;4072.0;1325.0;0.0;0.01;0.01;0.0141421356237;0;0;
24;4085.0;1325.0;0.02;0.0;-0.07;0.0728010988928;0;0;
24;3999.0;1323.0;-0.01;-0.02;0.04;0.0458257569496;0;0;
24;3839.0;1323.0;0.02;0.03;0.01;0.0374165738677;0;0;
24;3879.0;1323.0;0.0;-0.02;0.01;0.022360679775;0;0;
24;3783.0;1322.0;0.01;0.01;0.0;0.0141421356237;0;0;
24;3815.0;1323.0;0.02;0.04;0.03;0.0538516480713;0;0;
24;3826.0;1323.0;0.0;0.01;-0.03;0.0316227766017;0;0;
24;3827.0;1323.0;0.01;0.01;-0.04;0.0424264068712;0;0;
24;3686.0;1322.0;0.0;0.0;0.0;0.0;0;0;
24;3713.0;1323.0;0.0;0.0;0.03;0.03;0;0;
24;3701.0;1322.0;-0.02;0.0;0.01;0.022360679775;0;0;
24;3796.0;1321.0;-0.02;-0.01;-0.07;0.0734846922835;0;0;
24;3792.0;1324.0;0.0;0.0;-0.03;0.03;0;0;
24;3779.0;1324.0;0.0;0.01;0.0;0.01;0;0;
24;3904.0;1324.0;0.02;-0.01;0.05;0.0547722557505;0;0;
24;3942.0;1322.0;0.02;0.02;0.01;0.03;0;0;
24;4095.0;1324.0;-0.01;-0.01;0.01;0.0173205080757;0;0;
24;4095.0;1332.0;0.0;0.0;0.01;0.01;0;0;
24;4095.0;1332.0;0.0;0.03;-0.06;0.067082039325;0;0;
24;4095.0;1329.0;0.02;0.01;-0.07;0.0734846922835;0;0;
24;3906.0;1325.0;0.02;0.01;0.0;0.022360679775;0;0;
24;3933.0;1326.0;-0.03;0.0;-0.01;0.0316227766017;0;0;
24;3854.0;1324.0;0.03;0.03;0.02;0.0469041575982;0;0;
24;3975.0;1324.0;0.0;0.0;-0.05;0.05;0;0;
24;3994.0;1323.0;-0.02;-0.02;0.0;0.0282842712475;0;0;
24;3942.0;1324.0;-0.02;0.02;-0.01;0.03;0;0;
24;3690.0;1323.0;0.0;0.0;0.01;0.01;0;0;
24;3734.0;1322.0;0.0;0.0;0.0;0.0;0;0;
24;3749.0;1323.0;0.0;0.0;0.03;0.03;0;0;
24;3797.0;1323.0;0.0;0.0;-0.05;0.05;0;0;
24;3784.0;1322.0;-0.01;0.0;-0.03;0.0316227766017;0;0;
24;3818.0;1322.0;0.0;-0.01;0.03;0.0316227766017;0;0;
24;3642.0;1323.0;0.0;-0.02;0.02;0.0282842712475;0;0;
24;3695.0;1323.0;0.0;0.03;0.0;0.03;0;0;
24;3681.0;1323.0;0.0;-0.03;0.06;0.067082039325;0;0;
24;3971.0;1322.0;0.0;0.01;-0.07;0.0707106781187;0;0;
24;4045.0;1323.0;0.02;0.0;0.0;0.02;0;0;
24;4095.0;1328.0;0.03;-0.01;0.0;0.0316227766017;0;0;
24;4095.0;1444.0;0.01;0.0;0.09;0.0905538513814;0;0;
24;4095.0;1433.0;0.0;0.0;-0.02;0.02;0;0;
24;4095.0;1399.0;0.0;0.0;0.01;0.01;0;0;
24;4095.0;1361.0;0.0;0.0;-0.05;0.05;0;0;
24;4095.0;1354.0;0.02;-0.01;0.0;0.022360679775;0;0;
24;4094.0;1341.0;0.0;0.03;-0.04;0.05;0;0;
24;3881.0;1332.0;0.0;-0.02;0.04;0.04472135955;0;0;
24;3922.0;1331.0;0.0;0.0;-0.09;0.09;0;0;
24;3816.0;1327.0;0.0;0.01;0.04;0.0412310562562;0;0;
24;3857.0;1325.0;0.02;0.0;-0.04;0.04472135955;0;0;
24;3724.0;1325.0;0.0;0.02;0.0;0.02;0;0;
24;3873.0;1324.0;0.02;-0.02;-0.02;0.0346410161514;0;0;
24;3771.0;1325.0;0.0;0.0;0.01;0.01;0;0;
24;3833.0;1323.0;0.02;-0.01;-0.02;0.03;0;0;
24;3876.0;1321.0;0.0;0.03;-0.09;0.0948683298051;0;0;
24;3879.0;1323.0;0.01;0.03;-0.06;0.0678232998313;0;0;
24;3707.0;1323.0;0.02;0.02;-0.05;0.0574456264654;0;0;
24;3736.0;1323.0;0.01;0.01;0.1;0.100995049384;0;0;
24;3697.0;1323.0;0.03;0.01;-0.04;0.0509901951359;0;0;
24;3771.0;1323.0;0.0;-0.03;-0.01;0.0316227766017;0;0;
24;4095.0;1323.0;0.01;-0.02;0.04;0.0458257569496;0;0;
24;4095.0;1373.0;0.0;-0.02;-0.02;0.0282842712475;0;0;
24;4095.0;1392.0;0.0;0.0;0.01;0.01;0;0;
24;4095.0;1376.0;0.0;0.0;0.06;0.06;0;0;
24;4094.0;1348.0;0.02;0.01;0.08;0.0830662386292;0;0;
24;4095.0;1345.0;0.04;0.02;-0.04;0.06;0;0;
24;4036.0;1338.0;0.02;0.01;-0.05;0.0547722557505;0;0;
24;4082.0;1329.0;0.0;0.01;0.03;0.0316227766017;0;0;
24;3933.0;1330.0;0.0;0.01;0.0;0.01;0;0;
24;3972.0;1327.0;0.01;0.0;0.06;0.060827625303;0;0;
24;3880.0;1324.0;0.0;0.06;0.01;0.060827625303;0;0;
24;3865.0;1324.0;0.0;0.01;-0.07;0.0707106781187;0;0;
24;3849.0;1324.0;0.02;0.04;-0.07;0.0830662386292;0;0;
24;3717.0;1322.0;0.0;0.02;0.02;0.0282842712475;0;0;
24;3545.0;1323.0;0.0;-0.02;0.05;0.0538516480713;0;0;
24;3474.0;1321.0;0.04;0.07;-0.05;0.0948683298051;0;0;
24;3657.0;1322.0;-0.02;0.0;0.0;0.02;0;0;
24;3699.0;1323.0;-0.03;0.04;-0.09;0.10295630141;0;0;
24;4095.0;1324.0;-0.02;0.0;-0.05;0.0538516480713;0;0;
24;4095.0;1326.0;-0.01;-0.01;0.06;0.0616441400297;0;0;
24;4095.0;1325.0;0.01;0.0;-0.05;0.0509901951359;0;0;
24;3971.0;1326.0;-0.04;-0.13;-0.05;0.144913767462;0;0;
24;3858.0;1324.0;0.0;-0.03;-0.01;0.0316227766017;0;0;
24;3723.0;1324.0;0.0;0.0;0.05;0.05;0;0;
24;3833.0;1323.0;0.01;-0.01;0.02;0.0244948974278;0;0;
24;3761.0;1324.0;0.03;0.01;0.03;0.0435889894354;0;0;
24;3829.0;1324.0;-0.01;0.02;-0.08;0.0830662386292;0;0;
24;3757.0;1324.0;0.01;0.02;0.1;0.10246950766;0;0;
24;3717.0;1323.0;0.02;0.0;0.01;0.022360679775;0;0;
24;3745.0;1323.0;0.0;0.0;0.0;0.0;0;0;
24;3696.0;1322.0;0.0;0.03;-0.01;0.0316227766017;0;0;
24;3575.0;1323.0;0.0;0.07;0.02;0.0728010988928;0;0;
24;3633.0;1322.0;-0.01;-0.05;-0.01;0.0519615242271;0;0;
24;3684.0;1324.0;0.0;0.02;0.03;0.0360555127546;0;0;
24;4095.0;1323.0;0.0;0.02;-0.03;0.0360555127546;0;0;
24;4095.0;1322.0;0.0;-0.01;0.02;0.022360679775;0;0;
24;4095.0;1324.0;-0.01;0.04;0.01;0.0424264068712;0;0;
24;3841.0;1324.0;0.0;0.04;0.03;0.05;0;0;
24;3868.0;1324.0;0.0;0.0;-0.01;0.01;0;0;
24;3748.0;1324.0;0.0;0.07;0.05;0.0860232526704;0;0;
24;3795.0;1323.0;0.0;0.0;-0.05;0.05;0;0;
24;3770.0;1323.0;0.01;0.02;0.02;0.03;0;0;
24;3843.0;1324.0;0.01;0.0;-0.02;0.022360679775;0;0;
24;3667.0;1322.0;0.01;0.01;0.01;0.0173205080757;0;0;
24;3708.0;1323.0;-0.01;-0.01;-0.02;0.0244948974278;0;0;
24;3684.0;1322.0;0.0;0.01;0.0;0.01;0;0;
24;3755.0;1323.0;0.0;0.04;-0.07;0.080622577483;0;0;
24;3758.0;1322.0;-0.02;0.01;0.01;0.0244948974278;0;0;
24;3848.0;1323.0;0.0;-0.02;0.0;0.02;0;0;
24;4095.0;1323.0;0.0;0.0;0.01;0.01;0;0;
24;4095.0;1323.0;-0.01;0.0;0.01;0.0141421356237;0;0;
24;4095.0;1323.0;-0.02;0.0;0.05;0.0538516480713;0;0;
24;3966.0;1323.0;0.0;0.0;-0.03;0.03;0;0;
24;3926.0;1324.0;0.01;0.02;0.03;0.0374165738677;0;0;
24;3809.0;1323.0;0.0;0.0;0.0;0.0;0;0;
24;3717.0;1324.0;0.02;0.0;0.04;0.04472135955;0;0;
24;3766.0;1323.0;0.02;0.03;0.04;0.0538516480713;0;0;
24;3807.0;1323.0;0.02;0.02;0.0;0.0282842712475;0;0;
24;3767.0;1324.0;0.02;0.05;-0.08;0.0964365076099;0;0;
24;3730.0;1322.0;0.03;0.02;-0.02;0.0412310562562;0;0;
24;3738.0;1322.0;0.03;0.02;-0.03;0.0469041575982;0;0;
24;3584.0;1323.0;0.03;0.0;0.0;0.03;0;0;
24;3622.0;1323.0;-0.02;0.0;-0.02;0.0282842712475;0;0;
24;3731.0;1322.0;0.02;0.03;0.02;0.0412310562562;0;0;
24;4095.0;1323.0;0.0;0.0;-0.08;0.08;0;0;
24;4095.0;1324.0;-0.01;-0.02;-0.01;0.0244948974278;0;0;
24;4095.0;1324.0;0.03;0.0;-0.02;0.0360555127546;0;0;
24;4095.0;1326.0;-0.02;-0.02;0.03;0.0412310562562;0;0;
24;3992.0;1325.0;-0.01;-0.02;0.02;0.03;0;0;
24;3993.0;1326.0;-0.01;-0.01;0.05;0.0519615242271;0;0;
24;3988.0;1324.0;0.03;0.02;0.02;0.0412310562562;0;0;
24;3868.0;1324.0;-0.01;-0.02;-0.05;0.0547722557505;0;0;
24;3830.0;1323.0;0.0;0.0;0.01;0.01;0;0;
24;3668.0;1324.0;0.03;0.0;0.02;0.0360555127546;0;0;
24;3688.0;1324.0;-0.01;-0.01;0.04;0.0424264068712;0;0;
24;3719.0;1322.0;0.02;0.01;0.03;0.0374165738677;0;0;
24;3735.0;1323.0;0.0;0.01;-0.06;0.060827625303;0;0;
24;3632.0;1323.0;-0.01;0.01;-0.03;0.0331662479036;0;0;
24;3721.0;1323.0;0.03;0.0;-0.01;0.0316227766017;0;0;
24;3567.0;1323.0;-0.01;0.01;0.0;0.0141421356237;0;0;
24;3577.0;1322.0;0.0;0.04;0.04;0.0565685424949;0;0;
24;3663.0;1322.0;-0.01;-0.01;0.03;0.0331662479036;0;0;
24;3746.0;1322.0;0.0;0.0;0.02;0.02;0;0;
24;3576.0;1323.0;0.01;0.01;0.0;0.0141421356237;0;0;
24;3733.0;1323.0;-0.02;0.0;0.0;0.02;0;0;
24;4066.0;1323.0;0.02;0.0;0.05;0.0538516480713;0;0;
24;4095.0;1323.0;0.0;0.04;0.01;0.0412310562562;0;0;
24;4095.0;1326.0;0.0;-0.01;0.04;0.0412310562562;0;0;
24;4095.0;1327.0;0.01;-0.02;-0.04;0.0458257569496;0;0;
24;4095.0;1325.0;0.01;0.01;0.0;0.0141421356237;0;0;
24;3997.0;1326.0;0.01;0.0;0.0;0.01;0;0;
24;3927.0;1324.0;0.02;0.01;0.01;0.0244948974278;0;0;
24;3908.0;1323.0;0.02;0.01;0.01;0.0244948974278;0;0;
24;3832.0;1324.0;0.02;0.01;-0.06;0.0640312423743;0;0;
24;3708.0;1323.0;0.03;0.0;0.03;0.0424264068712;0;0;
24;3741.0;1323.0;0.01;0.02;0.02;0.03;0;0;
24;3671.0;1323.0;0.04;0.0;0.03;0.05;0;0;
24;3711.0;1322.0;0.03;0.02;0.05;0.0616441400297;0;0;
24;3727.0;1323.0;0.02;0.0;-0.06;0.0632455532034;0;0;
24;3708.0;1323.0;0.02;0.02;0.02;0.0346410161514;0;0;
24;3755.0;1322.0;0.02;0.06;-0.03;0.07;0;0;
24;3743.0;1322.0;0.04;0.02;-0.03;0.0538516480713;0;0;
24;3732.0;1322.0;0.0;-0.01;-0.05;0.0509901951359;0;0;
24;3759.0;1322.0;0.0;0.0;-0.01;0.01;0;0;
24;3573.0;1322.0;0.02;0.03;0.0;0.0360555127546;0;0;
24;3742.0;1322.0;0.02;0.03;0.0;0.0360555127546;0;0;
24;3576.0;1322.0;0.02;0.02;0.04;0.0489897948557;0;0;
24;3599.0;1323.0;0.04;0.05;-0.02;0.067082039325;0;0;
24;3561.0;1322.0;0.0;-0.02;0.05;0.0538516480713;0;0;
24;3912.0;1323.0;0.01;0.0;-0.01;0.0141421356237;0;0;
24;4022.0;1323.0;0.02;0.0;-0.07;0.0728010988928;0;0;
24;4095.0;1323.0;0.0;-0.02;-0.03;0.0360555127546;0;0;
24;4095.0;1323.0;0.0;0.0;0.0;0.0;0;0;
24;3961.0;1323.0;0.03;0.03;-0.01;0.0435889894354;0;0;
24;4025.0;1324.0;0.0;-0.06;-0.01;0.060827625303;0;0;
24;3802.0;1323.0;-0.02;-0.01;0.03;0.0374165738677;0;0;
24;3717.0;1322.0;0.03;0.05;0.02;0.0616441400297;0;0;
24;3713.0;1324.0;-0.03;-0.03;0.05;0.065574385243;0;0;
24;3700.0;1324.0;0.01;0.0;0.0;0.01;0;0;
24;3756.0;1323.0;0.03;0.02;-0.06;0.07;0;0;
24;3689.0;1324.0;-0.03;0.0;0.04;0.05;0;0;
24;3785.0;1323.0;-0.01;0.0;-0.02;0.022360679775;0;0;
24;3771.0;1323.0;-0.01;0.0;-0.06;0.060827625303;0;0;
24;3792.0;1323.0;-0.01;0.0;0.01;0.0141421356237;0;0;
24;3816.0;1322.0;-0.01;-0.02;-0.01;0.0244948974278;0;0;
24;3679.0;1323.0;0.0;-0.01;0.02;0.022360679775;0;0;
24;3803.0;1324.0;-0.01;-0.02;0.0;0.022360679775;0;0;
24;3596.0;1323.0;0.01;-0.01;0.02;0.0244948974278;0;0;
24;3633.0;1323.0;0.01;-0.01;0.02;0.0244948974278;0;0;
24;3592.0;1323.0;-0.03;0.0;0.03;0.0424264068712;0;0;
24;3628.0;1323.0;0.0;0.0;0.03;0.03;0;0;
24;3686.0;1323.0;0.0;0.0;0.03;0.03;0;0;
24;3600.0;1323.0;0.0;-0.01;0.06;0.060827625303;0;0;
24;3800.0;1323.0;-0.01;-0.01;-0.04;0.0424264068712;0;0;
24;3844.0;1323.0;0.02;0.02;0.0;0.0282842712475;0;0;
24;4016.0;1322.0;0.0;-0.01;-0.05;0.0509901951359;0;0;
24;4095.0;1322.0;0.0;-0.02;0.02;0.0282842712475;0;0;
24;3989.0;1323.0;0.0;0.02;0.02;0.0282842712475;0;0;
24;4070.0;1323.0;-0.01;0.0;-0.03;0.0316227766017;0;0;
24;3821.0;1324.0;0.0;0.0;0.06;0.06;0;0;
24;3886.0;1323.0;0.01;0.02;-0.07;0.0734846922835;0;0;
24;3759.0;1323.0;-0.01;-0.02;0.04;0.0458257569496;0;0;
24;3751.0;1321.0;-0.02;-0.02;0.05;0.0574456264654;0;0;
24;3802.0;1323.0;0.02;0.02;-0.01;0.03;0;0;
24;3728.0;1324.0;-0.01;-0.01;0.04;0.0424264068712;0;0;
24;3823.0;1323.0;0.0;-0.02;-0.03;0.0360555127546;0;0;
24;3829.0;1323.0;0.0;0.0;0.0;0.0;0;0;
24;3810.0;1324.0;-0.03;-0.02;-0.06;0.07;0;0;
24;3721.0;1322.0;-0.01;-0.02;0.04;0.0458257569496;0;0;
24;3637.0;1322.0;-0.01;-0.01;0.0;0.0141421356237;0;0;
24;3735.0;1321.0;-0.01;-0.02;0.03;0.0374165738677;0;0;
24;3585.0;1322.0;-0.01;-0.03;0.0;0.0316227766017;0;0;
24;3630.0;1322.0;-0.01;-0.02;0.0;0.022360679775;0;0;
24;3569.0;1324.0;-0.01;-0.01;0.02;0.0244948974278;0;0;
24;3740.0;1322.0;-0.03;0.0;-0.06;0.067082039325;0;0;
24;3749.0;1323.0;0.0;-0.01;0.0;0.01;0;0;
24;3717.0;1303.0;-0.47;0.0;0.65;0.802122185206;0;0;
24;3765.0;1287.0;-0.56;1.08;-0.13;1.22347864714;0;0;
24;3660.0;1305.0;-0.44;0.98;-0.99;1.4608559135;0;0;
24;3943.0;1292.0;-0.45;0.49;-0.15;0.681982404465;0;0;
24;4095.0;1305.0;-0.46;0.22;0.27;0.57697486947;0;0;
24;3937.0;1306.0;-0.13;0.55;-0.59;0.817006731918;0;0;
24;4089.0;1304.0;0.35;-0.16;0.69;0.790063288604;0;0;
24;3768.0;1297.0;0.67;-0.52;0.33;0.910054943396;0;0;
24;3725.0;1296.0;0.43;-0.24;-0.18;0.524309069157;0;0;
24;3742.0;1293.0;0.61;-1.09;0.33;1.29193653095;0;0;
24;3693.0;1290.0;-0.07;0.33;0.41;0.530942558098;0;0;
24;3771.0;1291.0;0.03;0.26;0.04;0.264764045897;0;0;
24;3731.0;1295.0;-0.03;0.15;0.09;0.177482393493;0;0;
24;3759.0;1298.0;-0.04;0.02;0.02;0.0489897948557;0;0;
24;3805.0;1297.0;-0.03;0.09;-0.03;0.0994987437107;0;0;
24;3659.0;1300.0;-0.01;0.04;0.02;0.0458257569496;0;0;
24;3722.0;1305.0;-0.01;0.03;-0.02;0.0374165738677;0;0;
24;3723.0;1305.0;-0.02;0.03;-0.01;0.0374165738677;0;0;
24;3743.0;1307.0;0.0;0.06;-0.04;0.0721110255093;0;0;
24;3768.0;1307.0;-0.02;0.04;0.04;0.06;0;0;
24;3715.0;1309.0;0.0;0.06;-0.03;0.067082039325;0;0;
24;3719.0;1308.0;-0.02;0.02;-0.01;0.03;0;0;
24;3657.0;1307.0;0.0;0.01;0.05;0.0509901951359;0;0;
24;3595.0;1309.0;0.0;0.02;0.09;0.0921954445729;0;0;
24;3709.0;1308.0;-0.02;0.04;-0.01;0.0458257569496;0;0;
24;3573.0;1309.0;-0.01;0.05;0.05;0.0714142842854;0;0;
24;3634.0;1310.0;0.0;0.05;0.01;0.0509901951359;0;0;
24;3494.0;1309.0;-0.01;0.0;0.07;0.0707106781187;0;0;
24;3786.0;1310.0;-0.04;0.01;0.08;0.09;0;0;
24;3947.0;1312.0;0.0;0.06;-0.04;0.0721110255093;0;0;
24;3904.0;1312.0;-0.01;0.02;0.0;0.022360679775;0;0;
24;3932.0;1312.0;0.0;0.02;-0.01;0.022360679775;0;0;
24;3782.0;1312.0;0.01;0.13;0.0;0.130384048104;0;0;
24;3697.0;1312.0;-0.03;0.06;-0.09;0.112249721603;0;0;
24;3706.0;1314.0;0.0;0.03;0.01;0.0316227766017;0;0;
24;3737.0;1314.0;0.0;0.04;-0.11;0.117046999107;0;0;
24;3809.0;1312.0;0.03;0.1;-0.02;0.106301458127;0;0;
24;3784.0;1313.0;-0.02;0.06;0.0;0.0632455532034;0;0;
24;3798.0;1313.0;0.0;0.07;-0.03;0.0761577310586;0;0;
24;3775.0;1313.0;0.01;0.04;0.01;0.0424264068712;0;0;
24;3668.0;1312.0;0.0;0.0;-0.04;0.04;0;0;
24;3751.0;1314.0;0.0;0.06;0.05;0.0781024967591;0;0;
24;3756.0;1316.0;0.01;0.07;0.01;0.0714142842854;0;0;
24;3571.0;1315.0;0.01;0.07;0.01;0.0714142842854;0;0;
24;3787.0;1317.0;-0.05;0.01;0.1;0.112249721603;0;0;
24;3608.0;1316.0;-0.07;-0.02;0.03;0.0787400787401;0;0;
24;3649.0;1318.0;0.0;0.05;0.04;0.0640312423743;0;0;
24;3653.0;1317.0;-0.06;0.01;0.04;0.0728010988928;0;0;
24;3595.0;1319.0;-0.06;0.0;0.05;0.0781024967591;0;0;
24;3706.0;1317.0;-0.06;0.02;0.1;0.118321595662;0;0;
24;3716.0;1318.0;0.01;0.07;-0.06;0.092736184955;0;0;
24;3929.0;1318.0;-0.05;0.0;0.0;0.05;0;0;
24;3929.0;1318.0;-0.02;0.01;-0.02;0.03;0;0;
24;3870.0;1317.0;0.0;0.04;0.04;0.0565685424949;0;0;
24;3801.0;1317.0;-0.01;0.05;0.02;0.0547722557505;0;0;
24;3785.0;1318.0;0.0;0.07;-0.06;0.0921954445729;0;0;
24;3760.0;1320.0;-0.02;0.03;0.07;0.0787400787401;0;0;
24;3796.0;1317.0;-0.02;0.02;-0.03;0.0412310562562;0;0;
24;3783.0;1318.0;0.0;0.05;0.01;0.0509901951359;0;0;
24;3776.0;1325.0;0.13;0.19;-1.43;1.44841292455;0;0;
24;3554.0;987.0;0.92;0.1;-1.41;1.68656455554;0;0;
24;3952.0;975.0;-0.36;-0.34;3.62;3.65371044282;0;20;
24;4095.0;908.0;-0.76;1.55;-0.43;1.77904468747;0;0;
24;2193.0;891.0;-0.8;-0.81;-0.05;1.1395613191;0;0;
24;1425.0;913.0;0.47;-1.05;-0.5;1.25435242257;0;0;
24;4094.0;983.0;0.02;0.23;0.06;0.238537208838;0;0;
24;4095.0;4095.0;-0.03;0.08;0.12;0.147309198627;0;0;
24;4095.0;4095.0;0.0;-0.04;0.14;0.145602197786;0;0;
24;3266.0;4095.0;-0.01;-0.04;-0.05;0.0648074069841;0;0;
24;3262.0;2537.0;-0.02;0.01;0.01;0.0244948974278;0;0;
24;3539.0;2344.0;0.0;0.0;0.02;0.02;0;0;
24;2867.0;1737.0;-0.04;0.07;0.01;0.0812403840464;0;0;
24;4091.0;1098.0;-0.02;0.02;-0.05;0.0574456264654;0;0;
24;4095.0;1031.0;-0.05;0.08;-0.02;0.0964365076099;0;0;
24;4095.0;910.0;-0.97;0.2;0.39;1.06442472726;0;0;
24;4095.0;4095.0;-0.26;-0.06;-0.07;0.275862284483;0;0;
24;4095.0;4095.0;-0.26;-0.06;-0.07;0.275862284483;0;0;
24;3332.0;3452.0;0.21;-0.19;0.16;0.325269119346;0;0;
24;3785.0;2462.0;-0.2;0.31;-0.01;0.369052841745;0;0;
24;3787.0;2341.0;0.29;-0.1;0.27;0.408656334834;0;0;
24;3910.0;1986.0;0.31;-0.21;-0.1;0.387556447502;0;0;
24;4095.0;1631.0;0.06;0.02;-0.03;0.07;0;0;
24;3297.0;1589.0;-0.07;0.07;0.07;0.12124355653;0;0;
24;4095.0;1476.0;0.05;0.06;-0.09;0.119163752878;0;0;
24;4095.0;1352.0;0.0;0.03;-0.04;0.05;0;0;
24;3166.0;1335.0;0.0;0.0;0.01;0.01;0;0;
24;3957.0;1284.0;0.03;-0.09;0.04;0.10295630141;0;0;
24;2976.0;1062.0;-0.59;0.16;0.29;0.676609192961;0;0;
24;3201.0;1037.0;-0.74;-0.06;-0.75;1.05531985673;0;0;
24;4095.0;4095.0;-0.31;-0.07;0.58;0.661362230551;0;0;
24;1997.0;4095.0;0.94;-1.52;1.06;2.0778835386;0;20;
24;2665.0;4018.0;1.79;-0.95;0.24;2.0406371554;0;40;
24;3764.0;3089.0;-0.38;1.03;-1.02;1.4985659812;0;20;
24;3421.0;2277.0;-0.02;-0.05;-0.34;0.344238289561;0;0;
24;3503.0;2188.0;-0.04;0.04;0.05;0.0754983443527;0;0;
24;3147.0;1919.0;0.03;0.02;-0.01;0.0374165738677;0;0;
24;3506.0;1643.0;0.0;0.0;0.03;0.03;0;0;
24;3725.0;1608.0;-0.02;0.04;0.07;0.0830662386292;0;0;
24;3756.0;1499.0;0.0;0.01;0.0;0.01;0;0;
24;3961.0;1403.0;-0.01;0.01;0.05;0.0519615242271;0;0;
24;4040.0;1389.0;0.0;0.04;-0.03;0.05;0;0;
24;3830.0;1356.0;-0.02;-0.01;0.06;0.0640312423743;0;0;
24;3908.0;1322.0;0.01;0.02;-0.05;0.0547722557505;0;0;
24;3962.0;1317.0;-0.01;0.02;-0.03;0.0374165738677;0;0;
24;3747.0;1306.0;-0.03;0.01;0.02;0.0374165738677;0;0;
24;3869.0;1293.0;-0.03;0.0;-0.03;0.0424264068712;0;0;
24;3848.0;1292.0;-0.03;0.02;0.0;0.0360555127546;0;0;
24;3841.0;1288.0;-0.03;0.03;-0.02;0.0469041575982;0;0;
24;3903.0;1284.0;0.0;0.02;-0.05;0.0538516480713;0;0;
24;3910.0;1283.0;-0.04;0.01;-0.04;0.0574456264654;0;0;
24;3925.0;1281.0;-0.01;0.02;-0.01;0.0244948974278;0;0;
24;3909.0;1279.0;-0.02;0.0;0.1;0.101980390272;0;0;
24;3344.0;1278.0;0.0;0.04;0.01;0.0412310562562;0;0;
24;3741.0;1277.0;0.07;-0.02;-0.23;0.241246761636;0;0;
24;3725.0;1275.0;0.02;0.04;0.09;0.100498756211;0;0;
24;3481.0;1273.0;0.02;0.08;-0.09;0.122065556157;0;0;
24;3502.0;1274.0;0.0;0.0;0.1;0.1;0;0;
24;3652.0;1272.0;0.04;0.02;0.02;0.0489897948557;0;0;
24;3757.0;1273.0;0.04;0.02;0.02;0.0489897948557;0;0;
24;3558.0;1271.0;-0.05;0.05;0.0;0.0707106781187;0;0;
24;3723.0;1273.0;-0.05;0.01;0.0;0.0509901951359;0;0;
24;3869.0;1274.0;-0.03;0.02;-0.08;0.0877496438739;0;0;
24;3757.0;1274.0;-0.01;0.0;0.06;0.060827625303;0;0;
24;4084.0;1276.0;-0.03;0.05;-0.03;0.065574385243;0;0;
24;4095.0;1275.0;-0.03;0.05;-0.03;0.065574385243;0;0;
24;3655.0;1275.0;0.0;-0.06;0.06;0.0848528137424;0;0;
24;3980.0;1274.0;0.01;0.05;-0.06;0.0787400787401;0;0;
24;4032.0;1276.0;0.0;0.02;-0.06;0.0632455532034;0;0;
24;3956.0;1275.0;0.0;0.02;-0.05;0.0538516480713;0;0;
24;3987.0;1275.0;-0.02;0.0;-0.03;0.0360555127546;0;0;
24;3721.0;1275.0;0.01;0.01;0.02;0.0244948974278;0;0;
24;3984.0;1276.0;0.0;-0.01;-0.07;0.0707106781187;0;0;
24;4084.0;1275.0;-0.03;0.0;0.0;0.03;0;0;
24;3670.0;1275.0;-0.03;0.01;0.03;0.0435889894354;0;0;
24;3510.0;1275.0;-0.01;0.04;0.01;0.0424264068712;0;0;
24;3557.0;1275.0;-0.01;-0.01;0.01;0.0173205080757;0;0;
24;3546.0;1274.0;-0.01;0.01;0.04;0.0424264068712;0;0;
24;3686.0;1274.0;-0.02;-0.01;0.03;0.0374165738677;0;0;
24;3980.0;1274.0;-0.02;0.01;0.0;0.022360679775;0;0;
24;3728.0;1274.0;0.0;0.01;0.01;0.0141421356237;0;0;
24;3789.0;1273.0;-0.03;-0.01;0.0;0.0316227766017;0;0;
24;3838.0;1275.0;-0.02;0.02;-0.05;0.0574456264654;0;0;
24;3700.0;1275.0;0.0;0.0;-0.03;0.03;0;0;
24;3869.0;1274.0;0.01;0.03;-0.05;0.059160797831;0;0;
24;3842.0;1273.0;-0.01;0.0;-0.02;0.022360679775;0;0;
24;3675.0;1274.0;0.0;-0.01;0.03;0.0316227766017;0;0;
24;4080.0;1272.0;0.0;0.05;-0.1;0.111803398875;0;0;
24;4095.0;1272.0;0.0;0.04;-0.02;0.04472135955;0;0;
24;3874.0;1274.0;0.0;0.02;0.0;0.02;0;0;
24;4095.0;1271.0;-0.04;0.0;-0.05;0.0640312423743;0;0;
24;4095.0;1272.0;-0.01;0.03;0.0;0.0316227766017;0;0;
24;3609.0;1271.0;0.0;0.04;0.02;0.04472135955;0;0;
24;4020.0;1270.0;-0.05;0.0;0.0;0.05;0;0;
