26;3166.0;2376.0;0.05;1.62;-9.45;9.58798206089;-9.45;
26;3148.0;2354.0;0.07;1.63;-9.48;9.61936588347;-18.93;
26;3156.0;2346.0;0.05;1.59;-9.59;9.7210441826;-28.52;
26;3170.0;2372.0;0.04;1.47;-9.55;9.66255659751;-38.07;
26;3189.0;2399.0;0.06;1.53;-9.68;9.80035203449;-47.75;
26;3166.0;2371.0;0.06;1.56;-9.65;9.77546418335;-57.4;
26;3165.0;2377.0;0.06;1.53;-9.63;9.7509691826;-67.03;
26;3196.0;2409.0;0.04;1.55;-9.6;9.72440743696;-76.63;
26;3181.0;2384.0;0.07;1.55;-9.69;9.81343466886;-86.32;
26;3162.0;2370.0;0.06;1.51;-9.68;9.79724961405;-96.0;
26;3197.0;2400.0;0.12;1.5;-9.5;9.61844062206;-105.5;
26;3183.0;2365.0;0.07;1.47;-9.64;9.75168703353;-115.14;
26;3146.0;2360.0;0.07;1.51;-9.7;9.81707695804;-124.84;
26;3161.0;2359.0;0.07;1.51;-9.61;9.72816015493;-134.45;
26;3155.0;2348.0;0.07;1.51;-9.61;9.72816015493;-144.06;
26;3158.0;2368.0;0.07;1.5;-9.54;9.65745825774;-153.6;
26;3152.0;2350.0;0.07;1.58;-9.62;9.74913842347;-163.22;
26;3248.0;2349.0;0.05;1.58;-9.64;9.76875119962;-172.86;
26;3145.0;2355.0;0.1;1.5;-9.57;9.68735774089;-182.43;
26;3167.0;2375.0;0.09;1.49;-9.66;9.77465088891;-192.09;
26;3170.0;2376.0;0.06;1.52;-9.61;9.72965055899;-201.7;
26;3153.0;2364.0;0.11;1.59;-9.63;9.76099892429;-211.33;
26;3161.0;2377.0;0.08;1.48;-9.6;9.71374284197;-220.93;
26;3184.0;2347.0;0.1;1.45;-9.59;9.69951545182;-230.52;
26;3153.0;2369.0;0.12;1.57;-9.5;9.62960539171;-240.02;
26;3163.0;2371.0;0.08;1.57;-9.66;9.78707821569;-249.68;
26;3155.0;2347.0;0.08;1.51;-9.58;9.69860299218;-259.26;
26;3152.0;2366.0;0.11;1.53;-9.6;9.72177967247;-268.86;
26;3317.0;2374.0;0.07;1.53;-9.65;9.77078809513;-278.51;
26;3216.0;2371.0;0.06;1.49;-9.62;9.73489085712;-288.13;
26;3180.0;2402.0;0.06;1.49;-9.64;9.75465529888;-297.77;
26;3157.0;2363.0;0.07;1.43;-9.62;9.72595496597;-307.39;
26;3175.0;2380.0;0.1;1.52;-9.61;9.72997944499;-317.0;
26;3183.0;2402.0;0.09;1.48;-9.59;9.70394765031;-326.59;
26;3143.0;2345.0;0.08;1.5;-9.64;9.75633127769;-336.23;
26;3150.0;2352.0;0.06;1.52;-9.59;9.70989701284;-345.82;
26;3153.0;2358.0;0.09;1.55;-9.57;9.69512764227;-355.39;
26;3158.0;2369.0;0.04;1.48;-9.67;9.78268368087;-365.06;
26;3165.0;2360.0;0.09;1.52;-9.53;9.65087560794;-374.59;
26;3157.0;2374.0;0.06;1.49;-9.6;9.7151273795;-384.19;
26;3175.0;2393.0;0.09;1.51;-9.58;9.69869063328;-393.77;
26;3179.0;2393.0;0.08;1.52;-9.64;9.75942621264;-403.41;
26;3136.0;2347.0;0.08;1.52;-9.62;9.73967145236;-413.03;
26;3156.0;2361.0;0.09;1.51;-9.61;9.72832462452;-422.64;
26;3169.0;2375.0;0.08;1.5;-9.64;9.75633127769;-432.28;
26;3153.0;2369.0;0.06;1.52;-9.59;9.70989701284;-441.87;
26;3159.0;2372.0;0.08;1.51;-9.59;9.70848082864;-451.46;
26;3158.0;2372.0;0.07;1.5;-9.66;9.77601657118;-461.12;
26;3165.0;2371.0;0.07;1.5;-9.66;9.77601657118;-470.78;
26;3184.0;2381.0;0.08;1.5;-9.57;9.68717192993;-480.35;
26;3186.0;2394.0;0.09;1.52;-9.6;9.72000514403;-489.95;
26;3187.0;2406.0;0.09;1.55;-9.61;9.73461350029;-499.56;
26;3164.0;2387.0;0.08;1.55;-9.58;9.70491112788;-509.14;
26;3148.0;2365.0;0.1;1.56;-9.55;9.6770915052;-518.69;
26;3188.0;2399.0;0.1;1.54;-9.57;9.69363193029;-528.26;
26;3156.0;2369.0;0.07;1.46;-9.66;9.76995905826;-537.92;
26;3180.0;2405.0;0.05;1.49;-9.61;9.72495244204;-547.53;
26;3166.0;2380.0;0.09;1.5;-9.58;9.69713875326;-557.11;
26;3140.0;2350.0;0.09;1.52;-9.6;9.72000514403;-566.71;
26;3185.0;2410.0;0.11;1.56;-9.59;9.7166763865;-576.3;
26;3158.0;2370.0;0.11;1.55;-9.58;9.70520478918;-585.88;
26;3146.0;2366.0;0.09;1.53;-9.66;9.78082818579;-595.54;
26;3165.0;2362.0;0.09;1.54;-9.74;9.86140456527;-605.28;
26;3149.0;2362.0;0.05;1.52;-9.72;9.83825695944;-615.0;
26;3161.0;2374.0;0.09;1.58;-9.62;9.74930253916;-624.62;
26;3153.0;2357.0;0.1;1.53;-9.65;9.77104907367;-634.27;
26;3153.0;2371.0;0.09;1.52;-9.58;9.70025257403;-643.85;
26;3175.0;2391.0;0.09;1.54;-9.63;9.75277396437;-653.48;
26;3184.0;2403.0;0.08;1.52;-9.68;9.79893871804;-663.16;
26;3145.0;2356.0;0.09;1.54;-9.54;9.66391742514;-672.7;
26;3163.0;2365.0;0.07;1.49;-9.6;9.71519428524;-682.3;
26;3171.0;2381.0;0.1;1.51;-9.54;9.65928051151;-691.84;
26;3178.0;2395.0;0.13;1.52;-9.68;9.79947447571;-701.52;
26;3146.0;2361.0;0.08;1.5;-9.63;9.746450636;-711.15;
26;3310.0;2407.0;0.08;1.52;-9.64;9.75942621264;-720.79;
26;3141.0;2344.0;0.1;1.49;-9.52;9.63641530861;-730.31;
26;3159.0;2372.0;0.08;1.52;-9.71;9.82857568522;-740.02;
26;3206.0;2408.0;0.08;1.52;-9.59;9.71004119456;-749.61;
26;3136.0;2350.0;0.08;1.49;-9.56;9.6757480331;-759.17;
26;3187.0;2373.0;0.06;1.5;-9.72;9.83524275247;-768.89;
26;3200.0;2379.0;0.06;1.52;-9.64;9.75928276053;-778.53;
26;3169.0;2381.0;0.06;1.5;-9.59;9.70678628589;-788.12;
26;3175.0;2363.0;0.03;1.53;-9.68;9.80021428337;-797.8;
26;3212.0;2369.0;0.02;1.53;-9.77;9.88909500409;-807.57;
26;3228.0;2346.0;0.26;1.78;-9.51;9.67864143359;-817.08;
26;3161.0;2375.0;0.09;1.47;-9.71;9.82105391493;-826.79;
26;3332.0;2377.0;0.1;1.38;-9.68;9.77838432462;-836.47;
26;3161.0;2391.0;0.16;1.56;-9.52;9.6482951862;-845.99;
26;3150.0;2352.0;0.06;1.43;-9.68;9.78523888313;-855.67;
26;3244.0;2374.0;0.07;1.37;-9.68;9.77671724046;-865.35;
26;3230.0;2375.0;0.04;1.43;-9.75;9.85438988472;-875.1;
26;3176.0;2392.0;0.17;1.46;-9.57;9.68222081963;-884.67;
26;3144.0;2360.0;0.14;1.38;-9.57;9.67;-894.24;
26;3144.0;2365.0;0.07;1.39;-9.65;9.74984615263;-903.89;
26;3188.0;2401.0;0.08;1.37;-9.74;9.83620353592;-913.63;
26;3161.0;2376.0;0.05;1.31;-9.79;9.87738325671;-923.42;
26;3144.0;2370.0;0.16;1.4;-9.54;9.64350558666;-932.96;
26;3157.0;2376.0;0.14;1.46;-9.52;9.63232059267;-942.48;
26;3317.0;2363.0;0.17;1.45;-9.48;9.59175687765;-951.96;
26;3162.0;2378.0;0.13;1.38;-9.72;9.81833488938;-961.68;
26;3155.0;2369.0;0.19;1.39;-9.65;9.75144604661;0;
26;3188.0;2364.0;0.14;1.32;-9.61;9.7012421885;-9.61;
26;3171.0;2395.0;0.16;1.36;-9.58;9.67737567732;-19.19;
26;3172.0;2394.0;0.12;1.41;-9.77;9.87195016195;-28.96;
26;3161.0;2376.0;0.14;1.42;-9.78;9.88354187526;-38.74;
26;3142.0;2364.0;0.19;1.36;-9.56;9.65812093525;-48.3;
26;3158.0;2365.0;0.11;1.35;-9.56;9.65547513072;-57.86;
26;3212.0;2374.0;0.11;1.38;-9.66;9.7586935601;-67.52;
26;3171.0;2402.0;0.12;1.41;-9.79;9.89174403227;-77.31;
26;3256.0;2349.0;0.17;1.36;-9.52;9.61815470867;-86.83;
26;3288.0;2361.0;0.14;1.34;-9.58;9.67427516665;-96.41;
26;3236.0;2351.0;0.11;1.36;-9.56;9.65687837761;-105.97;
26;3145.0;2358.0;0.1;1.36;-9.71;9.8052893889;-115.68;
26;3180.0;2410.0;0.1;1.31;-9.8;9.88767414512;-125.48;
26;3155.0;2361.0;0.13;1.39;-9.59;9.69108353075;-135.07;
26;3258.0;2349.0;0.15;1.36;-9.61;9.70691506092;-144.68;
26;3172.0;2354.0;0.15;1.31;-9.5;9.59106876213;-154.18;
26;3150.0;2372.0;0.2;1.45;-9.54;9.65163716682;-163.72;
26;3154.0;2367.0;0.11;1.33;-9.79;9.88054148314;-173.51;
26;3157.0;2378.0;0.14;1.38;-9.66;9.75907782529;-183.17;
26;3163.0;2392.0;0.17;1.37;-9.68;9.77794456928;-192.85;
26;3276.0;2375.0;0.16;1.29;-9.66;9.74706622528;-202.51;
26;3157.0;2380.0;0.16;1.28;-9.64;9.72592412062;-212.15;
26;3149.0;2368.0;0.15;1.47;-9.54;9.65375574582;-221.69;
26;3181.0;2398.0;0.03;1.61;-9.85;9.98075648436;-231.54;
26;3160.0;2370.0;0.07;1.62;-9.77;9.90364579334;-241.31;
26;3158.0;2378.0;0.1;1.36;-9.62;9.71617208575;-250.93;
26;3152.0;2372.0;0.09;1.66;-9.51;9.65421151622;-260.44;
26;3163.0;2381.0;0.2;1.56;-9.34;9.47149407433;-269.78;
26;3149.0;2372.0;0.34;1.35;-9.33;9.43329210827;-279.11;
26;3177.0;2398.0;0.23;1.82;-9.47;9.64604582199;-288.58;
26;3154.0;2369.0;0.27;1.83;-9.43;9.60971903856;-298.01;
26;3142.0;2369.0;0.11;1.66;-9.77;9.91063065602;-307.78;
26;3156.0;2367.0;0.22;1.46;-9.55;9.66346211251;-317.33;
26;3188.0;2375.0;0.21;1.51;-9.49;9.61167519218;-326.82;
26;3147.0;2368.0;0.22;1.47;-9.37;9.48715974357;-336.19;
26;3135.0;2357.0;0.12;1.62;-9.79;9.92385509769;-345.98;
26;3180.0;2397.0;0.16;1.49;-9.39;9.50882747767;-355.37;
26;3152.0;2375.0;0.3;1.61;-9.96;10.0937455882;-365.33;
26;3151.0;2376.0;0.22;1.63;-9.66;9.79902546175;-374.99;
26;3161.0;2366.0;0.21;1.68;-9.76;9.90576095007;-384.75;
26;3145.0;2371.0;0.98;1.45;-8.22;8.40424297602;-392.97;
26;3158.0;2372.0;-1.02;4.31;-8.92;9.95906120074;-401.89;
26;3192.0;2379.0;0.27;-2.29;-10.89;11.1314464469;-412.78;
26;3164.0;2388.0;0.9;-0.39;-7.11;7.17733933989;-419.89;
26;3157.0;2375.0;2.22;0.22;-12.02;12.2252689132;-431.91;
26;3164.0;2377.0;4.15;2.24;-10.83;11.8122394151;-442.74;
26;3161.0;2375.0;3.5;0.49;-9.92;10.5307407147;-452.66;
26;3253.0;2381.0;-1.06;2.5;-9.34;9.7267260679;-462.0;
26;3149.0;2355.0;-1.16;2.44;-9.1;9.49258658112;-471.1;
26;3212.0;2327.0;-0.02;3.37;-13.46;13.8754783701;-484.56;
26;3172.0;2390.0;1.51;4.85;-11.64;12.7000866139;-496.2;
26;3146.0;2286.0;2.37;4.64;-11.47;12.5979125255;-507.67;
26;3103.0;2211.0;-4.45;4.07;-11.31;12.8173125108;-518.98;
26;3113.0;2191.0;-0.68;2.93;-9.3;9.77431839056;-528.28;
26;3278.0;2271.0;-1.15;2.86;-10.11;10.5694938384;-538.39;
26;3248.0;2408.0;0.14;2.35;-5.85;6.30591785548;-544.24;
26;3184.0;2284.0;0.92;1.26;-3.77;4.08006127405;-548.01;
26;3098.0;2250.0;1.69;1.79;-3.79;4.51932517086;-551.8;
26;3349.0;3385.0;2.57;2.73;-3.8;5.33833307316;-555.6;
26;3008.0;1993.0;-1.71;7.95;-8.11;11.4847159303;-563.71;
26;3153.0;2394.0;-2.48;10.37;-9.9;14.5498213047;-573.61;
26;3153.0;2422.0;-10.13;11.68;-11.83;19.4676192689;-585.44;
26;3073.0;2189.0;-5.57;7.63;-8.29;12.5684485916;-593.73;
26;3072.0;2164.0;-5.49;7.22;-8.58;12.4853874589;-602.31;
26;3154.0;2397.0;-1.97;3.43;-4.88;6.281735429;-607.19;
26;3151.0;2424.0;5.89;1.02;-0.85;6.03779761171;-608.04;
26;3142.0;2384.0;5.91;1.07;-0.89;6.07166369293;-608.93;
26;3083.0;2663.0;0.32;3.46;-3.39;4.85449276444;-612.32;
26;3158.0;1963.0;-9.13;8.18;-10.49;16.1341067308;-622.81;
26;3310.0;3458.0;-10.14;11.0;-11.71;18.9985183633;-634.52;
26;3418.0;3166.0;-10.31;13.5;-12.12;20.8672111218;-646.64;
26;3092.0;2247.0;-10.39;13.98;-12.18;21.2542913314;-658.82;
26;3152.0;2372.0;-6.68;10.18;-9.66;15.5425351857;-668.48;
26;2934.0;1976.0;-2.94;3.85;-5.89;7.62615237194;-674.37;
26;3175.0;2463.0;0.82;2.01;-4.15;4.68348161094;-678.52;
26;3084.0;2226.0;4.45;0.35;-2.03;4.90366189699;-680.55;
26;3326.0;3313.0;5.19;0.61;-2.43;5.76308077334;-682.98;
26;3305.0;2597.0;4.08;2.36;-3.02;5.59789246056;-686.0;
26;3105.0;2186.0;1.93;3.07;-4.63;5.88104582536;-690.63;
26;3137.0;2369.0;0.73;3.07;-5.29;6.159699668;-695.92;
26;3149.0;2862.0;-7.13;9.35;-11.05;16.1357336369;-706.97;
26;3166.0;2457.0;-9.48;15.1;-12.64;21.8552053296;-719.61;
26;3128.0;2301.0;-7.29;11.58;-11.05;17.5881494194;-730.66;
26;3290.0;3376.0;-1.79;3.33;-6.22;7.27883232394;-736.88;
26;3015.0;2082.0;4.17;1.53;-3.18;5.46280147909;-740.06;
26;3418.0;3489.0;4.46;1.47;-2.99;5.56709978355;-743.05;
26;3114.0;2296.0;4.6;1.45;-2.83;5.59208369036;-745.88;
26;3185.0;2343.0;2.37;4.04;-4.14;6.25124787542;-750.02;
26;3164.0;2390.0;-3.35;10.32;-9.14;14.1867720078;-759.16;
26;3242.0;3151.0;-3.57;9.67;-9.18;13.8031228351;-768.34;
26;3452.0;3319.0;-4.95;10.25;-10.5;15.4859613844;-778.84;
26;3439.0;3324.0;-5.43;9.68;-10.69;15.4098475009;-789.53;
26;3417.0;3144.0;-1.03;0.47;-11.37;11.4262285991;-800.9;
26;3477.0;3026.0;0.25;2.56;-9.78;10.1125911615;-810.68;
26;3125.0;2324.0;0.53;2.83;-9.51;9.93629206495;-820.19;
26;3177.0;2448.0;0.37;3.65;-8.2;8.98328447729;-828.39;
26;3188.0;2447.0;-0.98;5.29;-7.43;9.1732982073;-835.82;
26;3123.0;2350.0;-1.98;12.39;-3.43;13.0075900919;-839.25;
26;3025.0;2038.0;-1.87;12.11;-3.38;12.7111525835;-842.63;
26;2967.0;1929.0;-2.32;11.56;-2.92;12.1467032564;0;
26;2938.0;1939.0;-1.99;9.03;-2.76;9.64979792535;-2.76;
26;2953.0;2060.0;-3.42;9.33;-1.62;10.0682520827;-4.38;
26;3316.0;3305.0;-1.21;8.76;-4.22;9.79847437104;-8.6;
26;3364.0;2827.0;-0.97;8.94;-4.63;10.1144154552;-13.23;
26;3146.0;3446.0;-0.55;8.35;-6.3;10.4744928278;-19.53;
26;3301.0;2539.0;0.18;6.14;-7.93;10.0307975755;-27.46;
26;3114.0;2261.0;0.0;1.53;-12.69;12.781901267;-40.15;
26;3035.0;2065.0;0.48;3.86;-10.39;11.0942372428;-50.54;
26;3157.0;2415.0;-0.27;5.04;-9.09;10.3972400184;-59.63;
26;3138.0;2394.0;-0.64;8.22;-6.23;10.3339682601;-65.86;
26;3154.0;2869.0;-0.15;9.7;-1.96;9.897176365;-67.82;
26;3385.0;3434.0;-0.25;9.92;-1.29;10.0066477903;-69.11;
26;2929.0;1946.0;-1.27;11.04;0.18;11.1142656078;-68.93;
26;3163.0;2447.0;-0.79;10.48;-0.18;10.5112748989;-69.11;
26;3239.0;2444.0;-0.79;10.34;-1.38;10.4615534219;-70.49;
26;3037.0;2062.0;-0.46;10.03;-1.93;10.2243532803;-72.42;
26;3321.0;2713.0;-0.26;6.86;-6.07;9.16362919372;-78.49;
26;3060.0;2535.0;0.13;6.94;-10.63;12.6955661552;-89.12;
26;3434.0;3367.0;0.69;5.67;-10.95;12.3502024275;-100.07;
26;3422.0;3383.0;0.71;5.65;-10.84;12.2446804777;-110.91;
26;3120.0;2258.0;0.51;6.22;-10.34;12.0774210823;-121.25;
26;3168.0;2459.0;0.4;7.07;-7.73;10.4832151557;-128.98;
26;3167.0;2411.0;0.11;8.93;-4.36;9.93813865872;-133.34;
26;3181.0;2963.0;0.33;9.99;-2.56;10.3180715252;-135.9;
26;3244.0;2407.0;0.11;10.5;-2.06;10.7007336197;-137.96;
26;3093.0;2183.0;-0.07;10.99;-1.57;11.1017971518;-139.53;
26;3153.0;2424.0;-0.46;10.18;0.89;10.2291788527;-138.64;
26;3097.0;2294.0;-0.51;9.95;0.5;9.97560023257;-138.14;
26;3151.0;2238.0;0.79;9.05;-0.54;9.1004505383;-138.68;
26;3195.0;3052.0;0.96;8.95;-0.8;9.03681913065;-139.48;
26;3420.0;3088.0;0.88;8.81;-1.25;8.94164414412;-140.73;
26;3348.0;3384.0;-0.53;6.51;-8.0;10.3276812499;-148.73;
26;3261.0;3184.0;0.11;5.68;-11.49;12.8177455116;-160.22;
26;3429.0;3411.0;0.36;5.93;-11.35;12.810815743;-171.57;
26;3149.0;2404.0;0.41;6.01;-11.18;12.6996299159;-182.75;
26;3156.0;2283.0;0.64;6.13;-10.79;12.4262061789;-193.54;
26;3365.0;3400.0;-0.49;6.29;-8.08;10.2513706401;-201.62;
26;3041.0;2001.0;-0.01;9.12;-3.45;9.75074356139;-205.07;
26;3252.0;2447.0;0.08;9.28;-2.91;9.72588813425;-207.98;
26;3212.0;2452.0;-0.29;10.9;-0.69;10.9256670277;-208.67;
26;3450.0;3339.0;-0.44;9.46;-1.04;9.52716117214;-209.71;
26;3459.0;3163.0;0.14;10.04;-1.45;10.1451318375;-211.16;
26;3148.0;2833.0;-0.12;8.48;-4.4;9.55430792889;-215.56;
26;2956.0;1936.0;-0.76;5.45;-10.07;11.4754084895;-225.63;
26;3120.0;2264.0;-0.36;5.47;-10.57;11.9069475517;-236.2;
26;3167.0;2463.0;1.23;5.8;-10.16;11.763439123;-246.36;
26;3136.0;2375.0;-0.27;6.32;-8.38;10.4995095124;-254.74;
26;3098.0;2276.0;-0.08;7.03;-7.55;10.3164819585;-262.29;
26;3100.0;2200.0;0.02;9.21;-4.17;10.1100642926;-266.46;
26;3246.0;3149.0;-0.53;10.4;-0.85;10.4481290191;-267.31;
26;3029.0;2444.0;-0.85;10.06;-0.83;10.1299062187;-268.14;
26;3042.0;2086.0;-0.79;10.14;-0.62;10.1896074507;-268.76;
26;3429.0;3381.0;-0.08;8.29;-4.43;9.39975531596;-273.19;
26;3307.0;2615.0;-0.08;7.75;-6.19;9.91892131232;-279.38;
26;2925.0;1961.0;-0.1;5.88;-9.98;11.5838162969;-289.36;
26;3100.0;2275.0;1.38;6.31;-10.07;11.9635028315;-299.43;
26;3095.0;2182.0;1.14;6.63;-9.65;11.7634603752;-309.08;
26;3346.0;3382.0;0.82;5.46;-8.47;10.1106330168;-317.55;
26;3169.0;2439.0;-0.31;9.3;-3.33;9.88306632579;-320.88;
26;3306.0;1965.0;-0.36;11.12;-1.93;11.2919838824;-322.81;
26;3168.0;2452.0;-0.61;12.13;0.14;12.1461351878;-322.67;
26;3426.0;3435.0;0.08;10.18;0.29;10.1844440202;-322.38;
26;3005.0;2345.0;0.12;10.06;-0.06;10.0608945924;-322.44;
26;3220.0;3090.0;0.64;8.44;-2.98;8.97349430267;-325.42;
26;2930.0;1952.0;0.52;6.6;-8.41;10.7032004559;-333.83;
26;2934.0;1949.0;0.49;6.22;-9.18;11.0995900825;-343.01;
26;3152.0;2443.0;1.53;7.24;-9.17;11.7833526638;-352.18;
26;3283.0;3233.0;0.53;6.04;-8.18;10.1820872124;-360.36;
26;3385.0;3017.0;0.44;6.71;-7.3;9.92510453345;-367.66;
26;3289.0;3241.0;0.42;8.33;-4.72;9.58351188239;-372.38;
26;2960.0;1932.0;1.08;10.05;-0.56;10.1233640654;-372.94;
26;2957.0;1938.0;1.01;10.5;0.42;10.5568224386;-372.52;
26;3163.0;2442.0;-0.22;10.3;0.59;10.3192296224;-371.93;
26;2925.0;1972.0;0.75;9.82;-1.79;10.0099450548;-373.72;
26;2977.0;2180.0;0.7;9.37;-3.62;10.0693247043;-377.34;
26;3097.0;2287.0;-0.14;7.51;-7.84;10.8574997122;-385.18;
26;3346.0;3379.0;0.82;6.36;-10.64;12.4230270063;-395.82;
26;3285.0;3125.0;0.79;5.33;-10.89;12.1501069954;-406.71;
26;3233.0;3101.0;0.79;5.58;-9.44;10.9942757833;-416.15;
26;2953.0;2095.0;0.38;8.63;-4.58;9.77740763188;-420.73;
26;2933.0;1974.0;0.32;9.95;-3.19;10.4537553061;-423.92;
26;3067.0;2169.0;0.77;12.11;0.8;12.1607976712;-423.12;
26;3073.0;2171.0;0.33;10.34;0.98;10.3915783209;-422.14;
26;3179.0;2279.0;0.96;9.73;0.4;9.78542283195;-421.74;
26;3298.0;3266.0;1.02;8.81;-2.1;9.11408251005;-423.84;
26;3080.0;2231.0;0.96;7.48;-7.92;10.9361053397;-431.76;
26;3181.0;2212.0;0.56;7.21;-9.09;11.6157565401;-440.85;
26;3401.0;3415.0;1.24;6.91;-9.88;12.1202351462;-450.73;
26;3266.0;2410.0;0.49;7.2;-7.24;10.2224116528;-457.97;
26;3195.0;2413.0;0.87;7.68;-6.23;9.92734607033;-464.2;
26;3126.0;2362.0;1.04;9.58;-2.81;10.0376341834;-467.01;
26;3120.0;2344.0;1.27;10.73;-0.06;10.8050636278;-467.07;
26;3260.0;2348.0;0.88;10.35;0.35;10.3932381864;-466.72;
26;3014.0;2239.0;0.57;9.86;0.32;9.88164459996;-466.4;
26;3114.0;2319.0;0.94;8.88;-2.7;9.32887988989;-469.1;
26;3148.0;2369.0;0.83;8.82;-3.18;9.41242264244;-472.28;
26;3401.0;3210.0;0.0;6.76;-6.87;9.63817928864;-479.15;
26;3157.0;2433.0;1.61;8.62;-6.7;11.0356920943;-485.85;
26;3171.0;2436.0;1.41;8.55;-6.64;10.9169684437;-492.49;
26;3152.0;2448.0;-0.52;7.7;-7.29;10.6162375633;0;
26;3443.0;3379.0;1.16;11.22;-5.48;12.5405103564;-5.48;
26;3071.0;2163.0;1.77;11.6;-5.29;12.8715577923;-10.77;
26;3425.0;3447.0;1.03;13.52;-4.33;14.2337697045;-15.1;
26;3135.0;2337.0;-0.63;8.68;-2.84;9.15450162488;-17.94;
26;3010.0;2018.0;0.26;6.67;-2.19;7.02514056799;-20.13;
26;3064.0;2205.0;1.56;4.41;-0.74;4.73595819238;-20.87;
26;3376.0;3003.0;2.69;1.47;-1.73;3.51992897656;-22.6;
26;3094.0;2277.0;2.94;2.47;-1.62;4.16760122852;-24.22;
26;3130.0;2322.0;3.16;2.83;-1.7;4.56995623611;-25.92;
26;3409.0;3443.0;-0.11;8.46;-5.13;9.89447320477;-31.05;
26;3178.0;2989.0;-2.84;18.98;-8.35;20.9291304167;-39.4;
26;3100.0;2942.0;-3.8;17.43;-8.92;19.9452074444;-48.32;
26;3155.0;2418.0;-1.55;11.96;-6.38;13.6436248849;-54.7;
26;3072.0;2204.0;2.57;3.06;-2.29;4.60571384261;-56.99;
26;3150.0;2428.0;3.79;2.19;-1.54;4.64023706291;-58.53;
26;3075.0;2227.0;4.97;1.25;-1.43;5.32055448238;-59.96;
26;3152.0;2443.0;-0.04;9.84;-4.98;11.0284903772;-64.94;
26;3250.0;3190.0;-0.93;11.45;-5.47;12.7235333143;-70.41;
26;3253.0;3200.0;-1.69;12.82;-5.96;14.2383320652;-76.37;
26;3423.0;3473.0;-3.05;17.0;-7.0;18.6360537668;-83.37;
26;3455.0;3335.0;-4.16;15.5;-6.8;17.4297332165;-90.17;
26;3297.0;2586.0;1.7;2.94;-2.6;4.2771018225;-92.77;
26;3165.0;2464.0;2.65;2.12;-2.19;4.03893550332;-94.96;
26;3046.0;2090.0;3.6;1.72;-1.83;4.38945326892;-96.79;
26;3240.0;3087.0;5.31;1.65;-1.01;5.65143344648;-97.8;
26;3116.0;2754.0;5.12;0.22;-2.42;5.66738034722;-100.22;
26;3236.0;2394.0;-1.13;15.39;-6.42;16.713629169;-106.64;
26;3202.0;3047.0;-3.05;19.88;-7.3;21.3964225982;-113.94;
26;3407.0;3478.0;-4.87;23.81;-8.0;25.5857968412;-121.94;
26;3387.0;3426.0;-5.14;22.26;-8.84;24.4963834065;-130.78;
26;3129.0;2300.0;-0.17;7.45;-4.93;8.93511611564;-135.71;
26;3124.0;2377.0;3.05;-1.93;-0.75;3.68644815507;-136.46;
26;3048.0;2098.0;3.07;-3.48;-0.46;4.66335715982;-136.92;
26;3209.0;3086.0;2.59;-4.57;-0.53;5.27957384644;-137.45;
26;3232.0;3134.0;3.58;-4.5;-0.56;5.77754273026;-138.01;
26;3144.0;2432.0;0.57;5.8;-2.96;6.53655107836;-140.97;
26;3382.0;2987.0;-4.6;27.38;-8.69;29.0919318712;-149.66;
26;3078.0;2236.0;-5.05;27.48;-8.93;29.3325382468;-158.59;
26;3412.0;3473.0;-0.73;12.81;-7.02;14.6256418663;-165.61;
26;2925.0;1942.0;0.21;-0.23;-0.72;0.784474346298;-166.33;
26;3294.0;2091.0;1.42;-2.85;-0.06;3.18472918786;-166.39;
26;3166.0;2460.0;2.41;-6.05;1.48;6.6783980115;-164.91;
26;3232.0;3117.0;-0.51;8.37;-4.64;9.58366318273;-169.55;
26;3435.0;3353.0;-1.16;12.94;-8.76;15.669294815;-178.31;
26;2967.0;2232.0;-4.96;25.45;-13.56;29.2605143495;-191.87;
26;3095.0;2291.0;-4.97;13.98;-9.27;17.4949764218;-201.14;
26;3460.0;2327.0;-5.13;12.95;-8.38;16.2555775044;-209.52;
26;3366.0;3364.0;-2.92;1.22;-2.43;3.98994987437;-211.95;
26;3158.0;2404.0;3.51;-3.28;2.3;5.32620878299;-209.65;
26;3307.0;1956.0;3.82;-4.27;2.53;6.26308230826;-207.12;
26;3164.0;2459.0;4.34;-5.34;1.8;7.1127491169;-205.32;
26;3197.0;2464.0;0.37;2.01;-4.26;4.72489153315;-209.58;
26;3139.0;2386.0;-0.79;5.3;-6.3;8.27067711859;-215.88;
26;3093.0;2191.0;-0.56;8.59;-9.88;13.1040489926;-225.76;
26;3324.0;3331.0;0.08;20.49;-19.14;28.0390103249;-244.9;
26;3154.0;2390.0;-2.38;15.11;-17.47;23.2201937976;-262.37;
26;3281.0;3392.0;-2.33;13.53;-16.33;21.3344486688;-278.7;
26;3148.0;2241.0;-2.25;12.36;-15.27;19.7738463633;-293.97;
26;3102.0;2308.0;-2.24;11.3;-14.24;18.3162550758;-308.21;
26;3127.0;2375.0;-1.31;1.0;-3.75;4.09616894183;-311.96;
26;3225.0;2402.0;2.23;-0.97;0.35;2.45688827585;-311.61;
26;3182.0;2489.0;1.94;-1.64;0.6;2.61021071946;-311.01;
26;2968.0;1953.0;1.72;-2.37;0.99;3.09118100408;-310.02;
26;3206.0;2946.0;2.29;-3.5;1.65;4.49628735736;-308.37;
26;3284.0;3227.0;1.66;-3.1;0.25;3.52535104635;-308.12;
26;2924.0;1990.0;0.49;1.94;-3.81;4.30346372124;-311.93;
26;3041.0;2508.0;0.31;4.84;-5.41;7.26565895153;-317.34;
26;3016.0;2378.0;-1.27;8.61;-8.7;12.3058928973;-326.04;
26;3412.0;3382.0;-1.73;9.32;-9.77;13.6127954513;-335.81;
26;3160.0;2253.0;-4.5;18.05;-20.18;27.4460361437;-355.99;
26;3395.0;3168.0;-0.98;16.13;-15.4;22.3225737763;-371.39;
26;3137.0;2405.0;-0.56;15.3;-14.62;21.1695063712;-386.01;
26;3312.0;3268.0;-2.74;8.68;-9.5;13.1567473184;-395.51;
26;3171.0;2482.0;-2.82;2.2;-4.01;5.37331368896;-399.52;
26;3329.0;3280.0;-2.52;1.2;-3.26;4.29161974084;-402.78;
26;3372.0;3228.0;0.69;-3.13;1.11;3.39191686219;-401.67;
26;3122.0;2289.0;2.67;-1.96;1.56;3.66116101804;-400.11;
26;3109.0;2738.0;2.67;-1.54;1.19;3.30402784492;-398.92;
26;3149.0;2400.0;1.79;1.49;-1.54;2.79209598689;-400.46;
26;3347.0;3360.0;-1.89;11.53;-14.63;18.7229778614;-415.09;
26;3278.0;3241.0;-1.84;14.57;-17.5;22.8455794411;-432.59;
26;3299.0;3301.0;-5.12;20.92;-23.56;31.9207518708;-456.15;
26;3136.0;2824.0;-3.27;10.88;-14.34;18.2948872639;-470.49;
26;2989.0;2318.0;-2.83;8.95;-12.12;15.3298988907;-482.61;
26;3149.0;2416.0;-3.92;3.79;-5.51;7.75181269124;-488.12;
26;3388.0;3142.0;1.46;-0.34;1.0;1.80199889012;-487.12;
26;2968.0;2150.0;1.57;-1.59;1.76;2.84439800309;-485.36;
26;2991.0;2232.0;3.07;-2.91;2.01;4.68327876599;-483.35;
26;3099.0;2291.0;1.54;0.6;-2.88;3.32054212441;-486.23;
26;3170.0;2431.0;0.04;2.92;-5.3;6.05128085615;-491.53;
26;2966.0;1959.0;-2.46;7.67;-12.03;14.4776172073;-503.56;
26;3135.0;2388.0;-2.87;13.7;-16.81;21.8747114267;-520.37;
26;3071.0;2593.0;-3.02;14.05;-16.9;22.1840686079;-537.27;
26;3442.0;2937.0;-3.04;14.27;-16.79;22.2436193098;-554.06;
26;3173.0;2355.0;-3.13;14.3;-16.36;21.9530521796;-570.42;
26;3103.0;2273.0;-0.68;9.24;-8.11;12.3130865343;-578.53;
26;3158.0;2479.0;-0.36;3.43;-5.92;6.85134293405;-584.45;
26;3232.0;3028.0;-0.36;3.43;-5.92;6.85134293405;-590.37;
26;3369.0;2909.0;-0.27;2.55;-6.26;6.76483554863;-596.63;
26;3326.0;3221.0;0.65;1.63;-6.08;6.32817509239;0;
26;3332.0;3243.0;1.53;0.63;-7.38;7.5632136027;-7.38;
26;2983.0;2220.0;1.43;-0.27;-9.66;9.76900199611;-17.04;
26;3182.0;2850.0;1.44;-0.44;-9.2;9.32240312366;-26.24;
26;3298.0;3191.0;1.43;-0.56;-8.86;8.99211321103;-35.1;
26;3082.0;2249.0;1.6;-0.28;-8.41;8.56542468299;-43.51;
26;3077.0;2228.0;1.29;1.86;-8.27;8.57418217674;-51.78;
26;3149.0;2257.0;1.05;8.95;-14.97;17.4730048933;-66.75;
26;3138.0;2407.0;1.76;9.5;-15.67;18.4091417508;-82.42;
26;2978.0;2290.0;2.26;10.1;-16.43;19.4180972291;-98.85;
26;3337.0;3385.0;1.28;12.39;-18.5;22.3024774409;-117.35;
26;3154.0;2458.0;-2.82;11.39;-17.67;21.2111621558;-135.02;
26;3075.0;2248.0;0.25;7.97;-5.61;9.74964101903;-140.63;
26;2927.0;1959.0;0.01;7.76;-5.25;9.36910881568;-145.88;
26;3398.0;3309.0;-0.71;4.38;-2.89;5.29533757186;-148.77;
26;3349.0;3362.0;0.59;1.59;-3.58;3.96138864541;-152.35;
26;3129.0;2365.0;0.91;1.08;-3.49;3.76491699776;-155.84;
26;3070.0;2249.0;2.09;-3.4;-3.8;5.510725905;-159.64;
25;2934.0;2058.0;3.0;-2.59;-6.26;7.4091632456;-165.9;
25;3318.0;3320.0;1.86;-3.06;-7.07;7.92515614988;-172.97;
25;3215.0;3102.0;0.0;-3.56;-8.93;9.6134541139;-181.9;
25;2915.0;1984.0;1.44;0.51;-13.16;13.248369711;-195.06;
25;3190.0;2965.0;-2.09;-0.2;-14.67;14.8194804227;-209.73;
25;3136.0;2417.0;0.99;8.24;-19.7;21.3768028479;-229.43;
25;3141.0;2846.0;-1.25;9.31;-17.63;19.9763735448;-247.06;
25;3289.0;3244.0;-0.97;9.82;-17.45;20.04684015;-264.51;
25;3070.0;2618.0;-2.03;9.42;-12.69;15.9340327601;-277.2;
25;3180.0;2447.0;-2.21;7.15;-6.14;9.680196279;-283.34;
25;3159.0;2456.0;-2.64;6.33;-5.09;8.54087817499;-288.43;
25;3014.0;2039.0;-2.23;4.75;-3.48;6.29649108631;-291.91;
25;3081.0;2205.0;-1.05;2.9;-1.91;3.62775412618;-293.82;
25;3359.0;3312.0;2.01;-2.15;-0.79;3.0474087353;-294.61;
25;3390.0;2204.0;2.22;-3.44;-0.57;4.13363036567;-295.18;
25;3323.0;3328.0;3.07;-5.1;-1.21;6.07445470804;-296.39;
25;2944.0;1928.0;1.36;-4.19;-9.78;10.7263274237;-306.17;
25;3236.0;2417.0;0.04;-5.2;-11.93;13.0140885198;-318.1;
25;3161.0;2461.0;1.52;3.08;-18.88;19.1898723289;-336.98;
25;3060.0;2183.0;1.56;5.18;-16.49;17.354714057;-353.47;
25;2919.0;1952.0;-2.41;4.79;-16.74;17.5778212529;-370.21;
25;3092.0;2241.0;1.07;9.69;-16.06;18.7873521285;-386.27;
25;3209.0;2371.0;-0.82;10.11;-13.84;17.1589655865;-400.11;
25;3141.0;2349.0;-0.86;9.5;-12.69;15.8753173197;-412.8;
25;3157.0;2891.0;-0.92;8.83;-11.06;14.1823446581;-423.86;
25;3372.0;3313.0;-1.53;6.14;-6.53;9.09293132054;-430.39;
25;2950.0;1949.0;-0.89;1.83;-2.81;3.46945240636;-433.2;
25;3371.0;3358.0;-1.28;0.08;-1.38;1.88393205822;-434.58;
25;3353.0;2259.0;-1.14;-1.87;-0.18;2.19747582467;-434.76;
25;3140.0;2417.0;-0.19;-3.44;1.08;3.61055397412;-433.68;
25;3009.0;2334.0;2.64;-1.62;-1.34;3.37484814473;-435.02;
25;3030.0;2077.0;1.16;-3.95;-4.49;6.09165002278;-439.51;
25;3384.0;3365.0;1.08;-3.5;-6.67;7.60955320633;-446.18;
25;3067.0;2204.0;1.08;-3.21;-7.43;8.16550059702;-453.61;
25;3112.0;2334.0;1.46;-2.5;-9.75;10.1707472685;-463.36;
25;2946.0;1940.0;1.52;-1.12;-16.57;16.6772209915;-479.93;
25;3346.0;2867.0;0.85;0.69;-16.08;16.1172268086;-496.01;
25;3150.0;2461.0;-0.95;0.81;-15.61;15.6598435497;-511.62;
25;3102.0;2242.0;-2.2;2.78;-16.87;17.2384831119;-528.49;
25;3042.0;2480.0;0.31;5.47;-17.77;18.5954268572;-546.26;
25;3380.0;3019.0;2.87;7.24;-15.67;17.4986685208;-561.93;
25;3219.0;3017.0;1.42;10.39;-14.57;17.9514177713;-576.5;
25;3078.0;2204.0;1.05;10.71;-13.98;17.6421937411;-590.48;
25;3110.0;2209.0;0.59;10.43;-13.01;16.6851161219;-603.49;
25;3090.0;2281.0;-1.86;7.96;-9.85;12.8001445304;-613.34;
25;2991.0;1965.0;-2.14;5.99;-5.6;8.47465043527;-618.94;
25;3369.0;3189.0;-0.1;2.02;-3.09;3.69303398306;-622.03;
25;3361.0;2946.0;0.25;1.37;-3.07;3.37109774406;-625.1;
25;2945.0;2041.0;0.78;-1.19;-3.43;3.71340813809;-628.53;
25;3310.0;2666.0;1.99;-4.62;-2.87;5.79149376241;-631.4;
25;3155.0;2256.0;2.45;-5.19;-3.28;6.61037064014;-634.68;
25;3376.0;3303.0;1.79;-2.72;-7.21;7.91116931939;-641.89;
25;3343.0;3375.0;0.64;-0.8;-12.94;12.9804930569;-654.83;
25;3421.0;3347.0;0.82;0.83;-14.37;14.4172882332;-669.2;
25;3179.0;2478.0;1.53;5.0;-15.94;16.7757116093;-685.14;
25;3381.0;3044.0;0.38;7.89;-14.26;16.3016594247;-699.4;
25;3097.0;2286.0;1.05;8.75;-13.93;16.4836252081;-713.33;
25;3378.0;3211.0;1.01;6.62;-8.82;11.0741545953;-722.15;
25;3054.0;2117.0;1.19;5.48;-6.36;8.4791567977;-728.51;
25;3268.0;2305.0;2.13;6.13;-7.03;9.56737686098;-735.54;
25;3350.0;2936.0;3.64;5.66;-6.04;9.04249965441;-741.58;
25;3096.0;2655.0;4.37;6.11;-11.05;13.3615680218;-752.63;
25;2941.0;2001.0;4.32;5.72;-11.09;13.2048816731;-763.72;
25;3136.0;2386.0;0.0;4.34;-16.17;16.7422967361;-779.89;
25;3373.0;2997.0;-5.25;2.45;-15.77;16.8005327296;-795.66;
25;3316.0;3332.0;-5.64;2.59;-15.22;16.4367302101;-810.88;
25;3360.0;3392.0;-4.91;2.36;-10.16;11.5283693556;-821.04;
25;3057.0;2181.0;-1.29;0.99;-4.44;4.72840353608;-825.48;
25;3111.0;2353.0;-1.1;0.78;-4.13;4.34457132523;-829.61;
25;3092.0;2184.0;1.94;-2.34;-0.18;3.04493021266;-829.79;
25;3096.0;2193.0;7.28;-1.07;0.06;7.35845771884;-829.73;
25;3162.0;2324.0;7.39;-0.96;0.17;7.45403246572;-829.56;
25;3440.0;3468.0;7.39;-0.96;0.17;7.45403246572;-829.39;
25;3355.0;2937.0;6.61;3.5;-6.67;10.0215268298;-836.06;
25;3074.0;2181.0;6.61;4.49;-13.06;15.3106433568;-849.12;
25;3451.0;3488.0;6.32;5.41;-15.11;17.2488434395;-864.23;
25;3097.0;2304.0;6.49;5.8;-15.83;18.0651321612;-880.06;
25;3118.0;2365.0;8.18;7.05;-16.77;19.9461224302;-896.83;
25;3161.0;2435.0;-0.33;2.88;-15.23;15.5034254279;-912.06;
25;3094.0;2182.0;-2.69;4.33;-15.7;16.5068167737;-927.76;
25;3122.0;2323.0;-3.76;4.11;-15.76;16.7154808486;-943.52;
25;2992.0;2388.0;-4.52;4.25;-16.24;17.3847778243;-959.76;
25;3277.0;3289.0;-6.03;5.81;-18.12;19.961247456;0;
25;3206.0;2380.0;-4.86;1.22;-3.79;6.28268254808;-3.79;
25;3142.0;2377.0;-4.44;0.97;-3.33;5.63412814906;-7.12;
25;3355.0;3446.0;-4.13;0.09;-2.67;4.91872951076;-9.79;
25;3098.0;2323.0;-4.01;-0.03;-2.66;4.8121305053;-12.45;
25;3011.0;2046.0;0.34;-0.65;-1.52;1.68774998148;-13.97;
25;3096.0;2226.0;5.14;-3.02;-0.09;5.96222273988;-14.06;
25;3160.0;2480.0;6.16;-3.15;0.17;6.92076585357;-13.89;
25;3044.0;2096.0;8.73;-1.8;-0.14;8.91473499326;-14.03;
25;2963.0;2193.0;9.04;-0.71;-0.91;9.11338575942;-14.94;
25;3360.0;3358.0;10.14;4.78;-11.25;15.8817662746;-26.19;
25;3358.0;2877.0;7.93;8.42;-19.02;22.2607659347;-45.21;
25;3055.0;2149.0;6.44;8.09;-18.97;21.6051521633;-64.18;
25;3084.0;2251.0;1.47;5.5;-18.05;18.9265263585;-82.23;
25;3066.0;2230.0;-1.58;5.09;-16.54;17.3774595381;-98.77;
25;2944.0;1928.0;-1.92;5.48;-17.71;18.6376205563;-116.48;
25;3367.0;3454.0;-3.47;5.31;-19.53;20.5343103123;-136.01;
25;3322.0;2691.0;-4.71;4.61;-19.06;20.167295307;-155.07;
25;3077.0;2275.0;-5.18;3.85;-10.76;12.5472108454;-165.83;
25;3428.0;3381.0;-1.68;-0.83;1.46;2.37547889909;-164.37;
25;3280.0;2538.0;-0.97;-1.12;2.13;2.59464833841;-162.24;
25;3163.0;2455.0;-0.22;-1.14;2.35;2.62116386363;-159.89;
25;2908.0;1945.0;3.14;-1.68;0.35;3.57833760285;-159.54;
25;3051.0;2168.0;7.32;-0.2;-2.25;7.66060702556;-161.79;
25;3160.0;2466.0;8.04;0.67;-3.83;8.9308118332;-165.62;
25;3025.0;1978.0;8.56;1.7;-6.2;10.7053070951;-171.82;
25;3040.0;2536.0;9.73;5.54;-13.53;17.5620443001;-185.35;
25;2908.0;1959.0;6.31;8.06;-19.68;22.1829236125;-205.03;
25;3144.0;2922.0;4.05;4.55;-13.03;14.3835287743;-218.06;
25;3431.0;3456.0;2.72;3.87;-13.06;13.8902447783;-231.12;
25;3088.0;2189.0;1.5;4.39;-15.94;16.601376449;-247.06;
25;3139.0;2418.0;1.37;5.79;-18.13;19.081349533;-265.19;
25;3247.0;3160.0;-0.06;5.0;-13.42;14.321312789;-278.61;
25;3098.0;2325.0;-4.86;5.19;-13.75;15.4796059381;-292.36;
25;2946.0;2037.0;-5.26;4.71;-12.08;13.9920727557;-304.44;
25;3373.0;3327.0;-4.81;2.06;-4.73;7.05355229654;-309.17;
25;3156.0;2424.0;-0.08;-1.34;1.44;1.96865436276;-307.73;
25;3182.0;2302.0;2.52;-1.81;2.72;4.12612408926;-305.01;
25;3121.0;2351.0;9.12;-0.78;1.53;9.28028555595;-303.48;
25;3338.0;2747.0;8.92;1.72;-6.75;11.3175659927;-310.23;
25;3136.0;2423.0;8.66;1.87;-7.69;11.7315216404;-317.92;
25;2909.0;1938.0;8.26;1.58;-7.76;11.442971642;-325.68;
25;3185.0;2957.0;5.19;2.54;-11.72;13.0669851152;-337.4;
25;3385.0;3500.0;5.32;7.92;-19.23;21.4667580226;-356.63;
25;3447.0;3462.0;1.27;6.17;-21.0;21.9244566637;-377.63;
25;3374.0;2989.0;0.69;5.99;-20.79;21.6467156862;-398.42;
25;3176.0;2456.0;0.56;5.68;-20.11;20.9042603313;-418.53;
25;3131.0;2376.0;-0.91;6.03;-15.5;16.6565002326;-434.03;
25;3118.0;2330.0;-4.97;4.48;-10.39;12.3581309266;-444.42;
25;3248.0;3183.0;-5.95;3.33;-6.91;9.7077031269;-451.33;
25;3103.0;2214.0;-6.22;2.93;-5.81;9.00163318515;-457.14;
25;3273.0;2472.0;-6.07;2.69;-5.2;8.43332674572;-462.34;
25;3009.0;2038.0;-2.48;0.37;-1.33;2.83834458796;-463.67;
25;3073.0;2204.0;5.46;-2.68;1.77;6.33457970192;-461.9;
25;3144.0;2464.0;6.91;-3.05;1.32;7.66765935602;-460.58;
25;2984.0;1991.0;7.61;-3.18;1.31;8.351083762;-459.27;
25;2924.0;1996.0;8.65;-3.92;2.15;9.73711456233;-457.12;
25;3368.0;3143.0;10.12;0.16;-3.42;10.6834638578;-460.54;
25;2974.0;2322.0;5.71;2.62;-12.63;14.1062184869;-473.17;
25;2923.0;2058.0;8.12;6.53;-17.21;20.1186331544;-490.38;
25;3130.0;2432.0;9.8;7.41;-16.76;20.7808974782;-507.14;
25;3143.0;2220.0;2.6;6.16;-17.74;18.9581961167;-524.88;
25;3032.0;2082.0;0.39;6.21;-18.55;19.5657532439;-543.43;
25;3146.0;2424.0;-1.14;6.39;-19.08;20.1538606723;-562.51;
25;3417.0;3377.0;-5.67;2.66;-6.72;9.1860165469;-569.23;
25;3127.0;2387.0;-5.63;1.98;-5.29;7.97504858919;-574.52;
25;3102.0;2252.0;-4.99;0.45;-2.42;5.56408123593;-576.94;
25;3361.0;3399.0;-4.54;-0.04;-1.03;4.65554508087;-577.97;
25;3331.0;2800.0;-2.22;-0.64;-0.15;2.31527536159;-578.12;
25;3040.0;2486.0;7.06;-2.03;1.32;7.46370551402;-576.8;
25;3359.0;3303.0;7.68;-1.86;1.31;8.00987515508;-575.49;
25;3107.0;2236.0;7.99;-1.41;0.79;8.15182801585;-574.7;
25;3093.0;2207.0;8.19;-0.8;-0.01;8.22898535665;-574.71;
25;3088.0;2292.0;10.75;2.42;-5.94;12.5180869145;-580.65;
25;3304.0;2699.0;9.5;6.19;-17.12;20.5343736208;-597.77;
25;3130.0;2398.0;9.02;6.2;-17.72;20.8278371417;-615.49;
25;3025.0;2546.0;8.48;6.84;-20.31;23.0476050817;-635.8;
25;3139.0;2911.0;4.16;4.71;-17.26;18.3683777182;-653.06;
25;3093.0;2239.0;-5.18;3.52;-15.12;16.365732492;-668.18;
25;3396.0;3331.0;-6.44;2.58;-14.46;16.0381295668;-682.64;
25;3257.0;3147.0;-5.84;4.39;-16.05;17.6346307021;-698.69;
25;3025.0;2458.0;-5.6;4.63;-15.3;16.9377359762;-713.99;
25;3388.0;3185.0;-5.66;3.72;-9.23;11.4484453093;-723.22;
25;3161.0;2436.0;-0.49;-2.25;1.65;2.8328607449;-721.57;
25;3050.0;1983.0;1.36;-2.45;2.01;3.44850692329;-719.56;
25;3096.0;2290.0;6.53;-1.97;1.0;6.89360573285;-718.56;
25;3192.0;2993.0;10.48;0.12;-1.89;10.649737086;-720.45;
25;3138.0;3219.0;11.18;1.52;-4.94;12.3169151982;-725.39;
25;3194.0;3009.0;9.9;2.16;-11.29;15.1703559615;-736.68;
25;2985.0;2282.0;3.38;3.83;-23.22;23.7752329116;-759.9;
25;3292.0;3242.0;1.3;2.32;-20.92;21.0883569773;-780.82;
25;3253.0;3118.0;-0.61;2.07;-17.61;17.7417332862;-798.43;
25;3045.0;2115.0;-4.18;2.84;-15.16;15.9801001248;-813.59;
25;3173.0;2464.0;-5.24;2.46;-13.42;14.6152523071;-827.01;
25;3326.0;2813.0;-6.09;1.41;-8.14;10.2633230486;-835.15;
25;3163.0;2457.0;-2.67;-1.66;-0.4;3.16930591771;-835.55;
25;3277.0;2083.0;-1.34;-2.09;0.53;2.53862167327;-835.02;
25;3355.0;2966.0;4.34;-2.22;1.89;5.22839363476;-833.13;
25;2927.0;2031.0;8.62;-0.99;0.0;8.67666410552;-833.13;
25;3381.0;3061.0;8.84;-0.82;-0.13;8.87890195914;-833.26;
25;3102.0;2327.0;7.9;-0.41;-1.25;8.00878267903;0;
25;3243.0;2432.0;8.34;0.11;-2.58;8.73064144264;-2.58;
25;2998.0;2343.0;7.18;1.29;-11.91;13.9665529033;-14.49;
25;3071.0;2231.0;8.94;4.4;-15.28;18.2417652655;-29.77;
25;3222.0;1930.0;8.46;4.19;-14.84;17.5884422278;-44.61;
25;3296.0;3365.0;7.37;4.85;-18.24;20.2617126621;-62.85;
25;3371.0;3028.0;7.5;6.3;-20.97;23.1447812692;-83.82;
25;3250.0;2456.0;2.23;3.43;-16.22;16.7280064562;-100.04;
25;3000.0;2289.0;-0.61;5.11;-15.34;16.1802286758;-115.38;
25;3319.0;3211.0;-1.28;4.92;-15.19;16.0181428387;-130.57;
25;3084.0;2267.0;-2.99;4.34;-14.74;15.6538589492;-145.31;
25;3135.0;2421.0;-3.49;4.11;-14.24;15.2266148569;-159.55;
25;2987.0;2209.0;-5.94;1.33;-5.57;8.25090298089;-165.12;
25;3311.0;2282.0;-1.27;-2.14;0.0;2.48847342763;-165.12;
25;3160.0;2493.0;-0.61;-3.1;0.98;3.3079449814;-164.14;
25;2926.0;1954.0;0.02;-3.51;1.57;3.84517879948;-162.57;
25;3072.0;2527.0;1.38;-3.99;2.35;4.83187334271;-160.22;
25;3365.0;3213.0;8.94;-1.96;0.8;9.18723026815;-159.42;
25;3021.0;2090.0;7.05;-2.49;0.19;7.47921787355;-159.23;
25;3292.0;3247.0;7.91;-0.51;-6.11;10.0080117906;-165.34;
25;3164.0;2303.0;8.29;0.32;-8.27;11.7140684649;-173.61;
25;3312.0;2722.0;9.5;1.7;-12.19;15.5478648052;-185.8;
25;3242.0;2408.0;9.08;2.16;-10.63;14.1459852962;-196.43;
25;3242.0;3116.0;8.25;4.1;-18.29;20.4791747881;-214.72;
25;3080.0;2212.0;7.1;3.21;-16.7;18.4283504416;-231.42;
25;3098.0;2305.0;4.67;2.47;-16.69;17.5061674846;-248.11;
25;3141.0;2449.0;4.07;2.77;-19.1;19.7242946642;-267.21;
25;3166.0;2501.0;4.8;3.95;-21.48;22.3614154293;-288.69;
25;3380.0;2500.0;-4.09;1.62;-10.68;11.5505367841;-299.37;
25;3147.0;2455.0;-4.6;1.39;-9.61;10.7444962655;-308.98;
25;3178.0;2483.0;-6.31;0.76;-7.33;9.70168026684;-316.31;
25;2958.0;2015.0;-6.38;0.49;-6.37;9.02892020122;-322.68;
25;2977.0;2189.0;-3.56;-0.59;-0.72;3.67968748673;-323.4;
25;2974.0;1984.0;4.47;-1.98;3.07;5.77288489405;-320.33;
25;3314.0;3199.0;5.88;-1.8;3.39;7.02185872829;-316.94;
25;2942.0;2026.0;8.9;-0.9;2.49;9.28547790908;-314.45;
25;3252.0;3119.0;9.86;-0.69;2.01;10.0864166085;-312.44;
25;3107.0;2286.0;12.8;0.52;-4.7;13.6455267396;-317.14;
25;3374.0;3207.0;12.1;3.41;-16.67;20.8788649117;-333.81;
25;3085.0;2211.0;12.11;3.85;-18.27;22.2546062648;-352.08;
25;3132.0;2326.0;11.55;5.26;-21.08;24.6056192769;-373.16;
25;3132.0;2437.0;2.54;2.67;-21.04;21.360292601;-394.2;
25;3060.0;2119.0;-2.3;-3.65;-7.11;8.31652571691;-401.31;
25;3369.0;3056.0;-1.85;-2.75;-5.66;6.5590090715;-406.97;
25;3320.0;2739.0;-1.81;-2.05;-3.67;4.57684389072;-410.64;
25;3078.0;2240.0;-1.21;-2.23;-4.98;5.58904285187;-415.62;
25;3170.0;2502.0;4.3;2.51;1.49;5.19713382548;-414.13;
25;3060.0;2219.0;7.97;3.78;0.74;8.85194328947;-413.39;
25;3166.0;2488.0;7.06;3.7;0.8;8.01084265231;-412.59;
25;2932.0;1999.0;6.69;3.76;0.64;7.70086358794;-411.95;
25;3070.0;2538.0;5.18;4.53;-0.71;6.91790430694;-412.66;
25;3139.0;2261.0;3.46;9.98;-15.07;18.4031763563;-427.73;
25;2905.0;1943.0;7.24;8.97;-22.13;24.9522624225;-449.86;
25;3366.0;3389.0;7.1;8.13;-22.04;24.5411593043;-471.9;
25;3312.0;2619.0;6.6;6.32;-20.52;22.462697968;-492.42;
25;3403.0;3329.0;4.75;3.89;-18.35;19.3498604646;-510.77;
25;3148.0;2493.0;1.54;-0.1;-11.74;11.8409965797;-522.51;
25;3318.0;3261.0;1.27;-2.89;-4.25;5.29410049017;-526.76;
25;3151.0;2459.0;1.07;-3.57;-2.95;4.75313580702;-529.71;
25;3127.0;2262.0;1.45;-4.71;3.23;5.89232551715;-526.48;
25;3169.0;2373.0;4.21;1.47;1.77;4.79769736436;-524.71;
25;3081.0;2592.0;2.73;0.52;2.03;3.44154035281;-522.68;
25;3372.0;3229.0;0.79;-1.51;2.4;2.94350131646;-520.28;
25;3410.0;2426.0;0.77;-1.22;1.91;2.39361651064;-518.37;
25;3072.0;2194.0;-0.02;3.05;-7.92;8.48700771768;-526.29;
25;2902.0;1969.0;8.91;10.93;-21.94;26.0809624056;-548.23;
25;3443.0;3373.0;9.15;10.0;-20.26;24.3760148507;-568.49;
25;3065.0;2240.0;9.38;7.75;-15.6;19.7840061666;-584.09;
25;3165.0;2489.0;11.21;6.64;-10.27;16.589954792;-594.36;
25;3092.0;2220.0;17.95;10.94;-6.56;22.0208923525;-600.92;
25;3302.0;2655.0;3.34;4.47;-2.54;6.13091347191;-603.46;
25;3131.0;2406.0;-0.23;2.96;-5.7;6.42685770809;-609.16;
25;2987.0;2326.0;-2.12;2.01;-7.42;7.97439025882;-616.58;
25;3283.0;2533.0;-3.72;1.05;-8.9;9.70313866746;-625.48;
25;3199.0;2446.0;-7.45;-2.14;-14.13;16.116420198;-639.61;
25;3299.0;2642.0;4.39;2.27;-2.09;5.36592023795;-641.7;
25;3079.0;2286.0;15.13;7.88;2.37;17.2228975495;-639.33;
25;3138.0;2423.0;19.28;10.13;2.09;21.879291579;-637.24;
25;3379.0;3267.0;8.11;7.07;-7.12;12.9016045514;-644.36;
25;3239.0;2372.0;-3.32;0.12;-18.72;19.0125011506;-663.08;
25;3348.0;3225.0;-3.39;0.54;-19.23;19.5339857684;-682.31;
25;3306.0;2502.0;-4.03;-1.23;-16.04;16.5841912676;-698.35;
25;3095.0;2323.0;-3.55;-1.98;-13.71;14.2998951045;-712.06;
25;2962.0;1994.0;10.7;7.41;-5.57;14.1570830329;-717.63;
25;3073.0;2219.0;12.62;8.83;-6.33;16.6523932214;-723.96;
25;3036.0;2121.0;11.46;7.79;-5.06;14.7519252981;-729.02;
25;3251.0;3029.0;5.73;3.98;-0.93;7.03833787197;-729.95;
25;3326.0;3178.0;4.21;2.56;0.21;4.9317136981;-729.74;
25;3370.0;2887.0;-0.46;-0.18;-2.2;2.25477271582;-731.94;
25;2976.0;2033.0;-2.87;0.16;-13.98;14.2724524872;-745.92;
25;3257.0;3047.0;-2.67;0.55;-15.96;16.1911395522;-761.88;
25;3340.0;2710.0;-0.82;1.02;-20.44;20.4818553847;-782.32;
25;3069.0;2234.0;-0.51;0.45;-20.63;20.6412087824;-802.95;
25;2764.0;2100.0;11.76;3.01;-12.02;17.0832695934;-814.97;
25;3973.0;4095.0;16.67;7.29;-12.11;21.8560083272;-827.08;
25;4015.0;3875.0;14.44;6.95;-10.19;18.9908451629;-837.27;
25;2956.0;2190.0;12.38;5.88;-7.81;15.7745015769;-845.08;
25;3072.0;2271.0;8.46;4.73;-5.87;11.3314341546;-850.95;
25;3364.0;3151.0;-5.43;2.07;-12.55;13.8301229206;-863.5;
25;3286.0;2430.0;3.94;2.75;-7.96;9.29772552832;-871.46;
25;3074.0;2224.0;-1.78;-0.87;-8.49;8.71810759282;0;
25;3299.0;3088.0;-3.31;-8.12;-4.9;10.0449240913;-4.9;
25;3081.0;2062.0;16.62;10.08;-9.67;21.7103592785;-14.57;
25;3076.0;2521.0;15.78;10.04;-10.14;21.2750934193;-24.71;
25;2715.0;1761.0;8.05;5.54;-8.08;12.6799250786;-32.79;
25;3879.0;3945.0;3.33;2.85;-13.54;14.2317602566;-46.33;
25;3741.0;3865.0;4.05;3.14;-13.04;14.0108422302;-59.37;
25;3523.0;3063.0;6.93;2.47;-6.92;10.1001089103;-66.29;
25;3191.0;2207.0;1.55;-1.15;-3.4;3.90960356046;-69.69;
25;3087.0;2247.0;1.18;0.58;-5.02;5.18933521754;-74.71;
25;3297.0;2597.0;-1.4;-2.21;-4.77;5.44031249102;-79.48;
25;1319.0;487.0;7.54;13.29;-26.72;30.7804174761;-106.2;
25;785.0;0.0;9.7;13.72;-25.48;30.5214481963;-131.68;
25;2094.0;686.0;5.24;5.83;-10.14;12.8166337234;-141.82;
25;3169.0;2466.0;-1.59;-8.43;-3.21;9.15953601445;-145.03;
25;2744.0;1699.0;-0.05;-8.7;-2.98;9.19635253783;-148.01;
25;3328.0;852.0;7.63;-1.11;-4.76;9.06126922677;-152.77;
25;1161.0;1010.0;1.59;0.39;-17.19;17.267782139;-169.96;
25;1359.0;3664.0;2.41;0.87;-17.83;18.0131590789;-187.79;
25;4095.0;4095.0;3.33;1.57;-18.09;18.4608206751;-205.88;
25;4095.0;4095.0;6.44;4.23;-17.81;19.405220947;-223.69;
25;605.0;0.0;10.39;6.77;-9.83;15.8244715552;-233.52;
25;4083.0;4095.0;1.13;5.64;-9.7;11.2772558719;-243.22;
25;4095.0;4095.0;1.63;6.76;-10.92;12.9460766258;-254.14;
25;905.0;803.0;2.66;8.69;-12.85;15.7389389731;-266.99;
25;2300.0;1419.0;1.71;8.93;-12.91;15.7904116476;-279.9;
25;2224.0;3819.0;-1.34;0.19;-5.09;5.26685864629;-284.99;
25;135.0;180.0;-4.12;-9.68;-5.07;11.6782575755;-290.06;
25;4095.0;4095.0;-4.1;-9.42;-5.09;11.4653608753;-295.15;
25;422.0;7.0;-1.6;-6.79;-4.54;8.32320250865;-299.69;
25;565.0;455.0;2.27;-2.63;-5.08;6.15436430511;-304.77;
25;4094.0;4095.0;11.43;10.33;-17.27;23.1431782606;-322.04;
25;3514.0;77.0;-1.25;-5.18;-10.24;11.5435046671;-332.28;
25;2178.0;1605.0;-1.64;-5.55;-10.18;11.7100170794;-342.46;
25;0.0;2165.0;5.48;-1.27;-5.57;7.9163249049;-348.03;
25;2597.0;338.0;12.34;6.46;-4.11;14.5223723957;-352.14;
25;4095.0;4095.0;11.56;7.54;-4.43;14.4951750593;-356.57;
25;1899.0;3916.0;4.41;8.58;-4.51;10.6491595913;-361.08;
25;4095.0;3778.0;-4.87;9.39;-13.5;17.1504810428;-374.58;
25;4095.0;4095.0;-3.86;5.4;-9.91;11.9276024414;-384.49;
25;4095.0;4095.0;2.66;0.23;-4.86;5.54509693333;-389.35;
25;4095.0;1262.0;3.25;3.49;-11.39;12.3480646257;-400.74;
25;2363.0;1885.0;6.58;5.64;-13.32;15.8911421868;-414.06;
25;0.0;0.0;7.29;5.87;-13.66;16.5588828126;-427.72;
25;4095.0;4095.0;5.2;2.33;-12.74;13.9562351657;-440.46;
25;304.0;0.0;-2.11;-6.34;-9.54;11.6472872378;-450.0;
25;4078.0;4095.0;6.66;5.44;-13.02;15.6035124251;-463.02;
25;4092.0;838.0;6.16;5.11;-11.9;14.3411192032;-474.92;
25;2115.0;1837.0;5.59;4.29;-10.25;12.4384363969;-485.17;
25;2301.0;1882.0;5.59;3.56;-8.42;10.7153208071;-493.59;
25;0.0;0.0;10.84;7.47;-3.65;13.6612224929;-497.24;
25;1163.0;1578.0;2.12;5.31;-2.94;6.42916013177;-500.18;
25;0.0;0.0;0.58;4.32;-3.56;5.62782373569;-503.74;
25;4095.0;4095.0;-0.67;3.51;-3.93;5.31167581842;-507.67;
25;4095.0;4095.0;-1.11;1.88;-4.6;5.09180714482;-512.27;
25;4095.0;4095.0;2.51;1.47;-7.69;8.22174555675;-519.96;
25;0.0;0.0;10.48;10.61;-17.27;22.8178745724;-537.23;
25;4095.0;4095.0;9.57;9.83;-17.59;22.3074404628;-554.82;
25;1793.0;0.0;6.07;5.5;-16.38;18.313910014;-571.2;
25;0.0;0.0;5.23;4.16;-15.57;16.9435356405;-586.77;
25;24.0;1771.0;3.98;-1.3;-8.04;9.0648772744;-594.81;
25;157.0;108.0;0.71;-4.31;-3.59;5.65405164462;-598.4;
25;1511.0;1105.0;0.68;-0.49;-5.14;5.20788824765;-603.54;
25;420.0;0.0;-0.09;3.31;-5.92;6.78311138048;-609.46;
25;0.0;0.0;4.29;13.31;-14.83;20.3835497399;-624.29;
25;0.0;0.0;4.06;12.29;-13.09;18.4085795215;-637.38;
25;2989.0;766.0;4.12;3.81;-3.45;6.58733633573;-640.83;
25;2203.0;1676.0;-0.05;1.62;-7.23;7.40943992485;-648.06;
25;1512.0;4095.0;2.01;3.91;-9.89;10.8231372531;-657.95;
25;3694.0;668.0;2.71;4.81;-10.75;12.084812783;-668.7;
25;4095.0;4095.0;7.16;7.73;-14.24;17.714290841;-682.94;
25;3209.0;2639.0;0.14;-5.43;-6.47;8.44780444849;-689.41;
25;3167.0;2487.0;0.01;-5.8;-6.57;8.76384618761;-695.98;
25;3060.0;2203.0;-0.44;-5.26;-6.79;8.60030813401;-702.77;
25;3048.0;2155.0;-0.61;-4.15;-8.65;9.613381299;-711.42;
25;3079.0;2229.0;1.35;-2.26;-10.91;11.2231100859;-722.33;
25;3112.0;2325.0;2.05;-1.38;-9.72;10.0292223029;-732.05;
25;3096.0;2331.0;8.5;5.36;-11.09;14.9655504409;-743.14;
25;3164.0;2334.0;9.01;5.89;-10.61;15.1143739533;-753.75;
25;3156.0;2453.0;9.52;6.24;-10.35;15.3847489417;-764.1;
25;3160.0;2462.0;8.02;5.96;-8.38;13.0409508856;-772.48;
25;3199.0;2863.0;2.71;9.05;-12.68;15.8123053348;-785.16;
25;1628.0;639.0;-6.17;6.34;-10.07;13.404081468;-795.23;
25;1068.0;454.0;-7.79;5.99;-10.76;14.5719525116;-805.99;
25;4095.0;4095.0;-6.81;-1.18;-3.08;7.5666967694;-809.07;
25;0.0;2292.0;5.17;3.07;-9.73;11.4379499911;-818.8;
25;4086.0;1222.0;5.78;3.53;-10.88;12.8157598292;-829.68;
25;0.0;1161.0;6.49;4.16;-13.59;15.6241415764;-843.27;
25;601.0;353.0;7.03;3.67;-14.17;16.2381864751;-857.44;
25;0.0;2918.0;2.42;0.2;-13.91;14.1203576442;-871.35;
25;0.0;0.0;2.37;-0.46;-12.75;12.9765557834;-884.1;
25;1818.0;1231.0;2.14;-1.03;-11.35;11.5958182118;-895.45;
25;316.0;0.0;1.93;-1.77;-9.88;10.2211643172;-905.33;
25;4095.0;4095.0;2.62;-2.14;-3.83;5.11007827729;-909.16;
25;4095.0;4095.0;2.0;2.1;-2.36;3.73893032832;-911.52;
25;4095.0;4054.0;2.04;2.97;-2.75;4.53265926361;-914.27;
25;1102.0;570.0;1.35;5.69;-5.67;8.14539747342;-919.94;
25;1255.0;325.0;-1.84;7.7;-12.73;14.9909472683;-932.67;
25;4081.0;4090.0;-1.06;-6.84;-7.09;9.90844589227;-939.76;
25;4095.0;1229.0;-0.51;-6.05;-7.32;9.51025762006;-947.08;
25;4095.0;4095.0;1.16;-2.25;-9.99;10.3057362668;0;
25;4095.0;4095.0;2.44;0.34;-11.68;11.9369845438;-11.68;
25;4095.0;2367.0;8.84;10.0;-16.16;20.9592747966;-27.84;
25;4095.0;4095.0;2.21;8.97;-10.23;13.7839725769;-38.07;
25;44.0;15.0;1.24;6.99;-7.8;10.5469284628;-45.87;
25;4095.0;4095.0;0.2;3.86;-5.24;6.5113132316;-51.11;
25;2509.0;1114.0;0.23;3.06;-5.09;5.94345017645;-56.2;
25;4095.0;4095.0;0.3;-2.82;-1.96;3.44731779794;-58.16;
25;3147.0;1047.0;2.0;3.17;-9.96;10.6419218189;-68.12;
25;1120.0;180.0;4.37;8.37;-17.7;20.061001969;-85.82;
25;506.0;0.0;5.06;8.26;-19.95;22.1773240045;-105.77;
25;2060.0;1123.0;3.31;-7.31;2.01;8.27238176102;-103.76;
25;1254.0;237.0;1.99;-8.95;3.68;9.87952428005;-100.08;
25;750.0;386.0;4.47;4.62;-12.33;13.9051860829;-112.41;
25;109.0;3344.0;5.42;9.23;-21.66;24.1603994172;-134.07;
25;4095.0;0.0;6.84;6.58;-14.57;17.388700354;-148.64;
25;4095.0;3383.0;6.9;2.6;-7.13;10.2570414838;-155.77;
25;1200.0;607.0;4.92;-1.56;-3.45;6.20826062597;-159.22;
25;99.0;0.0;-5.41;-11.1;1.31;12.4174957218;-157.91;
25;0.0;0.0;14.74;12.66;-24.08;30.9417129455;-181.99;
25;4095.0;4095.0;15.65;12.73;-25.21;32.2880705525;-207.2;
25;4095.0;4095.0;13.71;9.43;-18.68;25.0166224739;-225.88;
25;2359.0;422.0;4.82;2.02;-3.73;6.42072425821;-229.61;
25;0.0;19.0;13.98;12.33;-20.51;27.7151474829;-250.12;
25;4095.0;4095.0;14.39;12.37;-21.74;28.8568293477;-271.86;
25;4095.0;4095.0;14.74;12.0;-22.6;29.5301134437;-294.46;
25;1423.0;0.0;12.6;8.95;-18.56;24.1523518524;-313.02;
25;1604.0;1317.0;-8.93;-12.71;2.93;15.8074001657;-310.09;
25;4095.0;4095.0;13.24;10.96;-17.38;24.4434776576;-327.47;
25;1564.0;0.0;13.16;10.52;-17.48;24.2776934654;-344.95;
25;4095.0;4095.0;6.67;3.91;-9.58;12.3107026607;-354.53;
25;0.0;0.0;-10.77;-14.39;5.18;18.7055446325;-349.35;
25;4095.0;4095.0;6.03;2.15;-5.84;8.66539093175;-355.19;
25;0.0;0.0;2.33;-7.03;4.78;8.81465824635;-350.41;
25;82.0;0.0;2.33;-7.03;4.78;8.81465824635;-345.63;
25;0.0;0.0;10.47;16.0;-23.15;30.0257123146;-368.78;
25;4095.0;3365.0;-26.97;-21.98;2.77;34.9023523563;-366.01;
25;772.0;463.0;-25.63;-19.54;1.15;32.2495116242;-364.86;
25;2221.0;1706.0;-18.86;-14.78;0.65;23.9702002495;-364.21;
25;0.0;0.0;27.08;17.36;-21.39;38.6293683614;-385.6;
25;1177.0;960.0;-16.14;-7.96;-3.58;18.348776526;-389.18;
25;0.0;0.0;8.98;9.61;-9.79;16.3962373733;-398.97;
25;4095.0;4095.0;20.25;13.56;-9.68;26.2228621626;-408.65;
25;3206.0;696.0;36.19;19.67;-18.55;45.174412005;-427.2;
25;4095.0;4095.0;20.97;12.73;-10.23;26.5790650701;-437.43;
25;8.0;0.0;37.52;21.76;-21.44;48.3830714197;-458.87;
25;1932.0;1032.0;39.2;22.99;-21.27;50.1756215706;-480.14;
25;2014.0;1112.0;36.76;21.15;-19.67;46.7496417099;-499.81;
25;1253.0;0.0;-38.13;-22.17;2.52;44.1786849057;-497.29;
25;906.0;376.0;36.27;22.02;-18.05;46.1106907344;-515.34;
25;0.0;0.0;23.43;17.27;-14.25;32.4080283263;-529.59;
25;4023.0;4095.0;-30.6;-15.66;0.18;34.3748163631;-529.41;
25;4025.0;4095.0;-39.22;-22.84;-1.17;45.4009129864;-530.58;
25;945.0;396.0;32.35;19.53;-14.93;40.6306325326;-545.51;
25;147.0;2915.0;-39.22;-21.93;-1.85;44.9728340223;-547.36;
25;2925.0;4095.0;-38.52;-22.52;-2.53;44.6916289701;-549.89;
25;1.0;0.0;34.86;19.78;-16.95;43.517473502;-566.84;
25;0.0;0.0;-36.57;-19.26;1.43;41.3564674507;-565.41;
25;71.0;0.0;-37.38;-21.69;-0.33;43.2183919183;-565.74;
25;0.0;0.0;-30.44;-16.08;-1.54;34.4605803782;-567.28;
25;4095.0;4095.0;39.22;24.51;-22.94;51.6254985448;-590.22;
25;2213.0;592.0;-39.22;-25.34;2.39;46.7550649663;-587.83;
25;3712.0;4095.0;0.35;4.15;-2.8;5.01846590105;-590.63;
25;1567.0;0.0;0.35;4.15;-2.8;5.01846590105;-593.43;
25;365.0;0.0;29.95;16.66;-13.89;36.9795916689;-607.32;
25;2085.0;979.0;-0.57;6.11;-8.02;10.0983860097;-615.34;
25;4095.0;4095.0;24.37;14.89;-12.88;31.3289546586;-628.22;
25;2269.0;248.0;39.22;22.0;-22.78;50.4096895448;-651.0;
25;0.0;0.0;39.18;22.95;-24.93;51.8003841685;-675.93;
25;1689.0;958.0;36.0;21.03;-22.06;47.1688933514;-697.99;
25;738.0;420.0;-35.96;-15.56;1.78;39.2224884473;-696.21;
25;0.0;0.0;38.39;23.02;-21.46;49.6411532904;-717.67;
25;4095.0;4095.0;27.98;18.96;-17.36;37.9964682569;-735.03;
25;165.0;11.0;-30.94;-12.84;1.01;33.5137180868;-734.02;
25;0.0;2531.0;39.21;23.53;-23.19;51.2724204617;-757.21;
25;4095.0;4095.0;-22.69;-6.02;0.86;23.490766271;-756.35;
25;4095.0;4095.0;-20.31;-7.08;-0.22;21.5097861449;-756.57;
25;1394.0;0.0;9.75;11.71;-10.67;18.6020294592;-767.24;
25;183.0;0.0;-14.05;-0.88;-2.64;14.3229361515;-769.88;
25;17.0;0.0;-19.56;-8.09;0.94;21.1878573716;-768.94;
25;3770.0;4095.0;32.11;19.49;-21.22;43.1416341832;-790.16;
25;4095.0;4095.0;-21.2;-7.93;0.05;22.634650428;-790.11;
25;1504.0;838.0;-27.83;-15.39;-0.85;31.8132598141;-790.96;
25;4095.0;1379.0;28.89;16.39;-20.41;38.9850266128;-811.37;
25;1011.0;285.0;3.88;4.91;-7.19;9.5319777591;-818.56;
25;0.0;0.0;-12.53;-4.04;-1.52;13.2526563375;-820.08;
25;4095.0;4095.0;-25.43;-12.93;1.75;28.5820275698;-818.33;
25;147.0;0.0;11.22;9.12;-11.76;18.6376071425;-830.09;
25;5.0;2158.0;-11.23;-3.14;-2.68;11.9647356845;-832.77;
25;4095.0;424.0;-33.97;-18.43;1.56;38.6789270792;-831.21;
25;945.0;211.0;-37.61;-22.37;2.1;43.8102613551;-829.11;
25;569.0;7.0;-31.39;-16.64;0.41;35.5301252461;-828.7;
25;0.0;0.0;33.57;15.91;-22.79;43.5827615004;-851.49;
25;4095.0;4095.0;-23.87;-15.1;0.15;28.2455199988;-851.34;
25;4095.0;4095.0;-21.64;-12.65;-0.83;25.0798923443;-852.17;
25;1381.0;0.0;2.61;2.23;-8.22;8.90805253689;-860.39;
25;1164.0;0.0;10.38;6.31;-11.81;16.9421545265;-872.2;
25;2144.0;1315.0;0.82;0.57;-11.03;11.0751162522;-883.23;
25;4095.0;4095.0;-5.22;-6.62;1.5;8.56287334952;-881.73;
25;235.0;0.0;-2.25;-3.68;-0.76;4.37978309965;-882.49;
25;1280.0;0.0;5.17;6.29;-9.9;12.8180731781;0;
25;1903.0;1293.0;9.97;8.69;-22.94;26.4794373052;-22.94;
25;0.0;0.0;4.13;2.73;-11.46;12.483645301;-34.4;
25;2082.0;1355.0;7.46;4.71;-14.97;17.3763229712;-49.37;
25;1750.0;1199.0;8.18;6.48;-18.93;21.6159131197;-68.3;
25;3571.0;4095.0;-1.87;-2.07;-2.05;3.46183477364;-70.35;
25;0.0;0.0;1.85;10.7;-32.69;34.4463147521;-103.04;
25;1695.0;653.0;-1.95;9.53;-34.04;35.4026128979;-137.08;
25;2.0;2280.0;-3.22;10.13;-37.26;38.7465211342;-174.34;
25;4095.0;4095.0;2.7;11.2;-32.51;34.491014772;-206.85;
25;0.0;0.0;-5.86;-15.74;22.34;27.9492897942;-184.51;
25;4095.0;4095.0;2.93;16.13;-39.3;42.5822944426;-223.81;
25;1345.0;0.0;4.69;17.58;-39.3;43.3075339866;-263.11;
25;1921.0;1127.0;8.15;18.46;-39.29;44.1689732731;-302.4;
25;190.0;0.0;10.45;16.1;-33.04;38.2106542734;-335.44;
25;0.0;442.0;-18.68;-21.09;24.42;37.2836009527;-311.02;
25;4095.0;4095.0;19.97;20.05;-39.3;48.4282293709;-350.32;
25;344.0;0.0;19.59;20.21;-38.99;48.0877562379;-389.31;
25;0.0;0.0;13.83;16.63;-24.91;32.989906032;-414.22;
25;2.0;0.0;-0.28;3.34;2.04;3.92372272211;-412.18;
25;2313.0;278.0;-6.22;3.49;-4.23;8.29224939326;-416.41;
25;4095.0;4095.0;6.9;10.92;-16.16;20.6882092023;-432.57;
25;0.0;0.0;-5.31;-8.03;17.29;19.7894188899;-415.28;
25;4095.0;4095.0;-11.25;-5.17;2.09;12.5562534221;-413.19;
25;1626.0;888.0;8.86;9.44;-10.38;16.5939024946;-423.57;
25;128.0;0.0;1.73;-2.18;14.27;14.5388513989;-409.3;
25;4095.0;4095.0;-8.83;-18.22;26.88;33.6522168661;-382.42;
25;1005.0;0.0;-8.23;5.12;-15.38;18.1794306842;-397.8;
25;2165.0;1346.0;7.02;7.42;-10.17;14.4140799221;-407.97;
25;0.0;0.0;-2.51;-4.78;13.8;14.8185188194;-394.17;
25;4095.0;4095.0;-8.72;-18.45;28.52;35.0689506544;-365.65;
25;0.0;0.0;-9.59;-20.92;31.22;38.7853438814;-334.43;
25;2346.0;2364.0;1.08;16.02;-39.3;42.4534662896;-373.73;
25;4095.0;4095.0;-9.97;-16.63;28.35;34.346474346;-345.38;
25;0.0;0.0;-12.28;-19.54;29.74;37.6440911698;-315.64;
25;1683.0;422.0;-13.62;-19.99;30.78;39.1473230247;-284.86;
25;0.0;0.0;-10.63;-10.03;18.68;23.7179299265;-266.18;
25;1395.0;0.0;13.84;18.25;-39.28;45.470061579;-305.46;
25;0.0;0.0;-19.76;-24.01;31.75;44.4409743368;-273.71;
25;4048.0;4095.0;-20.66;-22.32;30.92;43.3712393182;-242.79;
25;1021.0;0.0;17.0;19.49;-39.28;47.0295492217;-282.07;
25;1219.0;0.0;-15.6;-22.09;30.23;40.5608308593;-251.84;
25;4095.0;4095.0;-16.44;-22.73;30.16;41.1892231051;-221.68;
25;4095.0;4095.0;-13.44;-15.25;24.76;32.0351947083;-196.92;
25;0.0;0.0;3.56;15.25;-37.43;40.5738955487;-234.35;
25;153.0;0.0;-15.53;-22.57;31.02;41.386304498;-203.33;
25;75.0;0.0;-16.5;-23.17;31.64;42.5463100633;-171.69;
25;1814.0;492.0;-15.33;-19.96;30.69;39.6898803223;-141.0;
25;4095.0;4095.0;-4.44;-2.03;6.39;8.04155457608;-134.61;
25;4095.0;4095.0;14.06;18.08;-38.59;44.8749161559;-173.2;
25;0.0;0.0;-13.1;-13.99;22.53;29.5792325796;-150.67;
25;4095.0;0.0;-5.15;7.78;-11.45;14.7700169262;-162.12;
25;4095.0;4095.0;17.07;20.14;-39.3;47.3444241701;-201.42;
25;4095.0;0.0;-16.07;-17.31;26.91;35.8054339451;-174.51;
25;0.0;0.0;-6.9;-0.44;0.94;6.97762137121;-173.57;
25;0.0;0.0;17.29;19.33;-39.3;47.0859108439;-212.87;
25;2506.0;2459.0;-18.44;-24.88;32.78;45.0951926484;-180.09;
25;1582.0;2145.0;-18.52;-22.08;30.77;42.1581510505;-149.32;
25;1418.0;1394.0;12.73;18.67;-39.3;45.3333409314;-188.62;
25;4.0;0.0;-13.37;-16.29;25.27;32.9043143068;-163.35;
25;4095.0;4095.0;-15.24;-20.57;28.36;38.2056553405;-134.99;
25;951.0;2555.0;-17.83;-22.12;28.52;40.2565982169;-106.47;
25;2603.0;2673.0;-4.31;4.32;-8.23;10.2455551338;-114.7;
25;678.0;4095.0;-14.46;-17.16;24.83;33.4676874014;-89.87;
25;3.0;0.0;-17.93;-21.92;28.22;39.9792408632;-61.65;
25;4095.0;4095.0;-14.23;-13.87;20.5;28.5503029756;-41.15;
25;4095.0;4095.0;-5.8;0.53;-0.06;5.8244742252;-41.21;
25;718.0;648.0;15.72;17.02;-39.3;45.6211442206;-80.51;
25;4095.0;4095.0;-16.22;-19.11;27.01;36.8486173418;-53.5;
25;4095.0;4095.0;-7.59;-4.47;7.42;11.5171784739;-46.08;
25;0.0;0.0;-5.3;1.82;-2.87;6.29597490465;-48.95;
25;39.0;0.0;10.58;15.23;-39.27;43.4283570953;-88.22;
25;1225.0;0.0;-9.86;-10.4;15.93;21.4276573615;-72.29;
25;4095.0;4095.0;-2.72;3.85;-6.75;8.23306747209;-79.04;
25;0.0;0.0;-1.74;7.13;-15.51;17.1588053197;-94.55;
25;453.0;896.0;0.02;11.22;-26.18;28.4829984377;-120.73;
25;1725.0;294.0;12.38;16.5;-39.3;44.384731609;-160.03;
25;4095.0;4095.0;-4.97;1.23;-0.85;5.19001926779;-160.88;
25;0.0;0.0;2.69;12.01;-34.07;36.2248685298;-194.95;
25;668.0;551.0;5.77;13.56;-39.3;41.9720919183;-234.25;
25;1643.0;408.0;-0.61;6.15;-2.47;6.65548645855;-236.72;
25;363.0;0.0;0.61;11.86;-26.58;29.1123358733;-263.3;
25;4095.0;4095.0;0.61;11.86;-26.58;29.1123358733;-289.88;
25;1104.0;0.0;8.3;14.65;-39.3;42.7551458891;-329.18;
25;475.0;14.0;-1.38;3.01;1.67;3.70855767112;-327.51;
25;1450.0;201.0;-4.75;5.81;-12.46;14.5454528977;-339.97;
25;4095.0;4095.0;2.14;12.95;-32.78;35.3102039077;-372.75;
25;4095.0;4095.0;10.42;15.14;-39.3;43.3853200979;-412.05;
25;0.0;0.0;14.84;17.09;-39.3;45.3517772529;-451.35;
25;3605.0;4059.0;-15.91;-22.36;24.76;36.9615381173;-426.59;
25;0.0;0.0;6.22;13.2;-37.21;39.9688941553;-463.8;
25;4095.0;4095.0;11.88;15.35;-39.28;43.8140993289;-503.08;
25;0.0;0.0;14.49;16.79;-39.3;45.1259814298;-542.38;
25;2182.0;1387.0;13.71;16.28;-38.32;43.8340609572;-580.7;
25;0.0;0.0;-16.18;-24.49;23.71;37.7321692989;-556.99;
25;1657.0;394.0;11.29;15.8;-39.28;43.8180613446;-596.27;
25;0.0;0.0;10.88;15.66;-39.07;43.4749916619;-635.34;
25;1810.0;1395.0;-12.3;-19.59;20.54;30.9346036018;-614.8;
25;1728.0;470.0;7.16;13.54;-39.3;42.1792271148;-654.1;
25;4095.0;4095.0;8.41;14.09;-39.29;42.578871521;-693.39;
25;0.0;0.0;-5.19;-5.37;9.85;12.3610476902;0;
24;0.0;0.0;-2.95;8.01;-15.12;17.3630930424;-15.12;
24;0.0;0.0;-1.21;11.33;-24.37;26.9022285322;-39.49;
24;0.0;0.0;7.13;13.51;-39.3;42.1645230022;-78.79;
24;4095.0;4095.0;9.56;14.27;-39.29;42.8804221061;-118.08;
24;0.0;0.0;-7.01;-8.48;13.82;17.664736058;-104.26;
24;0.0;0.0;-1.88;11.01;-20.07;22.9686612583;-124.33;
24;4095.0;4095.0;5.81;13.9;-39.3;42.0886694967;-163.63;
24;0.0;0.0;9.23;14.64;-39.3;42.9419666527;-202.93;
24;2087.0;1625.0;11.98;15.83;-39.3;44.0295275923;-242.23;
24;1502.0;1586.0;-3.22;4.92;-2.96;6.58303881198;-245.19;
24;0.0;0.0;7.86;13.7;-39.3;42.3551602523;-284.49;
24;4095.0;4095.0;9.14;14.11;-39.28;42.726456675;-323.77;
24;0.0;0.0;9.27;14.24;-37.04;40.7513447631;-360.81;
24;0.0;0.0;6.06;12.73;-29.51;32.7049935025;-390.32;
24;1828.0;683.0;-13.51;-22.6;24.23;35.7823000938;-366.09;
24;0.0;0.0;8.54;14.03;-39.29;42.5849339556;-405.38;
24;4095.0;4095.0;9.49;14.36;-39.3;42.904075564;-444.68;
24;0.0;0.0;4.42;12.08;-27.28;30.1605901799;-471.96;
24;2090.0;1196.0;-13.34;-23.56;23.2;35.654862221;-448.76;
24;1382.0;0.0;9.67;14.97;-39.29;43.1429472799;-488.05;
24;791.0;1016.0;8.51;14.41;-37.45;41.0191504056;-525.5;
24;1177.0;0.0;2.62;11.46;-23.01;25.8390421649;-548.51;
24;0.0;0.0;-1.81;8.5;-11.51;14.4224200466;-560.02;
24;0.0;2571.0;-4.08;-1.64;0.71;4.45422271558;-559.31;
24;0.0;0.0;8.69;13.52;-37.12;40.4499802225;-596.43;
24;1007.0;887.0;-0.69;7.77;-16.99;18.6951624759;-613.42;
24;0.0;0.0;-9.1;-6.78;8.68;14.2870850771;-604.74;
24;0.0;3125.0;-11.8;-15.27;21.28;28.7271874711;-583.46;
24;4095.0;925.0;3.55;9.96;-19.7;22.3583116536;-603.16;
24;1792.0;558.0;-8.25;-6.03;6.81;12.2800447882;-596.35;
24;0.0;0.0;-12.44;-23.27;22.33;34.5669697833;-574.02;
24;898.0;447.0;5.11;10.97;-13.37;18.0335770162;-587.39;
24;2049.0;1043.0;-11.33;-16.2;16.25;25.5904552519;-571.14;
24;2059.0;1067.0;-12.35;-22.18;22.61;33.9953967472;-548.53;
24;0.0;0.0;0.72;2.27;-2.63;3.54798534383;-551.16;
24;2247.0;1532.0;-4.1;6.91;-11.13;13.7271628533;-562.29;
24;2119.0;92.0;-6.29;-9.97;13.3;17.772309923;-548.99;
24;3441.0;4095.0;-8.99;-22.74;24.81;34.8348073053;-524.18;
24;2192.0;1342.0;-0.91;6.0;-7.82;9.89850998888;-532.0;
24;15.0;0.0;-9.52;4.09;-10.22;14.5535871867;-542.22;
24;4095.0;4095.0;-5.7;-20.87;24.74;32.8650954662;-517.48;
24;0.0;0.0;-3.59;-23.83;30.1;38.5586177138;-487.38;
24;615.0;130.0;-2.31;-20.76;28.74;35.5288798022;-458.64;
24;962.0;514.0;-0.55;14.28;-39.3;41.8175907962;-497.94;
24;336.0;0.0;0.06;-23.71;30.22;38.4111455179;-467.72;
24;0.0;2657.0;-1.14;-23.35;32.42;39.9697197889;-435.3;
24;4095.0;4095.0;0.81;-8.83;17.13;19.288906138;-418.17;
24;3537.0;395.0;-6.01;7.71;-12.03;15.5011322167;-430.2;
24;2076.0;1225.0;4.31;14.96;-35.23;38.5166275782;-465.43;
24;2105.0;1204.0;-9.24;-5.03;5.01;11.6524074766;-460.42;
24;3641.0;4095.0;-14.07;6.5;-19.95;25.2629649883;-480.37;
24;1126.0;962.0;5.82;16.54;-38.65;42.4413300923;-519.02;
24;0.0;0.0;-9.04;-5.77;5.27;11.9493681841;-513.75;
24;625.0;211.0;-10.66;6.59;-17.35;21.402948395;-531.1;
24;1011.0;0.0;5.18;16.71;-39.0;42.7440814616;-570.1;
24;0.0;0.0;-6.74;-13.7;21.19;26.1176894078;-548.91;
24;0.0;0.0;-3.73;13.33;-27.77;31.0286109905;-576.68;
24;339.0;0.0;4.81;17.06;-39.3;43.1122917507;-615.98;
24;1401.0;3.0;-4.86;2.73;-1.39;5.7449630112;-617.37;
24;2197.0;140.0;-3.99;10.23;-18.35;21.384468663;-635.72;
24;0.0;0.0;3.68;16.33;-39.21;42.6337354685;-674.93;
24;89.0;700.0;-6.64;-19.8;26.45;33.7006246233;-648.48;
24;376.0;0.0;-7.48;8.22;-14.93;18.6124608797;-663.41;
24;4095.0;4095.0;-7.2;10.35;-25.78;28.6979250121;-689.19;
24;2268.0;0.0;-3.43;13.35;-39.29;41.6376212097;-728.48;
24;4095.0;2090.0;-7.61;-0.7;0.74;7.6778707986;-727.74;
24;1483.0;128.0;-11.93;4.3;-13.2;18.30450491;-740.94;
24;389.0;201.0;-10.75;8.82;-39.3;41.6874669415;-780.24;
24;1103.0;474.0;-3.96;12.24;-39.3;41.3520156703;-819.54;
24;114.0;0.0;1.18;11.18;-24.32;26.7926706396;-843.86;
24;4095.0;4095.0;-12.14;9.18;-39.03;41.892635391;-882.89;
24;26.0;0.0;-9.24;11.04;-39.3;41.8539030438;-922.19;
24;0.0;0.0;0.42;13.64;-37.73;40.1220500473;-959.92;
24;1825.0;515.0;2.04;13.38;-30.25;33.1398325282;-990.17;
24;0.0;0.0;3.08;-0.67;8.99;9.52656286391;-981.18;
24;4095.0;4095.0;-5.42;12.02;-39.29;41.4434663126;-1020.47;
24;1128.0;91.0;-2.43;13.03;-39.3;41.4750021097;-1059.77;
24;608.0;0.0;1.48;13.61;-30.21;33.1672519211;-1089.98;
24;4095.0;4095.0;2.08;11.63;-21.14;24.2174090274;-1111.12;
24;4095.0;4095.0;-0.94;-9.42;16.95;19.4144920098;-1094.17;
24;4095.0;2205.0;-4.32;11.48;-39.28;41.1505917333;-1133.45;
24;1722.0;323.0;-2.37;11.52;-39.28;41.002996232;-1172.73;
24;1120.0;91.0;-2.73;10.45;-26.62;28.7276835126;-1199.35;
24;1701.0;537.0;-3.77;0.8;4.93;6.25761935563;-1194.42;
24;454.0;0.0;0.41;-13.48;21.11;25.0501616761;-1173.31;
24;3979.0;4095.0;-3.49;10.65;-37.93;39.5510745745;-1211.24;
24;4095.0;4095.0;-3.76;9.61;-29.05;30.8284316825;-1240.29;
24;938.0;46.0;-3.96;7.8;-17.21;19.3055872742;-1257.5;
24;1732.0;528.0;0.31;-5.48;13.98;15.0188847788;-1243.52;
24;3055.0;2011.0;-1.54;4.9;-3.74;6.35367610128;-1247.26;
24;4095.0;4095.0;-3.41;10.53;-30.19;32.1550167159;-1277.45;
24;3.0;248.0;-1.99;-4.72;11.33;12.4341224057;-1266.12;
24;2251.0;942.0;-1.75;2.28;-0.13;2.87711661217;-1266.25;
24;960.0;3533.0;-2.29;12.3;-35.29;37.4421981192;-1301.54;
24;1431.0;0.0;-3.11;11.35;-26.77;29.2425631572;-1328.31;
24;1422.0;494.0;-4.14;4.54;-3.26;6.95548704262;-1331.57;
24;1279.0;41.0;-3.6;-9.76;16.57;19.5648281362;-1315.0;
24;2135.0;972.0;-0.41;5.95;-5.99;8.45285158985;-1320.99;
24;1812.0;157.0;-6.21;3.97;-3.24;8.05124835041;-1324.23;
24;0.0;0.0;-5.29;-1.7;8.09;9.8143873981;0;
24;4095.0;4095.0;-2.95;-9.08;15.8;18.4604685748;15.8;
24;14.0;0.0;-0.64;-25.03;30.55;39.4995316428;46.35;
24;2916.0;2062.0;-7.23;10.53;-32.98;35.3671344612;13.37;
24;3706.0;4095.0;-5.32;-0.45;6.44;8.36531529591;19.81;
24;1916.0;33.0;-3.25;-8.96;16.48;19.0377125727;36.29;
24;685.0;84.0;0.11;-24.49;31.56;39.9475380969;67.85;
24;1041.0;305.0;-2.09;-13.2;20.02;24.0709056747;87.87;
24;0.0;1.0;-5.09;6.04;-3.79;8.76092460874;84.08;
24;4095.0;4095.0;-2.17;-10.12;20.42;22.8932238883;104.5;
24;106.0;4095.0;-0.75;-26.29;33.06;42.2455938531;137.56;
24;3124.0;2364.0;-6.26;7.42;-14.12;17.1352969043;123.44;
24;4095.0;4095.0;-4.16;5.57;0.1;6.95273327548;123.54;
24;863.0;221.0;-3.33;-1.3;12.45;12.9530459738;135.99;
24;2556.0;1529.0;-2.35;-11.64;23.96;26.7412359475;159.95;
24;1510.0;339.0;-2.1;-27.44;35.97;45.2902252147;195.92;
24;3211.0;3028.0;-10.36;9.82;-38.16;40.7424545161;157.76;
24;4095.0;4095.0;-3.44;2.14;7.23;8.28770776512;164.99;
24;683.0;0.0;-3.6;-4.82;15.17;16.3193535411;180.16;
24;1561.0;979.0;-1.31;-24.64;32.16;40.5353092994;212.32;
24;1861.0;1234.0;-2.93;-24.6;31.84;40.3426635214;244.16;
24;3120.0;2378.0;-5.76;10.77;-39.3;41.154106721;204.86;
24;1548.0;338.0;-2.08;-18.69;26.76;32.7068815389;231.62;
24;1885.0;576.0;-2.12;-24.12;31.17;39.4694527451;262.79;
24;4095.0;4095.0;-3.43;-25.22;32.02;40.9034680681;294.81;
24;3122.0;2397.0;-7.39;9.42;-35.78;37.7300530082;259.03;
24;316.0;0.0;-2.35;-13.81;22.53;26.5299736148;281.56;
24;4095.0;0.0;-2.78;-23.56;28.8;37.3127592118;310.36;
24;286.0;1.0;-4.9;-21.91;28.67;36.4146536438;339.03;
24;2965.0;2000.0;-6.68;9.22;-37.11;38.8173015548;301.92;
24;4095.0;4095.0;-2.33;-10.15;20.47;22.9667651183;322.39;
24;3066.0;2188.0;-0.56;-17.83;27.59;32.854689163;349.98;
24;1309.0;718.0;-3.56;-23.03;30.72;38.5586942206;380.7;
24;3120.0;2362.0;-4.62;-17.92;24.83;30.9677202907;405.53;
24;3137.0;2419.0;-3.42;11.25;-39.29;41.011742221;366.24;
24;1722.0;699.0;0.29;-18.65;25.96;31.9660476131;392.2;
24;0.0;0.0;-1.44;-23.19;30.49;38.333924923;422.69;
24;3916.0;4095.0;-2.67;-17.99;25.61;31.410843669;448.3;
24;3358.0;3156.0;-1.75;-9.38;14.18;17.0914978864;462.48;
24;3139.0;2420.0;-5.05;10.35;-39.27;40.9238060302;423.21;
24;1115.0;235.0;-0.54;-24.2;31.37;39.6233327725;454.58;
24;1323.0;1611.0;-2.98;-23.33;29.78;37.9475651393;484.36;
24;3260.0;2690.0;-4.38;-10.06;13.76;17.5990227001;498.12;
24;3117.0;2381.0;-5.54;10.84;-39.3;41.1422799563;458.82;
24;4095.0;4095.0;-1.7;-26.86;32.72;42.3668266454;491.54;
24;2.0;0.0;-2.25;-27.71;33.28;43.3643286585;524.82;
24;2673.0;1650.0;-4.63;-19.53;25.95;32.8064063866;550.77;
24;3062.0;2533.0;-3.02;0.4;4.7;5.60092849446;555.47;
24;2966.0;2117.0;0.07;13.88;-39.3;41.6791230714;516.17;
24;3105.0;2706.0;-4.83;-22.63;28.0;36.324176522;544.17;
24;3366.0;2957.0;-4.67;-14.73;19.38;24.7864115999;563.55;
24;3061.0;2221.0;-1.64;-3.22;6.85;7.74470787054;570.4;
24;3131.0;2360.0;-6.22;8.87;-18.76;21.6634000102;551.64;
24;3171.0;2388.0;-0.13;14.8;-39.3;41.994605606;512.34;
24;3123.0;2788.0;-5.67;-15.57;21.22;26.9232650323;533.56;
24;3338.0;2955.0;-2.38;-2.38;8.69;9.31906111151;542.25;
24;3102.0;2320.0;0.09;5.74;-3.1;6.52423941927;539.15;
24;3196.0;2425.0;0.55;15.11;-39.3;42.1082485981;499.85;
24;3084.0;2210.0;2.66;-4.04;14.63;15.4088967808;514.48;
24;3148.0;2433.0;-3.19;10.18;-8.58;13.6903213987;505.9;
24;3129.0;2414.0;2.42;13.75;-39.3;41.7062213584;466.6;
24;3180.0;2357.0;-4.25;7.35;-2.3;8.79630604288;464.3;
24;3065.0;2192.0;-6.47;12.33;-16.39;21.5063223262;447.91;
24;3017.0;2380.0;-5.0;13.09;-33.78;36.5709789314;414.13;
24;3284.0;3202.0;-3.21;3.97;0.8;5.16768807108;414.93;
24;3073.0;2247.0;-5.19;10.35;-13.46;17.7547233152;401.47;
24;3095.0;2250.0;2.17;14.87;-39.3;42.0751209149;362.17;
24;2953.0;2009.0;6.78;17.32;-39.3;43.4791996246;322.87;
24;3298.0;3223.0;-3.09;10.96;-27.85;30.0880740494;295.02;
24;3091.0;2285.0;-3.09;10.96;-27.85;30.0880740494;267.17;
24;3168.0;2421.0;4.24;14.5;-39.26;42.0663190688;227.91;
24;3105.0;2260.0;4.57;15.01;-39.3;42.3163679916;188.61;
24;2951.0;2011.0;-5.8;9.59;-17.95;21.1615358611;170.66;
24;3339.0;3055.0;3.06;14.08;-39.28;41.839316438;131.38;
24;3131.0;2346.0;2.61;14.8;-39.3;42.0754334499;92.08;
24;3142.0;2433.0;2.73;14.03;-39.3;41.8184624299;52.78;
24;2959.0;2056.0;0.38;12.51;-35.08;37.2458172148;17.7;
24;3153.0;2846.0;-9.72;-23.64;28.13;38.008221479;45.83;
24;3317.0;3225.0;-0.2;8.48;-26.54;27.8625555181;19.29;
24;3953.0;1927.0;-6.46;3.05;-8.79;11.326879535;10.5;
24;4095.0;1037.0;-8.02;-0.63;-2.84;8.53128946877;7.66;
24;1033.0;611.0;-3.93;-6.99;-2.5;8.39970237568;5.16;
24;1524.0;986.0;-0.19;0.43;-11.22;11.2298441663;-6.06;
24;0.0;0.0;0.49;1.0;-15.73;15.7693690425;-21.79;
24;3927.0;4095.0;-0.04;1.49;-16.33;16.3978840098;-38.12;
24;4095.0;4095.0;-1.12;0.38;-16.35;16.3927209456;-54.47;
24;4095.0;4095.0;-0.94;-1.54;-8.16;8.35708083005;-62.63;
24;3122.0;2334.0;2.08;2.74;-6.44;7.30120537994;-69.07;
24;3146.0;2371.0;2.65;2.77;-5.48;6.6877350426;-74.55;
24;3143.0;2392.0;2.61;3.17;-6.2;7.43646421359;-80.75;
24;3082.0;2255.0;2.48;3.88;-8.31;9.50057366689;-89.06;
24;3144.0;2447.0;-2.29;0.62;-4.37;4.97246417785;-93.43;
24;3121.0;2370.0;-0.59;5.84;-10.0;11.5954171982;-103.43;
24;3092.0;2282.0;-0.46;4.46;-8.5;9.61005723188;-111.93;
24;3117.0;2355.0;-1.2;4.07;-7.85;8.92341862741;-119.78;
24;3123.0;2357.0;-0.94;3.68;-8.5;9.30999462943;-128.28;
24;3309.0;2375.0;-1.02;3.85;-8.82;9.67756684296;-137.1;
24;3212.0;2417.0;-1.45;3.12;-9.3;9.91599213392;-146.4;
24;3205.0;2380.0;-1.37;5.05;-11.67;12.789382315;-158.07;
24;3132.0;2373.0;-1.37;5.05;-11.67;12.789382315;-169.74;
24;3138.0;2370.0;-1.4;5.34;-13.25;14.3540273094;0;
24;3210.0;2262.0;-2.43;4.85;-11.64;12.8420014017;-11.64;
24;2973.0;1607.0;-1.84;0.9;-4.59;5.02630082665;-16.23;
24;3119.0;2357.0;-1.78;3.66;-9.37;10.2157182812;-25.6;
24;3163.0;2418.0;-1.01;3.07;-10.02;10.528314205;-35.62;
24;3132.0;2364.0;-1.29;1.26;-7.9;8.10319072958;-43.52;
24;3140.0;2376.0;3.1;-0.97;-6.8;7.53597372607;-50.32;
24;3179.0;2316.0;-22.3;38.55;-26.2;51.6704219065;-76.52;
24;3089.0;2316.0;-1.06;-1.2;-9.01;9.15115839662;-85.53;
24;3112.0;2348.0;-1.64;-0.2;-7.95;8.11985837315;-93.48;
24;3167.0;2375.0;-2.94;1.37;-7.5;8.1713218025;-100.98;
24;3129.0;2374.0;-1.31;-0.08;-10.64;10.7206389735;-111.62;
24;3130.0;2376.0;-0.69;2.41;-9.35;9.68022210489;-120.97;
24;3162.0;2369.0;-0.71;1.63;-9.19;9.36040063245;-130.16;
24;3128.0;2360.0;-1.18;2.29;-9.75;10.0845922079;-139.91;
24;3137.0;2379.0;-1.04;2.22;-9.41;9.72409892998;-149.32;
24;3131.0;2379.0;-0.85;2.29;-9.45;9.76058912156;-158.77;
24;3223.0;2365.0;-0.89;2.25;-9.48;9.78391537167;-168.25;
24;3163.0;2354.0;-1.18;2.17;-9.57;9.88363293531;-177.82;
24;3113.0;2349.0;-0.98;1.99;-9.15;9.41504115764;-186.97;
24;3116.0;2361.0;-0.6;2.51;-9.33;9.68034090309;-196.3;
24;3111.0;2345.0;-0.63;2.4;-9.3;9.62532596851;-205.6;
24;3131.0;2371.0;-0.63;2.4;-9.3;9.62532596851;-214.9;
24;3135.0;2376.0;-1.02;2.16;-9.79;10.0772069543;-224.69;
24;3116.0;2356.0;-0.98;2.3;-9.27;9.60121346497;-233.96;
24;3117.0;2345.0;-0.99;2.31;-9.19;9.52744981619;-243.15;
24;3119.0;2355.0;-0.95;2.23;-9.15;9.46561672581;-252.3;
24;3130.0;2363.0;-1.03;1.98;-9.36;9.6224165364;-261.66;
24;3124.0;2364.0;-1.01;1.84;-9.43;9.66077636632;-271.09;
24;3139.0;2369.0;-0.87;2.17;-9.49;9.77373521229;-280.58;
24;3130.0;2373.0;-0.84;2.14;-9.38;9.65761875412;-289.96;
24;3135.0;2392.0;-0.73;2.11;-9.21;9.47676632613;-299.17;
24;3224.0;2398.0;-1.72;1.14;-10.13;10.3380317276;-309.3;
24;3135.0;2378.0;-1.47;1.95;-10.84;11.111660542;-320.14;
24;3136.0;2373.0;-0.56;4.29;-10.46;11.3194213633;-330.6;
24;3162.0;2375.0;-0.65;4.33;-9.95;10.8707819406;-340.55;
24;3132.0;2377.0;-1.27;2.16;-9.35;9.67992768568;-349.9;
24;3122.0;2342.0;-1.41;1.54;-9.01;9.24877289158;-358.91;
24;3126.0;2366.0;-1.49;0.57;-9.4;9.53441136096;-368.31;
24;3124.0;2366.0;-1.09;2.1;-9.44;9.73199362926;-377.75;
24;3147.0;2401.0;-0.66;2.65;-9.59;9.97126872569;-387.34;
24;3129.0;2367.0;-0.51;2.99;-9.99;10.4403208763;-397.33;
24;3141.0;2365.0;-0.71;2.86;-9.85;10.2813520512;-407.18;
24;3157.0;2388.0;-1.09;2.29;-9.05;9.39865415897;-416.23;
24;3148.0;2394.0;-1.29;1.8;-9.08;9.34614893954;-425.31;
24;3158.0;2378.0;-0.79;2.15;-9.51;9.78195788173;-434.82;
24;3122.0;2366.0;-1.12;2.26;-9.29;9.62632328566;-444.11;
24;3134.0;2372.0;-0.97;2.4;-9.39;9.74027720345;-453.5;
24;3117.0;2345.0;-0.87;2.52;-9.36;9.73226078566;-462.86;
24;3137.0;2360.0;-0.8;2.43;-9.3;9.64546007197;-472.16;
24;3151.0;2382.0;-0.9;2.26;-9.41;9.71934668586;-481.57;
24;3179.0;2398.0;-1.02;2.02;-9.48;9.74634290388;-491.05;
24;3138.0;2382.0;-1.02;2.02;-9.48;9.74634290388;-500.53;
24;3116.0;2353.0;-0.63;3.19;-9.54;10.0789185928;-510.07;
24;3123.0;2370.0;-1.13;2.35;-9.43;9.78387959861;-519.5;
24;3154.0;2395.0;-1.0;2.23;-9.3;9.61576310024;-528.8;
24;3138.0;2382.0;-1.02;2.19;-9.31;9.61834705134;-538.11;
24;3116.0;2348.0;-1.15;2.1;-9.44;9.73889624136;-547.55;
24;3137.0;2385.0;-1.01;2.31;-9.34;9.67428550333;-556.89;
24;3167.0;2385.0;-1.0;2.38;-9.33;9.68056300016;-566.22;
24;3183.0;2373.0;-0.9;2.48;-9.35;9.71508620651;-575.57;
24;3129.0;2365.0;-0.85;2.55;-9.36;9.73830580748;-584.93;
24;3146.0;2373.0;-0.93;2.49;-9.34;9.71084960238;-594.27;
24;3137.0;2384.0;-0.93;2.49;-9.34;9.71084960238;-603.61;
24;3160.0;2399.0;-0.9;2.45;-9.35;9.70747134943;-612.96;
24;3141.0;2402.0;-0.94;2.43;-9.37;9.72550255771;-622.33;
24;3128.0;2368.0;-0.96;2.36;-9.38;9.71985596601;-631.71;
24;3118.0;2360.0;-0.93;2.33;-9.39;9.71935697462;-641.1;
24;3129.0;2384.0;-0.94;2.37;-9.31;9.65280270181;-650.41;
24;3281.0;2361.0;-0.81;2.49;-9.29;9.65195835051;-659.7;
24;3160.0;2404.0;-0.83;2.46;-9.25;9.60744502977;-668.95;
24;3149.0;2364.0;-0.81;2.44;-9.25;9.60063539564;-678.2;
24;3146.0;2368.0;-0.9;2.4;-9.39;9.73355536276;-687.59;
24;3141.0;2372.0;-0.87;2.42;-9.22;9.57192248193;-696.81;
24;3153.0;2367.0;-0.92;2.41;-9.24;9.59333622886;-706.05;
24;3151.0;2372.0;-0.99;2.32;-9.35;9.68426558909;-715.4;
24;3137.0;2372.0;-0.98;2.37;-9.33;9.67606324907;-724.73;
24;3135.0;2362.0;-0.87;2.47;-9.3;9.66166652291;-734.03;
24;3140.0;2346.0;-0.86;2.49;-9.38;9.74289997896;-743.41;
24;3156.0;2372.0;-0.99;2.4;-9.37;9.72301393602;-752.78;
24;3177.0;2349.0;-0.95;2.41;-9.4;9.75041537577;-762.18;
24;3158.0;2407.0;-0.87;2.46;-9.32;9.67837279712;-771.5;
24;3131.0;2368.0;-0.86;2.45;-9.28;9.63641530861;-780.78;
24;3148.0;2376.0;-0.85;2.43;-9.28;9.63046208653;-790.06;
24;3134.0;2372.0;-0.86;2.45;-9.28;9.63641530861;-799.34;
24;3138.0;2370.0;-0.88;2.47;-9.29;9.65294773631;-808.63;
24;3120.0;2355.0;-0.87;2.48;-9.29;9.6546051188;-817.92;
24;3129.0;2369.0;-0.87;2.49;-9.31;9.67641979246;-827.23;
24;3157.0;2406.0;-0.94;2.45;-9.29;9.65350713472;-836.52;
24;3131.0;2367.0;-0.93;2.44;-9.32;9.6788893991;-845.84;
24;3142.0;2348.0;-0.88;2.46;-9.41;9.76596641403;-855.25;
24;3186.0;2404.0;-0.92;2.39;-9.39;9.73296460489;-864.64;
24;3151.0;2385.0;-0.9;2.43;-9.26;9.61574230104;-873.9;
24;3120.0;2351.0;-0.92;2.45;-9.32;9.68045969983;-883.22;
24;3142.0;2381.0;-0.89;2.39;-9.3;9.64335004031;-892.52;
24;3163.0;2403.0;-0.9;2.4;-9.31;9.65640202146;-901.83;
24;3143.0;2381.0;-0.93;2.4;-9.31;9.65924427686;-911.14;
24;3136.0;2380.0;-0.89;2.49;-9.36;9.72634566525;-920.5;
24;3143.0;2383.0;-0.89;2.43;-9.32;9.67261081611;-929.82;
24;3131.0;2371.0;-0.9;2.43;-9.34;9.69280661109;-939.16;
24;3138.0;2378.0;-0.89;2.41;-9.31;9.65796562429;0;
24;3199.0;2370.0;-0.9;2.41;-9.23;9.58180567534;-9.23;
24;3132.0;2363.0;-0.88;2.47;-9.38;9.73959444741;-18.61;
24;3157.0;2395.0;-0.87;2.44;-9.32;9.67330863769;-27.93;
24;3153.0;2391.0;-0.84;2.44;-9.31;9.66101961493;-37.24;
24;3146.0;2363.0;-0.85;2.43;-9.41;9.75579315074;-46.65;
24;3120.0;2347.0;-0.87;2.39;-9.24;9.58366318273;-55.89;
24;3162.0;2395.0;-0.9;2.41;-9.38;9.72638164993;-65.27;
24;3128.0;2370.0;-0.9;2.42;-9.35;9.6999432988;-74.62;
24;3158.0;2405.0;-0.91;2.43;-9.4;9.75156397713;-84.02;
24;3108.0;2352.0;-0.9;2.38;-9.37;9.70934086331;-93.39;
24;3148.0;2397.0;-0.88;2.42;-9.33;9.67882740832;-102.72;
24;3162.0;2366.0;-0.86;2.41;-9.34;9.68417781745;-112.06;
24;3130.0;2368.0;-0.84;2.45;-9.38;9.73100714212;-121.44;
24;3141.0;2387.0;-0.89;2.39;-9.38;9.7205246772;-130.82;
24;3237.0;2399.0;-0.89;2.41;-9.33;9.67724650921;-140.15;
24;3166.0;2370.0;-0.91;2.43;-9.3;9.6552058497;-149.45;
24;3116.0;2348.0;-0.9;2.42;-9.37;9.71922321999;-158.82;
24;3134.0;2368.0;-0.88;2.45;-9.27;9.62859283592;-168.09;
24;3119.0;2359.0;-0.9;2.44;-9.32;9.67605291428;-177.41;
24;3117.0;2352.0;-0.89;2.4;-9.34;9.68440498947;-186.75;
24;3150.0;2386.0;-0.9;2.38;-9.31;9.65145066816;-196.06;
24;3139.0;2372.0;-0.89;2.38;-9.3;9.64087651617;-205.36;
24;3137.0;2376.0;-0.83;2.38;-9.3;9.63552281924;-214.66;
24;3140.0;2377.0;-0.85;2.45;-9.3;9.65479155653;-223.96;
24;3123.0;2372.0;-0.94;2.38;-9.43;9.77102348784;-233.39;
24;3156.0;2404.0;-0.9;2.38;-9.37;9.70934086331;-242.76;
24;3152.0;2379.0;-0.91;2.38;-9.29;9.63309918977;-252.05;
24;3133.0;2370.0;-0.92;2.38;-9.32;9.66298090653;-261.37;
24;3119.0;2364.0;-0.87;2.38;-9.44;9.77419561908;-270.81;
24;3128.0;2364.0;-0.9;2.41;-9.33;9.67817131487;-280.14;
24;3133.0;2372.0;-0.88;2.37;-9.34;9.67609942074;-289.48;
24;3140.0;2397.0;-0.84;2.44;-9.3;9.65138332054;-298.78;
24;3212.0;2386.0;-0.87;2.4;-9.43;9.76943191798;-308.21;
24;3123.0;2368.0;-0.9;2.39;-9.34;9.68285598364;-317.55;
24;3149.0;2378.0;-0.9;2.39;-9.33;9.67321042881;-326.88;
24;3135.0;2357.0;-0.9;2.39;-9.39;9.73109449137;-336.27;
24;3164.0;2396.0;-0.87;2.39;-9.34;9.6801136357;-345.61;
24;3137.0;2371.0;-0.87;2.4;-9.32;9.66329653897;-354.93;
24;3131.0;2369.0;-0.87;2.39;-9.33;9.67046534558;-364.26;
24;3194.0;2383.0;-0.9;2.41;-9.32;9.66853142933;-373.58;
24;3162.0;2407.0;-0.89;2.44;-9.38;9.73293891895;-382.96;
24;3124.0;2360.0;-0.83;2.37;-9.15;9.48832440423;-392.11;
24;3139.0;2374.0;-0.82;2.38;-9.33;9.66362768323;-401.44;
24;3134.0;2361.0;-0.9;2.39;-9.49;9.82762433144;-410.93;
24;3122.0;2364.0;-1.07;2.54;-9.44;9.83412934631;-420.37;
24;3152.0;2400.0;-1.04;2.57;-9.3;9.70445773859;-429.67;
24;3152.0;2393.0;-0.67;2.27;-9.36;9.6546051188;-439.03;
24;3231.0;2380.0;-0.7;2.3;-9.37;9.67351538997;-448.4;
24;3145.0;2385.0;-0.74;2.32;-9.41;9.71998456789;-457.81;
24;3156.0;2396.0;-0.88;2.41;-9.33;9.67633194966;-467.14;
24;3133.0;2370.0;-0.9;2.43;-9.28;9.63500389206;-476.42;
24;3141.0;2366.0;-0.96;2.45;-9.23;9.59776015537;-485.65;
24;3122.0;2362.0;-0.94;2.54;-9.32;9.70554480696;-494.97;
24;3164.0;2407.0;-0.91;2.55;-9.3;9.68610344772;-504.27;
24;3139.0;2373.0;-0.94;2.53;-9.35;9.73175215467;-513.62;
24;3137.0;2377.0;-0.97;2.46;-9.43;9.79374290044;-523.05;
24;3114.0;2349.0;-1.01;2.5;-9.65;10.0196107709;-532.7;
24;3138.0;2386.0;-1.02;2.48;-9.63;9.99638434635;-542.33;
24;3115.0;2356.0;-0.97;2.49;-9.42;9.79170056732;-551.75;
24;3137.0;2370.0;-0.93;2.43;-9.33;9.68600536857;-561.08;
24;3218.0;2376.0;-0.91;2.37;-9.34;9.67887390144;-570.42;
24;3216.0;2349.0;-0.88;2.26;-9.16;9.47563190505;-579.58;
24;3204.0;2407.0;-0.81;2.25;-9.2;9.50571407102;-588.78;
24;3147.0;2383.0;-0.81;2.25;-9.2;9.50571407102;-597.98;
24;3123.0;2344.0;-0.76;2.22;-9.31;9.60115097267;-607.29;
24;3160.0;2404.0;-0.76;2.27;-9.33;9.63220639314;-616.62;
24;3164.0;2406.0;-0.8;2.33;-9.26;9.58209267332;-625.88;
24;3175.0;2407.0;-0.81;2.35;-9.23;9.55884407238;-635.11;
24;3164.0;2406.0;-0.84;2.45;-9.23;9.58650092578;-644.34;
24;3129.0;2363.0;-0.88;2.49;-9.21;9.58115859382;-653.55;
24;3137.0;2370.0;-0.89;2.47;-9.31;9.67311221893;-662.86;
24;3138.0;2362.0;-0.9;2.49;-9.4;9.76576161904;-672.26;
24;3160.0;2395.0;-0.92;2.45;-9.48;9.83459709393;-681.74;
24;3224.0;2378.0;-0.92;2.45;-9.53;9.88280324604;-691.27;
24;3139.0;2368.0;-0.95;2.47;-9.51;9.87134742576;-700.78;
24;3123.0;2357.0;-0.99;2.4;-9.54;9.88694593896;-710.32;
24;3164.0;2399.0;-0.97;2.39;-9.45;9.79568782679;-719.77;
24;3135.0;2364.0;-0.95;2.35;-9.41;9.74541430623;-729.18;
24;3131.0;2361.0;-0.94;2.32;-9.28;9.61168039419;-738.46;
24;3151.0;2395.0;-0.98;2.33;-9.28;9.61809232644;-747.74;
24;3183.0;2394.0;-0.9;2.32;-9.31;9.63683039178;-757.05;
24;3144.0;2371.0;-0.89;2.31;-9.27;9.59484757565;-766.32;
24;3145.0;2381.0;-0.92;2.27;-9.3;9.61713574824;-775.62;
24;3135.0;2368.0;-0.9;2.3;-9.41;9.72872550749;-785.03;
24;3140.0;2373.0;-0.9;2.3;-9.41;9.72872550749;-794.44;
24;3132.0;2375.0;-0.9;2.33;-9.26;9.59095928466;-803.7;
24;3192.0;2408.0;-0.9;2.33;-9.26;9.59095928466;-812.96;
24;3162.0;2396.0;-0.87;2.45;-9.29;9.64694252082;-822.25;
24;3143.0;2381.0;-0.86;2.43;-9.32;9.66989658683;-831.57;
24;3138.0;2370.0;-0.85;2.45;-9.27;9.62589736077;-840.84;
24;3178.0;2389.0;-0.84;2.41;-9.28;9.62455713267;-850.12;
24;3138.0;2369.0;-0.85;2.43;-9.28;9.63046208653;-859.4;
24;3145.0;2380.0;-0.83;2.45;-9.45;9.79764767687;-868.85;
24;3131.0;2353.0;-0.79;2.41;-9.4;9.73612859406;-878.25;
24;3155.0;2365.0;-0.81;2.45;-9.28;9.63208181028;-887.53;
24;3161.0;2395.0;-0.83;2.46;-9.31;9.66522632948;-896.84;
24;3160.0;2386.0;-0.87;2.48;-9.26;9.62574152988;-906.1;
24;3140.0;2367.0;-0.91;2.46;-9.23;9.59544683691;-915.33;
24;3145.0;2379.0;-0.9;2.46;-9.22;9.58488393253;-924.55;
24;3128.0;2349.0;-0.95;2.46;-9.39;9.75326611961;0;
24;3168.0;2404.0;-0.99;2.46;-9.42;9.78611771848;-9.42;
24;3178.0;2369.0;-1.03;2.47;-9.38;9.75429136329;-18.8;
24;3156.0;2374.0;-1.04;2.48;-9.38;9.75788911599;-28.18;
24;3155.0;2389.0;-1.0;2.43;-9.43;9.78926963568;-37.61;
24;3147.0;2373.0;-1.01;2.4;-9.45;9.80217322842;-47.06;
24;3153.0;2372.0;-1.06;2.35;-9.39;9.73746373549;-56.45;
24;3131.0;2353.0;-0.98;2.33;-9.38;9.71461270458;-65.83;
24;3173.0;2411.0;-0.95;2.35;-9.29;9.62959500706;-75.12;
24;3150.0;2385.0;-0.91;2.33;-9.35;9.67881707648;-84.47;
24;3171.0;2402.0;-0.86;2.34;-9.28;9.60903741277;-93.75;
24;3158.0;2394.0;-0.77;2.4;-9.24;9.57760408453;-102.99;
24;3158.0;2381.0;-0.76;2.43;-9.34;9.68081091645;-112.33;
24;3147.0;2378.0;-0.76;2.41;-9.4;9.7337402883;-121.73;
24;3187.0;2361.0;-0.79;2.41;-9.39;9.72647418133;-131.12;
24;3133.0;2359.0;-0.91;2.46;-9.38;9.73982032688;-140.5;
24;3156.0;2389.0;-0.9;2.54;-9.34;9.72096703009;-149.84;
24;3161.0;2398.0;-0.89;2.68;-9.25;9.67145283812;-159.09;
24;3144.0;2368.0;-0.91;2.65;-9.14;9.55982217408;-168.23;
24;3145.0;2377.0;-0.9;2.48;-9.15;9.52275695374;-177.38;
24;3147.0;2362.0;-0.95;2.38;-9.27;9.61768163333;-186.65;
24;3164.0;2401.0;-0.97;2.32;-9.29;9.62431296249;-195.94;
24;3156.0;2383.0;-0.98;2.23;-9.48;9.78793645259;-205.42;
24;3142.0;2373.0;-1.02;2.24;-9.51;9.82334464426;-214.93;
24;3150.0;2370.0;-0.87;2.34;-9.52;9.8418951427;-224.45;
24;3154.0;2376.0;-0.84;2.42;-9.37;9.71385093565;-233.82;
24;3154.0;2375.0;-0.85;2.38;-9.28;9.61796756077;-243.1;
24;3144.0;2372.0;-0.84;2.41;-9.23;9.57635630081;-252.33;
24;3151.0;2380.0;-0.95;2.38;-9.32;9.66588330159;-261.65;
24;3165.0;2359.0;-0.93;2.41;-9.29;9.6424633782;-270.94;
24;3159.0;2378.0;-0.88;2.5;-9.29;9.66066767879;-280.23;
24;3133.0;2354.0;-0.83;2.58;-9.46;9.84057417024;-289.69;
24;3175.0;2408.0;-0.85;2.55;-9.4;9.77675815391;-299.09;
24;3150.0;2369.0;-0.88;2.51;-9.32;9.69210503451;-308.41;
24;3153.0;2374.0;-0.91;2.48;-9.3;9.66791083947;-317.71;
24;3177.0;2382.0;-0.91;2.48;-9.3;9.66791083947;-327.01;
24;3167.0;2398.0;-0.98;2.4;-9.38;9.73163912196;-336.39;
24;3151.0;2371.0;-0.94;2.41;-9.39;9.73980492618;-345.78;
24;3156.0;2382.0;-0.96;2.35;-9.4;9.73673970074;-355.18;
24;3148.0;2353.0;-0.94;2.35;-9.5;9.83138342249;-364.68;
24;3150.0;2374.0;-0.91;2.37;-9.4;9.73678591733;-374.08;
24;3324.0;2364.0;-0.87;2.41;-9.27;9.61758285641;-383.35;
24;3176.0;2376.0;-0.86;2.46;-9.22;9.58121077944;-392.57;
24;3153.0;2378.0;-0.86;2.49;-9.24;9.60818921546;-401.81;
24;3166.0;2403.0;-0.9;2.48;-9.21;9.58042274641;-411.02;
24;3154.0;2396.0;-0.88;2.42;-9.24;9.5921009169;-420.26;
24;3164.0;2399.0;-0.87;2.41;-9.3;9.64650195667;-429.56;
24;3171.0;2407.0;-0.83;2.47;-9.35;9.70630207649;-438.91;
24;3154.0;2382.0;-0.85;2.45;-9.32;9.67405809369;-448.23;
24;3153.0;2381.0;-0.83;2.45;-9.28;9.63378430317;-457.51;
24;3155.0;2384.0;-0.86;2.44;-9.32;9.67241438318;-466.83;
24;3173.0;2403.0;-0.91;2.4;-9.34;9.68626346947;-476.17;
24;3321.0;2382.0;-0.95;2.38;-9.36;9.70445773859;-485.53;
24;3161.0;2379.0;-0.96;2.4;-9.38;9.72964542006;-494.91;
24;3139.0;2366.0;-0.96;2.4;-9.38;9.72964542006;-504.29;
24;3141.0;2364.0;-0.92;2.43;-9.39;9.7428640553;-513.68;
24;3157.0;2380.0;-0.86;2.45;-9.25;9.60752829816;-522.93;
24;3166.0;2393.0;-0.9;2.45;-9.27;9.63044131907;-532.2;
24;3155.0;2371.0;-0.89;2.41;-9.37;9.71581700116;-541.57;
24;3154.0;2382.0;-0.92;2.37;-9.29;9.63158346275;-550.86;
24;3134.0;2350.0;-0.91;2.35;-9.33;9.66434167442;-560.19;
24;3141.0;2367.0;-0.91;2.38;-9.39;9.72957347472;-569.58;
24;3163.0;2399.0;-0.87;2.44;-9.39;9.7407699901;-578.97;
24;3183.0;2401.0;-0.83;2.44;-9.22;9.57344765484;-588.19;
24;3160.0;2390.0;-0.83;2.44;-9.22;9.57344765484;-597.41;
24;3146.0;2360.0;-0.89;2.41;-9.32;9.66760570152;-606.73;
24;3195.0;2395.0;-0.91;2.39;-9.35;9.69343592335;-616.08;
24;3155.0;2382.0;-0.92;2.42;-9.31;9.66327584207;-625.39;
24;3171.0;2352.0;-0.9;2.41;-9.33;9.67817131487;-634.72;
24;3145.0;2371.0;-0.9;2.44;-9.37;9.72422233395;-644.09;
24;3172.0;2400.0;-0.88;2.42;-9.38;9.72703449156;-653.47;
24;3198.0;2404.0;-0.87;2.41;-9.32;9.66578501727;-662.79;
24;3152.0;2367.0;-0.9;2.39;-9.27;9.61535230764;-672.06;
24;3165.0;2382.0;-0.89;2.39;-9.37;9.71087534674;-681.43;
24;3156.0;2378.0;-0.91;2.38;-9.31;9.65238830549;-690.74;
24;3184.0;2384.0;-0.88;2.38;-9.29;9.63031152144;-700.03;
24;3172.0;2384.0;-0.92;2.39;-9.4;9.74261258595;-709.43;
24;3163.0;2381.0;-0.92;2.43;-9.46;9.810346579;-718.89;
24;3153.0;2369.0;-0.91;2.41;-9.42;9.76588961641;-728.31;
24;3138.0;2350.0;-0.96;2.44;-9.27;9.6336960716;-737.58;
24;3171.0;2397.0;-0.93;2.42;-9.2;9.55831052017;-746.78;
24;3157.0;2369.0;-0.87;2.45;-9.26;9.61805593662;-756.04;
24;3153.0;2379.0;-0.88;2.44;-9.3;9.65494691855;-765.34;
24;3172.0;2407.0;-0.88;2.45;-9.31;9.66710918527;-774.65;
25;3175.0;2404.0;-0.93;2.29;-9.38;9.70017525615;-784.03;
25;3155.0;2371.0;-0.86;2.31;-9.41;9.72747654842;-793.44;
25;3153.0;2370.0;-0.76;2.42;-9.29;9.63006230509;-802.73;
25;3151.0;2358.0;-0.76;2.4;-9.26;9.59610337585;-811.99;
25;3245.0;2403.0;-0.79;2.41;-9.21;9.55281633865;-821.2;
25;3257.0;2388.0;-0.81;2.41;-9.28;9.62198524214;-830.48;
25;3153.0;2370.0;-0.93;2.38;-9.24;9.58680864522;-839.72;
25;3169.0;2355.0;-0.95;2.37;-9.26;9.60557130003;-848.98;
25;3204.0;2406.0;-0.96;2.49;-9.36;9.73300056509;-858.34;
25;3169.0;2384.0;-0.94;2.51;-9.37;9.74579909499;-867.71;
25;3169.0;2373.0;-0.89;2.57;-9.3;9.68953043238;-877.01;
25;3146.0;2362.0;-0.93;2.49;-9.26;9.63392962399;-886.27;
25;3170.0;2389.0;-0.95;2.46;-9.32;9.685891802;-895.59;
25;3155.0;2377.0;-0.98;2.39;-9.41;9.7581043241;-905.0;
25;3163.0;2377.0;-1.03;2.36;-9.47;9.81383717004;-914.47;
25;3182.0;2414.0;-1.03;2.33;-9.45;9.78735408576;-923.92;
25;3166.0;2376.0;-0.92;2.4;-9.45;9.79330894029;0;
25;3161.0;2379.0;-0.9;2.4;-9.47;9.81075430331;-9.47;
25;3147.0;2355.0;-0.86;2.44;-9.39;9.73988192947;-18.86;
25;3183.0;2396.0;-0.85;2.42;-9.32;9.66650402162;-28.18;
25;3161.0;2382.0;-0.86;2.44;-9.19;9.54721425338;-37.37;
25;3140.0;2349.0;-0.87;2.42;-9.2;9.5526593156;-46.57;
25;3166.0;2381.0;-0.83;2.38;-9.28;9.61622067134;-55.85;
25;3181.0;2408.0;-0.84;2.42;-9.24;9.58851396203;-65.09;
25;3154.0;2366.0;-0.82;2.42;-9.25;9.59642120793;-74.34;
25;3162.0;2372.0;-0.8;2.42;-9.33;9.67188192649;-83.67;
25;3159.0;2376.0;-0.85;2.42;-9.3;9.64722239818;-92.97;
25;3147.0;2356.0;-0.88;2.39;-9.25;9.59421700818;-102.22;
25;3154.0;2382.0;-0.88;2.39;-9.25;9.59421700818;-111.47;
25;3148.0;2357.0;-0.9;2.36;-9.28;9.61758805522;-120.75;
25;3188.0;2407.0;-0.93;2.36;-9.34;9.67833146777;-130.09;
25;3175.0;2384.0;-0.89;2.37;-9.3;9.6384127324;-139.39;
25;3158.0;2378.0;-0.91;2.39;-9.34;9.68379058014;-148.73;
25;3154.0;2352.0;-0.91;2.4;-9.35;9.69590635268;-158.08;
25;3167.0;2391.0;-0.95;2.41;-9.37;9.72149679833;-167.45;
25;3185.0;2403.0;-0.93;2.4;-9.32;9.66888307924;-176.77;
25;3156.0;2365.0;-0.93;2.43;-9.24;9.59934372757;-186.01;
25;3159.0;2378.0;-0.9;2.43;-9.37;9.72171795518;-195.38;
25;3163.0;2379.0;-0.91;2.42;-9.31;9.66232891181;-204.69;
25;3173.0;2399.0;-0.91;2.42;-9.31;9.66232891181;-214.0;
25;3177.0;2394.0;-0.9;2.38;-9.32;9.66109724617;-223.32;
25;3167.0;2389.0;-0.92;2.37;-9.38;9.71842065358;-232.7;
25;3165.0;2387.0;-0.93;2.37;-9.35;9.69042310738;-242.05;
25;3179.0;2403.0;-0.91;2.38;-9.27;9.61381297925;-251.32;
25;3179.0;2405.0;-0.9;2.39;-9.35;9.6925022569;-260.67;
25;3152.0;2369.0;-0.87;2.37;-9.26;9.59798937278;-269.93;
25;3184.0;2382.0;-0.9;2.36;-9.29;9.62723740229;-279.22;
25;3162.0;2373.0;-0.9;2.38;-9.38;9.71899171725;-288.6;
25;3159.0;2361.0;-0.88;2.39;-9.36;9.70031442789;-297.96;
25;3148.0;2357.0;-0.89;2.43;-9.3;9.65334139042;-307.26;
25;3160.0;2379.0;-0.89;2.43;-9.3;9.65334139042;-316.56;
25;3154.0;2375.0;-0.88;2.42;-9.36;9.70774948173;-325.92;
25;3159.0;2376.0;-0.85;2.43;-9.33;9.67865176561;-335.25;
25;3143.0;2359.0;-0.89;2.42;-9.31;9.66046582728;-344.56;
25;3161.0;2374.0;-0.9;2.39;-9.28;9.62499350649;-353.84;
25;3181.0;2399.0;-0.88;2.4;-9.36;9.70278310589;-363.2;
25;3157.0;2369.0;-0.87;2.37;-9.31;9.64623760852;-372.51;
25;3162.0;2382.0;-0.9;2.38;-9.33;9.67074454217;-381.84;
25;3142.0;2351.0;-0.87;2.38;-9.32;9.65834872015;-391.16;
25;3143.0;2352.0;-0.89;2.38;-9.32;9.66017080594;-400.48;
25;3163.0;2381.0;-0.87;2.4;-9.3;9.64400850269;-409.78;
25;3174.0;2400.0;-0.91;2.4;-9.27;9.61878370689;-419.05;
25;3176.0;2393.0;-0.92;2.39;-9.34;9.68473541198;-428.39;
25;3167.0;2380.0;-0.89;2.39;-9.29;9.63370645183;-437.68;
25;3139.0;2354.0;-0.85;2.4;-9.25;9.594008547;-446.93;
25;3180.0;2402.0;-0.87;2.36;-9.38;9.71137992254;-456.31;
25;3187.0;2381.0;-0.87;2.36;-9.43;9.75968237188;-465.74;
25;3170.0;2391.0;-0.87;2.38;-9.38;9.71625956837;-475.12;
25;3177.0;2401.0;-0.95;2.35;-9.36;9.69714390942;-484.48;
25;3163.0;2374.0;-0.95;2.42;-9.29;9.64691660584;-493.77;
25;3170.0;2372.0;-0.93;2.45;-9.34;9.70067007995;-503.11;
25;3158.0;2366.0;-0.9;2.49;-9.25;9.62146558483;-512.36;
25;3184.0;2407.0;-0.87;2.49;-9.25;9.61870573414;-521.61;
25;3164.0;2379.0;-0.9;2.4;-9.28;9.62748149829;-530.89;
25;3156.0;2371.0;-0.88;2.41;-9.36;9.70526145964;-540.25;
25;3162.0;2378.0;-0.92;2.39;-9.42;9.76191067363;-549.67;
25;3156.0;2369.0;-0.98;2.44;-9.44;9.79936732652;-559.11;
25;3170.0;2396.0;-0.66;2.39;-9.13;9.46068707864;-568.24;
25;3194.0;2406.0;-0.84;2.4;-9.53;9.86339191151;-577.77;
25;3150.0;2365.0;-0.94;2.38;-9.41;9.75172292469;-587.18;
25;3166.0;2380.0;-1.09;2.45;-9.21;9.59242930649;-596.39;
25;3161.0;2373.0;-0.82;2.37;-9.15;9.48745487473;-605.54;
25;3187.0;2435.0;-0.77;2.4;-9.17;9.51008937918;-614.71;
25;3182.0;2383.0;-0.73;2.4;-9.25;9.58412228637;-623.96;
25;3148.0;2360.0;-0.73;2.4;-9.25;9.58412228637;-633.21;
25;3188.0;2406.0;-0.74;2.32;-9.35;9.66190974911;-642.56;
25;3216.0;2405.0;-0.78;2.22;-9.38;9.67063596668;-651.94;
25;3154.0;2367.0;-0.81;2.35;-9.38;9.70376215702;-661.32;
25;3162.0;2383.0;-0.87;2.41;-9.32;9.66578501727;-670.64;
25;3143.0;2349.0;-0.84;2.6;-9.24;9.6355176301;-679.88;
25;3170.0;2383.0;-0.9;2.66;-9.12;9.54253635047;-689.0;
25;3183.0;2403.0;-0.95;2.59;-9.11;9.51854505689;-698.11;
25;3179.0;2396.0;-1.03;2.45;-9.28;9.65307204987;-707.39;
25;3162.0;2374.0;-1.03;2.45;-9.43;9.79736188982;-716.82;
25;3158.0;2361.0;-1.03;2.4;-9.54;9.89103129102;-726.36;
25;3183.0;2405.0;-1.06;2.36;-9.57;9.91353115696;-735.93;
25;3169.0;2383.0;-1.08;2.37;-9.57;9.91807440988;-745.5;
25;3180.0;2409.0;-1.08;2.36;-9.51;9.85779387084;-755.01;
25;3164.0;2369.0;-1.03;2.33;-9.54;9.87427972057;-764.55;
