24;942.0;687.0;-0.17;-0.11;9.79;9.79209374955;9.79209374955;
24;932.0;687.0;-0.16;-0.13;9.78;9.78217256033;9.78713315494;
24;933.0;686.0;-0.16;-0.12;9.74;9.74205317169;9.77210649386;
24;847.0;689.0;-0.16;-0.14;9.76;9.76231529915;9.76965869518;
24;839.0;688.0;-0.17;-0.11;9.79;9.79209374955;9.77414570605;
24;1056.0;689.0;-0.17;-0.11;9.83;9.83208523153;9.78380229363;
24;865.0;690.0;-0.16;-0.1;9.76;9.76182360013;9.78066248027;
24;964.0;689.0;-0.16;-0.11;9.77;9.77192918517;9.77957081839;
24;1041.0;692.0;-0.17;-0.1;9.79;9.7919865196;9.78095034074;
24;938.0;691.0;-0.17;-0.13;9.82;9.82233169874;9.78508847654;
24;929.0;689.0;-0.17;-0.11;9.73;9.73210665786;9.78027194757;
24;993.0;690.0;-0.17;-0.09;9.8;9.80188757332;9.78207324972;
24;972.0;692.0;-0.16;-0.12;9.81;9.81203852418;9.78437827083;
24;890.0;693.0;-0.17;-0.09;9.83;9.83188181377;9.78777138104;
24;958.0;693.0;-0.14;-0.12;9.82;9.82173100833;9.79003535619;
24;940.0;691.0;-0.16;-0.1;9.72;9.72183110324;9.78577259038;
24;945.0;693.0;-0.15;-0.11;9.79;9.79176694984;9.78612519976;
24;944.0;691.0;-0.15;-0.1;9.8;9.80165802301;9.78698813439;
24;912.0;692.0;-0.17;-0.11;9.84;9.84208311284;9.7898878701;
24;871.0;695.0;-0.17;-0.1;9.78;9.78198855039;9.78949290411;
24;944.0;693.0;-0.15;-0.1;9.73;9.73166994919;9.78673943007;
24;967.0;692.0;-0.16;-0.12;9.75;9.75205106631;9.78516268626;
24;946.0;694.0;-0.16;-0.09;9.8;9.80171923695;9.78588253629;
24;926.0;694.0;-0.16;-0.11;9.81;9.81192132052;9.78696748563;
24;940.0;694.0;-0.17;-0.1;9.71;9.71200288303;9.78396890153;
24;936.0;689.0;-0.16;-0.08;9.74;9.74164257197;9.78234096578;
24;871.0;693.0;-0.15;-0.1;9.8;9.80165802301;9.78305641234;
24;914.0;696.0;-0.15;-0.1;9.83;9.83165296377;9.78479200346;
24;900.0;696.0;-0.17;-0.12;9.73;9.73222482272;9.78297934206;
24;891.0;696.0;-0.17;-0.1;9.83;9.83197843773;9.78461264525;
24;890.0;696.0;-0.16;-0.09;9.73;9.73173160337;9.78290680519;
24;1035.0;697.0;-0.15;-0.1;9.77;9.77166311331;9.78255543982;
24;940.0;695.0;-0.18;-0.11;9.82;9.82226552278;9.78375877566;
24;976.0;696.0;-0.17;-0.11;9.75;9.75210233744;9.78282770395;
24;1069.0;694.0;-0.18;-0.11;9.76;9.76227944693;9.78224061089;
24;938.0;695.0;-0.16;-0.1;9.72;9.72183110324;9.78056256901;
24;941.0;696.0;-0.15;-0.11;9.8;9.80176514716;9.78113561167;
24;1057.0;694.0;-0.19;-0.1;9.79;9.79235416026;9.78143083663;
24;942.0;693.0;-0.17;-0.11;9.82;9.82208735453;9.78247331145;
24;849.0;694.0;-0.17;-0.12;9.78;9.78221345095;9.78246681493;
24;939.0;696.0;-0.14;-0.11;9.71;9.71163220061;9.78073914141;
24;855.0;696.0;-0.17;-0.15;9.77;9.77263014751;9.78054607013;
24;1044.0;700.0;-0.15;-0.09;9.83;9.83155633661;9.7817323554;
24;942.0;697.0;-0.17;-0.11;9.81;9.81208948186;9.78242229009;
24;972.0;697.0;-0.17;-0.11;9.78;9.78209588994;9.78241503675;
24;894.0;696.0;-0.17;-0.1;9.86;9.86197241935;9.78414454507;
24;943.0;697.0;-0.17;-0.11;9.83;9.83208523153;9.78516455968;
24;951.0;692.0;-0.16;-0.11;9.73;9.73193711447;9.78405565457;
24;872.0;696.0;-0.13;-0.09;9.78;9.7812780351;9.78399896846;
24;1057.0;696.0;-0.18;-0.1;9.76;9.76217188949;9.78356242688;
24;939.0;696.0;-0.16;-0.1;9.78;9.78181987158;9.78352825913;
24;929.0;699.0;-0.16;-0.1;9.82;9.82181246003;9.78426449376;
24;948.0;696.0;-0.16;-0.13;9.81;9.81216591788;9.78479093572;
24;940.0;697.0;-0.16;-0.1;9.77;9.77182173395;9.78455076532;
24;929.0;697.0;-0.17;-0.13;9.78;9.78234123306;9.78451059201;
24;978.0;697.0;-0.18;-0.12;9.81;9.81238503117;9.78500834985;
24;1033.0;696.0;-0.16;-0.09;9.77;9.77172451515;9.78477530012;
24;938.0;698.0;-0.17;-0.11;9.84;9.84208311284;9.78576336585;
24;954.0;701.0;-0.16;-0.1;9.81;9.81181430725;9.78620490723;
24;978.0;698.0;-0.16;-0.1;9.72;9.72183110324;9.7851320105;
24;945.0;696.0;-0.15;-0.11;9.74;9.74177601878;9.78442125654;
24;940.0;697.0;-0.17;-0.1;9.82;9.82198045203;9.78502705001;
24;943.0;699.0;-0.16;-0.1;9.83;9.83181061656;9.78576964631;
24;854.0;698.0;-0.17;-0.12;9.82;9.82220443689;9.78633893991;
24;929.0;698.0;-0.17;-0.12;9.79;9.79221119053;9.78642928223;
24;945.0;697.0;-0.16;-0.1;9.82;9.82181246003;9.78696539098;
24;925.0;695.0;-0.17;-0.11;9.8;9.80209161353;9.7871911555;
24;993.0;697.0;-0.15;-0.11;9.86;9.86175440781;9.78828767391;
24;926.0;698.0;-0.16;-0.11;9.73;9.73193711447;9.78747099914;
24;974.0;697.0;-0.16;-0.1;9.71;9.71183298868;9.78639045613;
24;949.0;698.0;-0.16;-0.12;9.77;9.77204686849;9.78618843377;
24;853.0;692.0;-0.17;-0.11;9.8;9.80209161353;9.78640931127;
24;947.0;693.0;-0.16;-0.11;9.83;9.83191741218;9.78703270991;
24;979.0;697.0;-0.16;-0.11;9.84;9.84191546397;9.78777436875;
24;940.0;697.0;-0.15;-0.13;9.72;9.72202653771;9.786897731;
24;941.0;699.0;-0.16;-0.12;9.79;9.79204268782;9.7869654278;
24;966.0;698.0;-0.18;-0.09;9.81;9.81206400305;9.78729138333;
24;873.0;698.0;-0.18;-0.09;9.81;9.81206400305;9.78760898101;
24;876.0;696.0;-0.15;-0.11;9.8;9.80176514716;9.78778817299;
24;936.0;697.0;-0.15;-0.11;9.85;9.85175618862;9.78858777319;
24;874.0;698.0;-0.17;-0.11;9.8;9.80209161353;9.78875448726;
24;946.0;698.0;-0.15;-0.11;9.81;9.81176334814;9.78903508313;
24;937.0;697.0;-0.15;-0.11;9.82;9.8217615528;9.78942937794;
24;839.0;699.0;-0.16;-0.12;9.81;9.81203852418;9.78969853445;
24;1038.0;700.0;-0.17;-0.11;9.73;9.73210665786;9.78902098296;
24;943.0;699.0;-0.16;-0.1;9.81;9.81181430725;9.78928602161;
24;853.0;698.0;-0.16;-0.12;9.77;9.77204686849;9.78908787043;
24;1050.0;698.0;-0.15;-0.11;9.85;9.85175618862;9.78980001041;
24;914.0;699.0;-0.18;-0.11;9.76;9.76227944693;9.78949079059;
24;1032.0;697.0;-0.16;-0.12;9.77;9.77204686849;9.78929696924;
24;938.0;696.0;-0.16;-0.12;9.77;9.77204686849;9.78910740769;
24;942.0;696.0;-0.15;-0.1;9.78;9.78166141307;9.78902647296;
24;940.0;695.0;-0.18;-0.1;9.79;9.79216523553;9.7890602231;
24;934.0;696.0;-0.16;-0.13;9.77;9.77217478354;9.78888059076;
24;829.0;697.0;-0.15;-0.11;9.84;9.84175797305;9.78943719479;
24;876.0;697.0;-0.18;-0.1;9.77;9.77216966697;9.78925732471;
24;943.0;697.0;-0.18;-0.12;9.79;9.79238990237;9.78928961932;
24;952.0;696.0;-0.17;-0.11;9.76;9.76210018387;9.7890121761;
24;928.0;696.0;-0.16;-0.09;9.79;9.79172099276;9.78903953789;
24;1010.0;698.0;-0.17;-0.1;9.83;9.83197843773;9.78946892689;
24;941.0;699.0;-0.17;-0.1;9.82;9.82198045203;9.78979082317;
24;833.0;698.0;-0.15;-0.12;9.8;9.80188247226;9.79583664772;
24;936.0;697.0;-0.16;-0.09;9.81;9.81171748472;9.80113026005;
24;874.0;698.0;-0.16;-0.1;9.8;9.80181615824;9.8013017346;
24;1019.0;696.0;-0.16;-0.14;9.84;9.84229647999;9.80950068368;
24;946.0;695.0;-0.17;-0.11;9.79;9.79209374955;9.80659952799;
24;1002.0;698.0;-0.17;-0.11;9.83;9.83208523153;9.81024034278;
24;936.0;696.0;-0.16;-0.12;9.77;9.77204686849;9.80546615849;
24;852.0;700.0;-0.16;-0.1;9.8;9.80181615824;9.80506060291;
24;857.0;698.0;-0.16;-0.11;9.81;9.81192132052;9.80574667467;
24;908.0;698.0;-0.18;-0.13;9.82;9.82250986256;9.80727060084;
24;980.0;696.0;-0.16;-0.12;9.72;9.72205739543;9.80016950039;
24;946.0;697.0;-0.18;-0.1;9.77;9.77216966697;9.79801566705;
24;937.0;699.0;-0.16;-0.09;9.81;9.81171748472;9.79899436831;
24;937.0;697.0;-0.16;-0.13;9.82;9.82216371275;9.80053899128;
24;887.0;701.0;-0.19;-0.11;9.84;9.84244888227;9.80315835946;
24;909.0;698.0;-0.15;-0.12;9.74;9.74189406635;9.79955457751;
24;937.0;698.0;-0.15;-0.11;9.76;9.76177238005;9.79745556654;
24;961.0;700.0;-0.16;-0.12;9.79;9.79204268782;9.79717067819;
24;947.0;698.0;-0.17;-0.13;9.79;9.79233884218;9.79692908639;
24;951.0;698.0;-0.15;-0.12;9.81;9.8118805537;9.79764106102;
24;942.0;696.0;-0.18;-0.13;9.78;9.7825201252;9.79695374576;
24;930.0;697.0;-0.17;-0.1;9.73;9.73199876695;9.79412961625;
24;896.0;700.0;-0.15;-0.11;9.78;9.78176875621;9.79361458041;
24;945.0;698.0;-0.19;-0.11;9.8;9.8024588752;9.7939683522;
24;953.0;702.0;-0.16;-0.09;9.81;9.81171748472;9.79465101115;
24;988.0;698.0;-0.15;-0.12;9.73;9.7318960126;9.79232675194;
24;928.0;698.0;-0.18;-0.12;9.75;9.75239970469;9.79090078597;
24;1022.0;697.0;-0.19;-0.11;9.73;9.73247656046;9.7888861575;
24;944.0;697.0;-0.17;-0.09;9.78;9.78189143264;9.78865300001;
24;945.0;698.0;-0.16;-0.09;9.8;9.80171923695;9.78907449152;
24;848.0;699.0;-0.16;-0.09;9.8;9.80171923695;9.78946963982;
24;846.0;698.0;-0.17;-0.11;9.74;9.74210449544;9.78803433241;
24;944.0;697.0;-0.19;-0.11;9.79;9.79246138619;9.78816453987;
24;877.0;700.0;-0.17;-0.11;9.78;9.78209588994;9.78799114988;
24;1036.0;697.0;-0.17;-0.11;9.84;9.84208311284;9.7894937044;
24;1063.0;696.0;-0.14;-0.1;9.76;9.76151627566;9.78873755768;
24;861.0;699.0;-0.16;-0.11;9.73;9.73193711447;9.78724280917;
24;1046.0;698.0;-0.16;-0.09;9.8;9.80171923695;9.78761399963;
24;946.0;696.0;-0.16;-0.1;9.85;9.85180694086;9.78921882316;
24;962.0;700.0;-0.15;-0.1;9.81;9.81165633316;9.7897660795;
24;934.0;703.0;-0.16;-0.11;9.8;9.80192328066;9.79005553667;
24;962.0;697.0;-0.15;-0.1;9.81;9.81165633316;9.79055788078;
24;940.0;697.0;-0.15;-0.1;9.78;9.78166141307;9.79035568833;
24;938.0;697.0;-0.16;-0.12;9.79;9.79204268782;9.79039317721;
24;947.0;697.0;-0.18;-0.08;9.73;9.73199362926;9.78912362182;
24;938.0;699.0;-0.16;-0.12;9.85;9.85203024762;9.79046206066;
24;1066.0;698.0;-0.16;-0.1;9.84;9.84180877685;9.79153178392;
24;929.0;697.0;-0.14;-0.1;9.84;9.84150395011;9.79255162404;
24;995.0;700.0;-0.15;-0.09;9.83;9.83155633661;9.79333171829;
24;939.0;702.0;-0.16;-0.11;9.78;9.78192721298;9.79310810054;
24;872.0;699.0;-0.18;-0.1;9.81;9.81216082216;9.79347449904;
24;888.0;703.0;-0.16;-0.1;9.78;9.78181987158;9.7932546004;
24;1055.0;703.0;-0.15;-0.09;9.72;9.72157394664;9.79192718089;
24;1005.0;698.0;-0.2;-0.01;9.77;9.77205198513;9.7915658137;
24;940.0;697.0;-0.19;-0.2;10.04;10.0437891256;9.79606980141;
24;874.0;700.0;-0.2;-0.04;9.73;9.73213748362;9.7949481818;
24;996.0;699.0;-0.16;-0.08;9.81;9.81163085323;9.79523581406;
24;832.0;698.0;-0.17;-0.11;9.85;9.85208099845;9.79619929177;
24;1061.0;695.0;-0.17;-0.1;9.82;9.82198045203;9.79662897777;
24;894.0;697.0;-0.17;-0.11;9.78;9.78209588994;9.79639073043;
24;943.0;697.0;-0.17;-0.11;9.81;9.81208948186;9.7966439361;
24;828.0;699.0;-0.17;-0.1;9.81;9.81198247043;9.7968874049;
24;952.0;698.0;-0.15;-0.13;9.73;9.73202445537;9.79587392131;
24;942.0;698.0;-0.16;-0.12;9.76;9.76204896525;9.79535353737;
24;847.0;698.0;-0.15;-0.09;9.77;9.77156589294;9.79499311851;
24;1051.0;698.0;-0.14;-0.1;9.87;9.87149937953;9.79613500301;
24;941.0;700.0;-0.15;-0.09;9.85;9.85155317704;9.79694997615;
24;891.0;697.0;-0.16;-0.13;9.72;9.72218596819;9.79586643981;
24;980.0;694.0;-0.18;-0.09;9.73;9.73208096966;9.79495521881;
24;970.0;699.0;-0.17;-0.13;9.84;9.84232696063;9.79562242644;
24;941.0;699.0;-0.17;-0.1;9.78;9.78198855039;9.79543306705;
24;1016.0;698.0;-0.15;-0.12;9.8;9.80188247226;9.79552141506;
24;911.0;703.0;-0.17;-0.12;9.74;9.74222253903;9.79480115998;
24;1072.0;700.0;-0.14;-0.11;9.82;9.82161392033;9.79515866345;
24;867.0;700.0;-0.17;-0.11;9.8;9.80209161353;9.79524988648;
24;937.0;697.0;-0.19;-0.12;9.75;9.75258939974;9.79469585419;
24;942.0;695.0;-0.19;-0.11;9.71;9.71248166021;9.79364182606;
24;1012.0;700.0;-0.17;-0.11;9.8;9.80209161353;9.79374878539;
24;972.0;700.0;-0.18;-0.09;9.78;9.78207033301;9.79360280474;
24;965.0;698.0;-0.19;-0.08;9.79;9.79217034166;9.79358512001;
24;927.0;696.0;-0.14;-0.11;9.8;9.8016172135;9.79368307237;
24;943.0;698.0;-0.15;-0.1;9.78;9.78166141307;9.7935382331;
24;937.0;697.0;-0.18;-0.1;9.72;9.72218082531;9.79268874015;
24;940.0;698.0;-0.17;-0.1;9.7;9.70200494743;9.791621872;
24;857.0;695.0;-0.16;-0.11;9.73;9.73193711447;9.79092786319;
24;1022.0;698.0;-0.16;-0.11;9.8;9.80192328066;9.7910542473;
24;940.0;697.0;-0.17;-0.11;9.77;9.77209803471;9.79083883579;
24;947.0;698.0;-0.17;-0.11;9.84;9.84208311284;9.79141461419;
24;945.0;698.0;-0.15;-0.11;9.74;9.74177601878;9.79086307424;
24;941.0;696.0;-0.14;-0.11;9.84;9.84161064054;9.7914207398;
24;828.0;698.0;-0.15;-0.12;9.78;9.78188632116;9.79131710482;
24;1032.0;695.0;-0.19;-0.11;9.83;9.83245137288;9.79175940877;
24;1054.0;698.0;-0.19;-0.11;9.82;9.82245386856;9.79208594558;
24;915.0;698.0;-0.17;-0.11;9.79;9.79209374955;9.79208602773;
24;977.0;698.0;-0.14;-0.11;9.8;9.8016172135;9.79218531091;
24;945.0;700.0;-0.17;-0.12;9.78;9.78221345095;9.79208250823;
24;1013.0;697.0;-0.18;-0.1;9.81;9.81216082216;9.79228738899;
24;945.0;697.0;-0.17;-0.12;9.81;9.81220668351;9.79248859398;
24;960.0;697.0;-0.14;-0.11;9.76;9.76162384032;9.79217994645;
24;944.0;697.0;-0.16;-0.09;9.76;9.76172628176;9.79187842501;
24;953.0;700.0;-0.16;-0.11;9.77;9.77192918517;9.78190380509;
24;1066.0;702.0;-0.17;-0.11;9.79;9.79209374955;9.78530045325;
24;1001.0;699.0;-0.16;-0.11;9.83;9.83191741218;9.79695469298;
24;951.0;697.0;-0.17;-0.11;9.82;9.82208735453;9.80198122529;
24;979.0;695.0;-0.18;-0.13;9.71;9.71253828821;9.78707406911;
24;942.0;698.0;-0.16;-0.11;9.78;9.78192721298;9.78633880395;
24;946.0;698.0;-0.17;-0.12;9.83;9.83220219483;9.79207172781;
24;939.0;697.0;-0.14;-0.13;9.8;9.801862068;9.79315954338;
24;872.0;696.0;-0.16;-0.11;9.79;9.79192524481;9.79303611353;
24;975.0;697.0;-0.16;-0.12;9.72;9.72205739543;9.78658350279;
24;972.0;698.0;-0.15;-0.11;9.78;9.78176875621;9.78618227391;
24;1012.0;698.0;-0.17;-0.11;9.78;9.78209588994;9.78586793668;
24;994.0;698.0;-0.17;-0.11;9.8;9.80209161353;9.78702677074;
24;968.0;699.0;-0.15;-0.12;9.82;9.82187863904;9.78935022863;
24;1052.0;698.0;-0.19;-0.1;9.76;9.76236139466;9.78766342651;
24;947.0;699.0;-0.16;-0.1;9.82;9.82181246003;9.78967219318;
24;957.0;698.0;-0.17;-0.12;9.84;9.84219995733;9.7925904023;
24;1062.0;699.0;-0.16;-0.11;9.78;9.78192721298;9.79202918181;
24;1066.0;696.0;-0.15;-0.11;9.81;9.81176334814;9.79301589013;
24;943.0;697.0;-0.14;-0.09;9.81;9.81141172309;9.79389188217;
24;994.0;698.0;-0.16;-0.1;9.77;9.77182173395;9.79288869362;
24;1035.0;701.0;-0.17;-0.11;9.8;9.80209161353;9.79328882057;
24;894.0;700.0;-0.17;-0.11;9.79;9.79209374955;9.79323902595;
24;868.0;700.0;-0.16;-0.13;9.84;9.84215931592;9.79519583754;
24;1054.0;698.0;-0.17;-0.11;9.72;9.72210882474;9.79238479859;
24;931.0;698.0;-0.15;-0.11;9.82;9.8217615528;9.79347282652;
24;1026.0;699.0;-0.16;-0.11;9.84;9.84191546397;9.79520292072;
24;959.0;699.0;-0.16;-0.11;9.83;9.83191741218;9.79646893767;
24;936.0;698.0;-0.17;-0.1;9.72;9.72200082288;9.79398666717;
24;941.0;700.0;-0.14;-0.12;9.8;9.80173454038;9.79423659857;
24;995.0;700.0;-0.17;-0.11;9.8;9.80209161353;9.79448206778;
24;943.0;698.0;-0.16;-0.08;9.83;9.83162753566;9.79560768802;
24;940.0;702.0;-0.17;-0.1;9.83;9.83197843773;9.79667741595;
24;944.0;702.0;-0.16;-0.1;9.83;9.83181061656;9.79768122169;
24;999.0;700.0;-0.15;-0.1;9.85;9.85164960806;9.79918034353;
24;1013.0;699.0;-0.17;-0.11;9.77;9.77209803471;9.79844838924;
24;940.0;701.0;-0.17;-0.09;9.84;9.84187990173;9.79959132378;
24;1064.0;699.0;-0.17;-0.12;9.81;9.81220668351;9.79991479454;
24;850.0;701.0;-0.17;-0.11;9.8;9.80209161353;9.79996921501;
24;945.0;700.0;-0.17;-0.11;9.75;9.75210233744;9.7988017302;
24;850.0;700.0;-0.16;-0.11;9.81;9.81192132052;9.79911410139;
24;928.0;697.0;-0.19;-0.1;9.83;9.83234458306;9.79988690329;
24;959.0;697.0;-0.14;-0.12;9.82;9.82173100833;9.80038336023;
24;1065.0;699.0;-0.15;-0.11;9.77;9.77177056628;9.79974752036;
24;1065.0;701.0;-0.17;-0.12;9.81;9.81220668351;9.80001837173;
24;894.0;701.0;-0.16;-0.11;9.82;9.82191936436;9.8004843503;
24;899.0;700.0;-0.14;-0.12;9.79;9.79173631181;9.8003020995;
24;860.0;700.0;-0.15;-0.11;9.79;9.79176694984;9.80012791277;
24;890.0;698.0;-0.18;-0.09;9.76;9.7620745746;9.79936684601;
24;934.0;696.0;-0.17;-0.1;9.81;9.81198247043;9.79961421119;
24;869.0;697.0;-0.16;-0.1;9.84;9.84180877685;9.80042564515;
24;939.0;698.0;-0.15;-0.1;9.74;9.74166823496;9.79931701477;
24;981.0;699.0;-0.18;-0.11;9.82;9.82226552278;9.79974198714;
24;940.0;701.0;-0.16;-0.1;9.82;9.82181246003;9.80014326846;
24;846.0;700.0;-0.18;-0.09;9.82;9.82206190166;9.80053467263;
24;943.0;699.0;-0.15;-0.11;9.76;9.76177238005;9.7998546324;
24;1061.0;697.0;-0.15;-0.11;9.84;9.84175797305;9.8005771038;
24;936.0;701.0;-0.16;-0.1;9.74;9.74182734398;9.79958134515;
24;945.0;701.0;-0.15;-0.1;9.81;9.81165633316;9.79978259495;
24;1019.0;698.0;-0.15;-0.09;9.81;9.81155950907;9.79997565912;
24;1026.0;699.0;-0.17;-0.13;9.7;9.70236053752;9.79840122168;
24;939.0;699.0;-0.19;-0.11;9.75;9.75247148163;9.79767217818;
24;1062.0;700.0;-0.17;-0.11;9.74;9.74210449544;9.79680393314;
24;938.0;697.0;-0.16;-0.11;9.76;9.7619311614;9.79626742896;
24;967.0;700.0;-0.15;-0.13;9.8;9.80200999795;9.79635443758;
24;946.0;698.0;-0.14;-0.11;9.85;9.85160900564;9.79717913263;
24;859.0;700.0;-0.16;-0.1;9.74;9.74182734398;9.79636513573;
24;944.0;699.0;-0.16;-0.13;9.81;9.81216591788;9.79659413258;
24;943.0;699.0;-0.18;-0.11;9.8;9.80227014523;9.79667521847;
24;945.0;700.0;-0.17;-0.12;9.81;9.81220668351;9.7968939715;
24;1023.0;700.0;-0.17;-0.1;9.74;9.74199671525;9.79613150961;
24;864.0;696.0;-0.17;-0.1;9.74;9.74199671525;9.79538993708;
24;1058.0;698.0;-0.17;-0.12;9.8;9.80220893472;9.7954820857;
24;952.0;698.0;-0.16;-0.11;9.84;9.84191546397;9.79610119741;
24;935.0;698.0;-0.15;-0.12;9.8;9.80188247226;9.79617726682;
24;1013.0;702.0;-0.15;-0.09;9.74;9.74157071524;9.79546809082;
24;1024.0;696.0;-0.18;-0.11;9.82;9.82226552278;9.79581164764;
24;936.0;698.0;-0.17;-0.12;9.84;9.84219995733;9.79639884143;
24;969.0;699.0;-0.18;-0.11;9.79;9.79227246353;9.79634726171;
24;939.0;704.0;-0.16;-0.11;9.76;9.7619311614;9.79592237158;
24;861.0;700.0;-0.17;-0.11;9.8;9.80209161353;9.79599760624;
24;832.0;704.0;-0.18;-0.11;9.79;9.79227246353;9.795952725;
24;1054.0;700.0;-0.17;-0.09;9.84;9.84187990173;9.79649947711;
24;938.0;697.0;-0.18;-0.12;9.83;9.83238017979;9.79692160302;
24;947.0;699.0;-0.16;-0.09;9.82;9.82171573606;9.79720990689;
24;857.0;698.0;-0.15;-0.12;9.75;9.7518921241;9.79668901284;
24;864.0;698.0;-0.16;-0.09;9.8;9.80171923695;9.79674617448;
24;879.0;700.0;-0.17;-0.13;9.82;9.82233169874;9.79703365228;
24;1041.0;698.0;-0.17;-0.1;9.84;9.84197642753;9.79753301645;
24;943.0;698.0;-0.15;-0.11;9.73;9.73177784374;9.79681043213;
24;1043.0;698.0;-0.15;-0.1;9.78;9.78166141307;9.79664576888;
24;1022.0;699.0;-0.17;-0.11;9.81;9.81208948186;9.79681183031;
24;940.0;698.0;-0.17;-0.09;9.83;9.83188181377;9.79718491524;
24;848.0;699.0;-0.19;-0.11;9.76;9.76246895001;9.79681948403;
24;858.0;700.0;-0.17;-0.1;9.73;9.73199876695;9.79614426823;
24;941.0;699.0;-0.14;-0.12;9.75;9.75174343387;9.79568652766;
24;867.0;698.0;-0.18;-0.13;9.81;9.81251242037;9.79585822045;
24;903.0;702.0;-0.14;-0.1;9.83;9.83150547983;9.79621829377;
24;921.0;699.0;-0.16;-0.1;9.81;9.81181430725;9.79637425391;
24;1016.0;696.0;-0.17;-0.11;9.73;9.73210665786;9.79573794108;
24;930.0;698.0;-0.17;-0.11;9.73;9.73210665786;9.76392229947;
24;994.0;699.0;-0.15;-0.12;9.81;9.8118805537;9.77990838421;
24;1032.0;700.0;-0.15;-0.1;9.84;9.84165128421;9.79534410921;
24;1008.0;699.0;-0.16;-0.13;9.85;9.8521571242;9.80670671221;
24;979.0;699.0;-0.18;-0.11;9.72;9.72228882517;9.79263706437;
24;979.0;699.0;-0.16;-0.1;9.8;9.80181615824;9.79394836349;
24;941.0;699.0;-0.13;-0.11;9.85;9.85147197123;9.80113881446;
24;950.0;698.0;-0.17;-0.12;9.83;9.83220219483;9.80459030117;
24;878.0;698.0;-0.15;-0.11;9.8;9.80176514716;9.80430778577;
24;908.0;702.0;-0.16;-0.13;9.8;9.80216812751;9.80411327138;
24;1063.0;698.0;-0.18;-0.08;9.75;9.7519895406;9.79976962715;
24;927.0;700.0;-0.14;-0.11;9.85;9.85160900564;9.80375727165;
24;945.0;700.0;-0.16;-0.11;9.83;9.83191741218;9.80576871026;
24;865.0;703.0;-0.15;-0.12;9.78;9.78188632116;9.80417655098;
24;1060.0;700.0;-0.18;-0.11;9.75;9.75228178428;9.80093312807;
24;851.0;699.0;-0.14;-0.1;9.8;9.80151008774;9.80096706687;
24;1066.0;699.0;-0.16;-0.1;9.82;9.82181246003;9.80212514427;
24;1059.0;701.0;-0.17;-0.11;9.79;9.79209374955;9.80159717612;
24;1024.0;700.0;-0.15;-0.11;9.7;9.70178334122;9.79660648438;
24;887.0;697.0;-0.18;-0.11;9.83;9.83226321861;9.7983044241;
24;943.0;702.0;-0.2;-0.1;9.79;9.79255329319;9.79804300906;
24;980.0;698.0;-0.17;-0.11;9.78;9.78209588994;9.79734965606;
24;1038.0;697.0;-0.17;-0.12;9.77;9.772215716;9.79630240856;
24;961.0;696.0;-0.16;-0.1;9.77;9.77182173395;9.79532318157;
24;1023.0;698.0;-0.15;-0.11;9.85;9.85175618862;9.79749368184;
24;1005.0;702.0;-0.16;-0.11;9.74;9.74193512604;9.79543595755;
24;989.0;698.0;-0.17;-0.1;9.77;9.77199058534;9.79459862283;
24;856.0;700.0;-0.16;-0.11;9.8;9.80192328066;9.79485119724;
24;930.0;699.0;-0.15;-0.09;9.82;9.82155792123;9.79574142137;
24;940.0;699.0;-0.17;-0.09;9.83;9.83188181377;9.79690724048;
24;845.0;703.0;-0.15;-0.11;9.74;9.74177601878;9.7951843898;
24;940.0;697.0;-0.19;-0.11;9.73;9.73247656046;9.79328415255;
24;998.0;699.0;-0.19;-0.12;9.74;9.74259205756;9.79179320858;
24;941.0;701.0;-0.18;-0.11;9.84;9.84226091912;9.79323514317;
24;853.0;699.0;-0.17;-0.1;9.74;9.74199671525;9.7918118535;
24;1066.0;699.0;-0.14;-0.12;9.8;9.80173454038;9.79208003423;
24;990.0;701.0;-0.17;-0.1;9.77;9.77199058534;9.79155136452;
24;938.0;699.0;-0.16;-0.11;9.83;9.83191741218;9.79258639138;
24;939.0;698.0;-0.15;-0.11;9.83;9.8317597611;9.79356572563;
24;947.0;700.0;-0.16;-0.11;9.79;9.79192524481;9.7935257139;
24;963.0;698.0;-0.17;-0.15;9.78;9.78262745892;9.79326623164;
24;892.0;701.0;-0.17;-0.11;9.84;9.84208311284;9.79440150795;
24;1059.0;700.0;-0.17;-0.11;9.72;9.72210882474;9.79275849242;
24;996.0;698.0;-0.18;-0.1;9.75;9.75217411658;9.7918566174;
24;1012.0;698.0;-0.18;-0.11;9.84;9.84226091912;9.79295236309;
24;932.0;699.0;-0.17;-0.11;9.74;9.74210449544;9.79187049356;
24;940.0;699.0;-0.15;-0.12;9.82;9.82187863904;9.79249566326;
24;1048.0;702.0;-0.17;-0.11;9.76;9.76210018387;9.79187534736;
24;966.0;699.0;-0.17;-0.13;9.84;9.84232696063;9.79288437962;
24;980.0;701.0;-0.17;-0.12;9.82;9.82220443689;9.79345928271;
24;940.0;700.0;-0.16;-0.11;9.81;9.81192132052;9.79381432189;
24;927.0;700.0;-0.17;-0.09;9.73;9.73190115034;9.79264614885;
24;887.0;700.0;-0.17;-0.11;9.76;9.76210018387;9.79208048283;
24;851.0;701.0;-0.17;-0.09;9.83;9.83188181377;9.79280414339;
24;931.0;699.0;-0.16;-0.12;9.86;9.86202818897;9.79404028706;
24;967.0;699.0;-0.14;-0.1;9.82;9.82150701267;9.79452215944;
24;840.0;697.0;-0.17;-0.11;9.83;9.83208523153;9.79516979861;
24;921.0;704.0;-0.14;-0.11;9.82;9.82161392033;9.79561800407;
24;851.0;700.0;-0.15;-0.11;9.83;9.8317597611;9.79622036668;
24;1063.0;700.0;-0.14;-0.11;9.79;9.79161886513;9.79614493223;
24;831.0;697.0;-0.17;-0.1;9.82;9.82198045203;9.79656163417;
24;928.0;700.0;-0.17;-0.11;9.83;9.83208523153;9.79712550079;
24;940.0;697.0;-0.17;-0.08;9.82;9.82179718789;9.7975109959;
24;946.0;700.0;-0.15;-0.11;9.74;9.74177601878;9.79665353471;
24;844.0;698.0;-0.16;-0.1;9.76;9.76182360013;9.79612580843;
24;940.0;700.0;-0.16;-0.12;9.78;9.78204477602;9.79591564377;
24;855.0;701.0;-0.17;-0.1;9.79;9.7919865196;9.79585786253;
24;938.0;699.0;-0.17;-0.11;9.75;9.75210233744;9.79522372449;
24;1041.0;699.0;-0.17;-0.11;9.76;9.76210018387;9.79475053105;
24;935.0;696.0;-0.17;-0.1;9.81;9.81198247043;9.79499323442;
24;960.0;699.0;-0.17;-0.1;9.8;9.80198449295;9.79509033523;
24;958.0;698.0;-0.17;-0.09;9.77;9.77189336823;9.79477256856;
24;848.0;695.0;-0.16;-0.11;9.8;9.80192328066;9.79486919981;
24;1071.0;697.0;-0.16;-0.13;9.82;9.82216371275;9.79523312665;
24;883.0;699.0;-0.17;-0.09;9.75;9.7518972513;9.79466291776;
24;945.0;697.0;-0.15;-0.1;9.73;9.73166994919;9.79384482726;
24;1018.0;696.0;-0.17;-0.13;9.78;9.78234123306;9.79369734528;
24;946.0;697.0;-0.19;-0.07;9.83;9.83208523153;9.79418326789;
24;1040.0;698.0;-0.17;-0.11;9.79;9.79209374955;9.79415714891;
24;941.0;697.0;-0.16;-0.12;9.77;9.77204686849;9.79388418249;
24;857.0;694.0;-0.16;-0.11;9.82;9.82191936436;9.79422607495;
24;1062.0;697.0;-0.14;-0.09;9.82;9.8214102857;9.79455359556;
24;830.0;701.0;-0.18;-0.09;9.73;9.73208096966;9.79380987383;
24;947.0;697.0;-0.17;-0.11;9.71;9.71211099607;9.79284871056;
24;1036.0;699.0;-0.18;-0.12;9.8;9.80238746429;9.7929596263;
24;941.0;698.0;-0.17;-0.1;9.77;9.77199058534;9.79271860284;
24;856.0;700.0;-0.18;-0.11;9.8;9.80227014523;9.79282714309;
24;1002.0;699.0;-0.15;-0.11;9.82;9.8217615528;9.79315224882;
24;1055.0;699.0;-0.18;-0.1;9.79;9.79216523553;9.79314128201;
24;944.0;699.0;-0.15;-0.11;9.82;9.8217615528;9.79345579048;
24;836.0;699.0;-0.16;-0.1;9.8;9.80181615824;9.79354666404;
24;1003.0;700.0;-0.15;-0.12;9.85;9.85187291838;9.79417382806;
24;1000.0;700.0;-0.18;-0.12;9.81;9.81238503117;9.79436756427;
24;940.0;697.0;-0.18;-0.12;9.84;9.8423777615;9.79487293477;
24;945.0;699.0;-0.17;-0.12;9.79;9.79221119053;9.79484520826;
24;946.0;700.0;-0.14;-0.11;9.71;9.71163220061;9.7939873422;
24;940.0;700.0;-0.14;-0.11;9.85;9.85160900564;9.79457531836;
24;836.0;699.0;-0.17;-0.11;9.8;9.80209161353;9.79465124054;
24;1006.0;703.0;-0.16;-0.11;9.78;9.78192721298;9.79452400026;
24;942.0;700.0;-0.15;-0.11;9.85;9.85175618862;9.79509065559;
24;860.0;700.0;-0.17;-0.12;9.83;9.83220219483;9.81364642521;
24;1067.0;704.0;-0.14;-0.1;9.73;9.73152094999;9.7862712668;
24;946.0;700.0;-0.16;-0.09;9.77;9.77172451515;9.78263457889;
24;943.0;700.0;-0.16;-0.11;9.79;9.79192524481;9.78449271207;
24;973.0;702.0;-0.17;-0.11;9.81;9.81208948186;9.7890921737;
24;942.0;701.0;-0.17;-0.1;9.79;9.7919865196;9.78950565169;
24;845.0;700.0;-0.17;-0.1;9.79;9.7919865196;9.78981576018;
24;1057.0;700.0;-0.16;-0.12;9.85;9.85203024762;9.796728481;
24;946.0;700.0;-0.14;-0.11;9.78;9.78162052014;9.79521768492;
24;855.0;702.0;-0.16;-0.09;9.78;9.78172275215;9.79399087285;
24;1023.0;703.0;-0.15;-0.1;9.73;9.73166994919;9.78879746254;
24;926.0;700.0;-0.18;-0.11;9.86;9.86225633413;9.79444814497;
24;851.0;700.0;-0.15;-0.12;9.84;9.84187482139;9.79783576472;
24;1060.0;701.0;-0.15;-0.11;9.81;9.81176334814;9.79876427028;
24;942.0;701.0;-0.14;-0.13;9.73;9.7318754616;9.79458371974;
24;1000.0;701.0;-0.16;-0.11;9.8;9.80192328066;9.79501545861;
24;943.0;700.0;-0.15;-0.12;9.84;9.84187482139;9.79761875655;
24;871.0;702.0;-0.16;-0.1;9.81;9.81181430725;9.79836589079;
24;1061.0;703.0;-0.15;-0.1;9.85;9.85164960806;9.80103007666;
24;979.0;699.0;-0.16;-0.11;9.79;9.79192524481;9.80059651324;
24;925.0;701.0;-0.17;-0.1;9.84;9.84197642753;9.80247741843;
24;836.0;702.0;-0.16;-0.09;9.75;9.75172805199;9.80027092424;
24;835.0;703.0;-0.17;-0.11;9.74;9.74210449544;9.79784732304;
24;926.0;695.0;-0.16;-0.14;9.89;9.89228487257;9.80162482502;
24;1049.0;701.0;-0.13;-0.11;9.78;9.78148250522;9.80085012041;
24;996.0;701.0;-0.12;-0.1;9.8;9.8012448189;9.80086473887;
24;1065.0;700.0;-0.18;-0.11;9.86;9.86225633413;9.80305729585;
24;1009.0;699.0;-0.13;-0.1;9.8;9.80137235289;9.80299919437;
24;945.0;699.0;-0.19;-0.1;9.75;9.75236381602;9.80131134842;
24;904.0;700.0;-0.16;-0.09;9.73;9.73173160337;9.79906684052;
24;945.0;702.0;-0.16;-0.09;9.79;9.79172099276;9.79883728277;
24;952.0;700.0;-0.19;-0.1;9.82;9.82234697005;9.79954969754;
24;843.0;699.0;-0.16;-0.11;9.82;9.82191936436;9.80020762892;
24;940.0;699.0;-0.16;-0.12;9.84;9.84203231045;9.80140261982;
24;947.0;700.0;-0.15;-0.11;9.79;9.79176694984;9.80113496232;
24;1045.0;700.0;-0.16;-0.12;9.74;9.74205317169;9.79953815717;
24;939.0;698.0;-0.17;-0.13;9.79;9.79233884218;9.79934870151;
24;888.0;700.0;-0.16;-0.1;9.83;9.83181061656;9.80018105831;
24;978.0;700.0;-0.13;-0.11;9.79;9.79148099115;9.79996355663;
24;1000.0;698.0;-0.17;-0.11;9.83;9.83208523153;9.80074701211;
24;890.0;699.0;-0.16;-0.11;9.84;9.84191546397;9.80172721335;
24;1014.0;700.0;-0.16;-0.11;9.8;9.80192328066;9.80173177305;
24;944.0;699.0;-0.17;-0.11;9.68;9.68211753699;9.79901326769;
24;849.0;702.0;-0.18;-0.09;9.8;9.80206610873;9.7990811086;
24;851.0;701.0;-0.16;-0.08;9.82;9.82162919276;9.79957128434;
24;966.0;701.0;-0.16;-0.11;9.83;9.83191741218;9.80025949983;
24;1002.0;698.0;-0.15;-0.11;9.69;9.69178518128;9.79799961819;
24;861.0;700.0;-0.16;-0.11;9.83;9.83191741218;9.79869181807;
24;950.0;699.0;-0.14;-0.09;9.83;9.83140885123;9.79934615873;
24;851.0;699.0;-0.15;-0.11;9.84;9.84175797305;9.80017776293;
24;979.0;698.0;-0.15;-0.11;9.76;9.76177238005;9.79943919788;
24;961.0;697.0;-0.18;-0.1;9.84;9.84215423574;9.80024514199;
24;925.0;698.0;-0.19;-0.11;9.73;9.73247656046;9.79899016826;
24;966.0;700.0;-0.16;-0.1;9.72;9.72183110324;9.79758727617;
24;1022.0;698.0;-0.16;-0.12;9.77;9.77204686849;9.79713119746;
24;1030.0;699.0;-0.16;-0.12;9.81;9.81203852418;9.7973927295;
24;968.0;699.0;-0.17;-0.13;9.66;9.66237030961;9.79506475675;
24;926.0;698.0;-0.15;-0.11;9.71;9.71178150496;9.79365317621;
24;940.0;697.0;-0.17;-0.13;9.83;9.83232932728;9.79429777873;
24;894.0;699.0;-0.15;-0.1;9.73;9.73166994919;9.793271093;
24;958.0;700.0;-0.15;-0.1;9.73;9.73166994919;9.79227752616;
24;938.0;698.0;-0.16;-0.12;9.84;9.84203231045;9.79306728464;
24;1088.0;699.0;-0.15;-0.1;9.77;9.77166311331;9.79273284447;
24;954.0;699.0;-0.17;-0.12;9.73;9.73222482272;9.79180195182;
24;857.0;700.0;-0.19;-0.11;9.78;9.78246390231;9.79166046622;
24;1009.0;699.0;-0.15;-0.11;9.85;9.85175618862;9.7925574173;
24;966.0;699.0;-0.16;-0.13;9.77;9.77217478354;9.79225767269;
24;833.0;700.0;-0.17;-0.11;9.75;9.75210233744;9.79167571131;
24;920.0;700.0;-0.15;-0.11;9.77;9.77177056628;9.7913913521;
24;986.0;703.0;-0.17;-0.12;9.8;9.80220893472;9.79154371241;
24;945.0;699.0;-0.17;-0.07;9.73;9.7317367412;9.79071306004;
24;942.0;698.0;-0.16;-0.12;9.84;9.84203231045;9.79141606347;
24;947.0;699.0;-0.16;-0.08;9.73;9.73164425984;9.79060833639;
24;946.0;697.0;-0.16;-0.11;9.82;9.82191936436;9.79102581676;
24;981.0;700.0;-0.17;-0.1;9.76;9.76199262446;9.79064380108;
24;1016.0;701.0;-0.17;-0.11;9.76;9.76210018387;9.79027310475;
24;976.0;701.0;-0.17;-0.1;9.86;9.86197241935;9.79119232673;
24;1067.0;700.0;-0.16;-0.11;9.68;9.68194711822;9.78980947599;
24;997.0;700.0;-0.16;-0.07;9.71;9.71157041884;9.78883148777;
24;1068.0;700.0;-0.15;-0.1;9.78;9.78166141307;9.78874296833;
24;1061.0;702.0;-0.16;-0.12;9.88;9.88202408416;9.78988054292;
24;940.0;698.0;-0.15;-0.11;9.83;9.8317597611;9.79038511181;
24;946.0;700.0;-0.14;-0.1;9.77;9.77151472393;9.79016046434;
24;961.0;700.0;-0.13;-0.12;9.78;9.78160007361;9.79005975386;
24;986.0;702.0;-0.16;-0.11;9.81;9.81192132052;9.79031395812;
24;946.0;700.0;-0.16;-0.09;9.74;9.74172982586;9.78975551982;
24;948.0;702.0;-0.17;-0.11;9.79;9.79209374955;9.78978209061;
24;954.0;701.0;-0.19;-0.11;9.79;9.79246138619;9.78981219506;
24;945.0;700.0;-0.17;-0.11;9.81;9.81208948186;9.79005972046;
24;946.0;700.0;-0.17;-0.11;9.74;9.74210449544;9.78953273997;
24;941.0;701.0;-0.15;-0.11;9.78;9.78176875621;9.78944834884;
24;842.0;702.0;-0.14;-0.11;9.9;9.90160088067;9.79065429004;
