23;2996.0;1203.0;0.05;0.02;0.02;0.0574456264654;0.0574456264654;
23;3126.0;1203.0;0.05;0.0;-0.07;0.0860232526704;0.0717344395679;
23;2628.0;1202.0;0.01;0.02;0.01;0.0244948974278;0.0559879255212;
23;3089.0;1201.0;0.06;0.0;0.0;0.06;0.0569909441409;
23;2923.0;1201.0;0.07;0.0;0.0;0.07;0.0595927553127;
23;2912.0;1202.0;0.1;0.01;0.0;0.100498756211;0.0664104221291;
23;3093.0;1202.0;0.06;0.0;0.06;0.0848528137424;0.0690450495025;
23;2908.0;1202.0;0.04;0.02;0.01;0.0458257569496;0.0661426379333;
23;2913.0;1203.0;0.06;-0.02;0.05;0.080622577483;0.0677515201055;
23;3173.0;1203.0;0.06;0.0;0.05;0.0781024967591;0.0687866177709;
23;3141.0;1202.0;0.09;0.02;-0.07;0.115758369028;0.0730567769761;
23;2980.0;1202.0;0.04;0.02;-0.02;0.0489897948557;0.0710511951327;
23;2925.0;1203.0;0.07;0.01;0.0;0.0707106781187;0.0710250015162;
23;2960.0;1203.0;0.04;0.01;0.0;0.0412310562562;0.0688968625691;
23;2901.0;1204.0;0.05;0.01;-0.08;0.0948683298051;0.0706282937182;
23;2972.0;1202.0;0.03;0.04;-0.01;0.0509901951359;0.0694009125568;
23;3059.0;1202.0;0.03;0.02;0.01;0.0374165738677;0.0675194808692;
23;2579.0;1200.0;0.06;-0.01;0.0;0.060827625303;0.0671477111155;
23;3066.0;1202.0;0.03;0.03;-0.01;0.0435889894354;0.0659077783955;
23;2843.0;1203.0;0.09;0.0;0.02;0.0921954445729;0.0672221617044;
23;3223.0;1202.0;0.04;0.03;0.02;0.0538516480713;0.066585470579;
23;2914.0;1204.0;0.07;-0.01;-0.08;0.10677078252;0.0684120756672;
23;3163.0;1203.0;0.02;0.0;-0.04;0.04472135955;0.0673820445317;
23;2793.0;1201.0;0.04;0.0;0.02;0.04472135955;0.0664378493241;
23;2616.0;1203.0;0.04;0.03;0.02;0.0538516480713;0.065934401274;
23;3120.0;1203.0;0.06;0.0;0.03;0.067082039325;0.065978541199;
23;3160.0;1202.0;0.04;0.07;-0.03;0.0860232526704;0.0667209379202;
23;3164.0;1203.0;0.04;0.03;0.01;0.0509901951359;0.0661591256779;
23;2904.0;1201.0;0.09;0.02;0.02;0.0943398113206;0.0671308734587;
23;3124.0;1203.0;0.04;0.03;-0.01;0.0509901951359;0.0665928508479;
23;3152.0;1204.0;0.0;0.03;0.04;0.05;0.0660575975948;
23;2713.0;1202.0;0.02;0.02;0.02;0.0346410161514;0.0650758294247;
23;3194.0;1203.0;-0.01;0.04;-0.03;0.0509901951359;0.064648992022;
23;3005.0;1201.0;0.04;0.01;-0.01;0.0424264068712;0.0639953865764;
23;3191.0;1203.0;0.05;0.0;-0.03;0.0583095189485;0.0638329332156;
23;3203.0;1204.0;0.04;0.01;0.02;0.0458257569496;0.0633327338749;
23;2969.0;1202.0;0.07;0.0;0.01;0.0707106781187;0.0635321377733;
23;2730.0;1201.0;0.06;0.01;-0.03;0.0678232998313;0.0636450630906;
23;2640.0;1203.0;0.08;0.0;0.01;0.080622577483;0.0640803839725;
23;3136.0;1203.0;0.05;-0.03;0.01;0.059160797831;0.063957394319;
23;2863.0;1202.0;0.09;0.0;0.01;0.0905538513814;0.0646060883937;
23;2790.0;1203.0;0.02;0.03;-0.07;0.0787400787401;0.0649426119733;
23;2927.0;1201.0;0.0;0.05;-0.01;0.0509901951359;0.0646181371632;
23;2836.0;1202.0;0.03;0.03;0.04;0.0583095189485;0.0644747594765;
23;3208.0;1202.0;0.07;-0.01;0.03;0.0768114574787;0.064748908321;
23;2923.0;1203.0;0.06;0.03;0.02;0.07;0.0648630624879;
23;2736.0;1202.0;0.09;0.0;0.01;0.0905538513814;0.0654096750175;
23;2659.0;1202.0;0.0;0.04;-0.03;0.05;0.0650886401213;
23;2667.0;1202.0;0.08;0.0;0.01;0.080622577483;0.0654056592512;
23;3176.0;1204.0;0.01;0.05;0.0;0.0509901951359;0.0651173499689;
23;3137.0;1203.0;0.1;-0.01;0.0;0.100498756211;0.0658111030324;
23;2915.0;1202.0;0.02;0.02;-0.06;0.0663324958071;0.0658211298166;
23;3119.0;1204.0;0.05;0.0;0.0;0.05;0.0655226179332;
23;2891.0;1203.0;0.07;-0.03;0.04;0.0860232526704;0.0659022593173;
23;2899.0;1202.0;0.06;0.03;0.01;0.0678232998313;0.0659371873266;
23;3162.0;1203.0;0.04;0.0;0.06;0.0721110255093;0.066047434437;
23;2901.0;1202.0;0.06;0.02;-0.06;0.0871779788708;0.0664181457429;
23;3102.0;1204.0;0.05;0.04;0.0;0.0640312423743;0.0663769922365;
23;2979.0;1201.0;0.07;0.01;0.0;0.0707106781187;0.0664504445396;
23;2954.0;1203.0;0.02;0.06;-0.09;0.11;0.0671762704639;
23;2961.0;1203.0;-0.01;0.04;0.0;0.0412310562562;0.0667509390835;
23;3136.0;1204.0;0.01;0.0;0.05;0.0509901951359;0.0664967335359;
23;3184.0;1202.0;0.07;0.01;0.02;0.0734846922835;0.0666076535161;
23;3126.0;1203.0;0.09;0.01;0.01;0.0911043357914;0.0669904141766;
23;2898.0;1203.0;0.07;0.01;0.0;0.0707106781187;0.0670476490065;
23;3011.0;1205.0;0.08;0.04;-0.02;0.0916515138991;0.0674204348382;
23;2913.0;1203.0;0.05;-0.06;0.0;0.0781024967591;0.0675798685982;
23;2683.0;1203.0;0.03;-0.01;0.03;0.0435889894354;0.0672270615517;
23;3094.0;1202.0;0.03;0.02;0.01;0.0374165738677;0.0667950254983;
23;3123.0;1203.0;0.05;0.03;0.0;0.0583095189485;0.0666738039762;
23;2980.0;1201.0;0.08;0.01;-0.11;0.13638181697;0.0676556069761;
23;2819.0;1201.0;0.07;0.01;-0.02;0.0734846922835;0.0677365664942;
23;2897.0;1202.0;0.08;0.01;0.01;0.0812403840464;0.0679215502963;
23;2773.0;1202.0;0.07;0.05;-0.01;0.0866025403784;0.0681739961082;
23;2901.0;1202.0;0.0;0.01;0.01;0.0141421356237;0.0674535713018;
23;2753.0;1203.0;0.03;0.0;0.06;0.067082039325;0.0674486827231;
23;2648.0;1201.0;0.09;0.0;-0.09;0.127279220614;0.0682257026957;
23;2679.0;1203.0;0.04;0.04;-0.06;0.0824621125124;0.0684082207703;
23;3070.0;1202.0;0.07;0.05;-0.03;0.0911043357914;0.0686955133655;
23;2900.0;1202.0;0.08;0.03;0.04;0.0943398113206;0.06901606709;
23;2610.0;1203.0;0.04;0.03;0.01;0.0509901951359;0.0687935254609;
23;2915.0;1203.0;0.04;0.05;-0.04;0.0754983443527;0.0688752915449;
23;3160.0;1204.0;0.09;0.02;0.0;0.0921954445729;0.0691562572441;
23;2905.0;1204.0;0.03;0.05;0.0;0.0583095189485;0.0690271294072;
23;3014.0;1201.0;0.05;-0.01;-0.02;0.0547722557505;0.0688594250113;
23;2870.0;1203.0;-0.01;0.06;-0.02;0.0640312423743;0.0688032833527;
23;3156.0;1204.0;0.07;0.0;0.02;0.0728010988928;0.0688492352555;
23;3162.0;1204.0;0.07;0.03;-0.03;0.0818535277187;0.0689970113062;
23;2908.0;1203.0;0.04;0.02;0.0;0.04472135955;0.0687242511741;
23;3044.0;1204.0;0.08;0.02;-0.06;0.101980390272;0.0690937638307;
23;3110.0;1203.0;0.07;0.0;0.0;0.07;0.0691037224699;
23;2907.0;1204.0;0.02;0.04;0.01;0.0458257569496;0.0688507011056;
23;3144.0;1205.0;0.08;-0.01;0.03;0.0860232526704;0.0690353521977;
23;3124.0;1203.0;0.04;-0.03;-0.04;0.0640312423743;0.0689821169868;
23;2912.0;1203.0;0.0;0.04;0.0;0.04;0.0686770420712;
23;2601.0;1203.0;0.05;-0.02;0.06;0.080622577483;0.0688014747317;
23;3142.0;1203.0;0.01;0.01;0.04;0.0424264068712;0.0685295668156;
23;2898.0;1203.0;0.05;0.02;0.02;0.0574456264654;0.0684164653835;
23;2703.0;1203.0;0.06;0.0;-0.07;0.0921954445729;0.0686566570924;
23;2819.0;1204.0;0.08;-0.01;0.01;0.0812403840464;0.068782494362;
23;2891.0;1202.0;0.03;0.06;0.0;0.067082039325;0.0687656581735;
23;3006.0;1202.0;0.09;0.0;0.04;0.098488578018;0.0836271180957;
23;3051.0;1204.0;0.06;0.03;-0.07;0.0969535971483;0.0880692777799;
23;3029.0;1203.0;0.04;0.07;-0.01;0.0812403840464;0.0863620543465;
23;2955.0;1203.0;0.02;0.03;0.0;0.0360555127546;0.0763007460282;
23;2941.0;1203.0;0.06;0.01;0.0;0.060827625303;0.073721892574;
23;3195.0;1204.0;0.02;0.02;-0.07;0.0754983443527;0.0739756713995;
23;3260.0;1204.0;0.09;-0.02;0.0;0.0921954445729;0.0762531430462;
23;2940.0;1202.0;0.09;0.0;0.01;0.0905538513814;0.077842110639;
23;3126.0;1204.0;0.08;-0.01;0.01;0.0812403840464;0.0781819379797;
23;3109.0;1203.0;0.05;0.04;-0.05;0.0812403840464;0.0784599785312;
23;3017.0;1205.0;0.03;0.03;0.01;0.0435889894354;0.0755540627732;
23;2894.0;1201.0;0.06;0.02;0.0;0.0632455532034;0.0746072543448;
23;2637.0;1203.0;0.06;0.02;0.05;0.080622577483;0.0750369202832;
23;2705.0;1204.0;0.05;0.02;-0.07;0.0883176086633;0.0759222995086;
23;3178.0;1204.0;0.03;0.0;-0.01;0.0316227766017;0.0731535793269;
23;2896.0;1203.0;0.05;0.02;0.0;0.0538516480713;0.072018171606;
23;2915.0;1203.0;0.02;0.05;0.01;0.0547722557505;0.0710600651696;
23;3141.0;1203.0;0.07;0.03;-0.09;0.117898261226;0.073525233383;
23;2917.0;1203.0;0.06;0.01;-0.02;0.0640312423743;0.0730505338326;
23;3155.0;1204.0;0.02;0.05;0.0;0.0538516480713;0.0721363011773;
23;2918.0;1203.0;0.05;0.01;0.04;0.0648074069841;0.0718031696231;
23;2631.0;1204.0;0.03;0.03;-0.04;0.0583095189485;0.0712164891589;
23;3168.0;1201.0;0.06;0.01;0.03;0.0678232998313;0.0710751062703;
23;2936.0;1202.0;0.05;0.02;0.0;0.0538516480713;0.0703861679423;
23;3039.0;1203.0;0.07;0.01;-0.04;0.0812403840464;0.0708036377925;
23;2724.0;1203.0;0.1;0.03;0.0;0.104403065089;0.0720480610257;
23;2941.0;1204.0;0.09;0.0;0.03;0.0948683298051;0.072863070625;
23;3199.0;1205.0;0.08;-0.01;-0.02;0.0830662386292;0.0732149040044;
23;2997.0;1205.0;0.03;0.03;-0.02;0.0469041575982;0.0723378791242;
23;3095.0;1204.0;0.05;0.02;0.01;0.0547722557505;0.0717712461122;
23;2940.0;1202.0;0.09;0.01;-0.04;0.0989949493661;0.0726219868388;
23;3170.0;1203.0;0.08;0.02;-0.07;0.108166538264;0.0736990944578;
23;2901.0;1202.0;0.07;0.0;0.04;0.080622577483;0.0739027263115;
23;3106.0;1204.0;0.07;0.01;0.03;0.0768114574787;0.0739858329162;
23;3097.0;1203.0;0.06;0.02;0.01;0.0640312423743;0.0737093165123;
23;2917.0;1204.0;0.05;0.0;-0.04;0.0640312423743;0.073447746941;
23;3133.0;1203.0;0.09;-0.02;0.04;0.100498756211;0.074159615606;
23;3036.0;1203.0;0.05;0.02;0.02;0.0574456264654;0.0737310517819;
23;2775.0;1203.0;0.07;0.0;-0.07;0.0989949493661;0.0743626492215;
23;2899.0;1203.0;0.06;0.02;0.01;0.0640312423743;0.0741106636886;
23;2899.0;1203.0;0.07;0.0;-0.02;0.0728010988928;0.0740794835745;
23;3022.0;1203.0;0.06;0.04;-0.07;0.100498756211;0.0746938852637;
23;2920.0;1203.0;0.06;0.01;0.0;0.060827625303;0.0743787429918;
23;2807.0;1203.0;0.08;0.03;0.03;0.0905538513814;0.0747381898449;
23;3126.0;1203.0;0.08;-0.02;0.07;0.108166538264;0.0754648930714;
23;3142.0;1204.0;0.07;0.07;-0.02;0.100995049384;0.0760080878866;
23;3094.0;1203.0;0.07;0.02;0.01;0.0734846922835;0.0759555171449;
23;2942.0;1203.0;0.02;0.02;0.0;0.0282842712475;0.0749826345755;
23;2948.0;1204.0;0.03;0.01;-0.06;0.0678232998313;0.0748394478806;
23;2764.0;1204.0;0.04;0.03;0.02;0.0538516480713;0.0744279223942;
23;3050.0;1202.0;0.03;0.01;0.02;0.0374165738677;0.0737161656918;
23;2947.0;1204.0;0.05;0.01;0.05;0.0714142842854;0.0736727339671;
23;2892.0;1202.0;0.07;0.02;-0.07;0.100995049384;0.0741787027711;
23;3131.0;1204.0;0.09;0.02;0.0;0.0921954445729;0.0745062798948;
23;2946.0;1203.0;0.09;-0.03;0.01;0.0953939201417;0.0748792734706;
23;2973.0;1204.0;0.04;0.0;0.03;0.05;0.0744427949887;
23;3194.0;1204.0;0.03;0.02;-0.02;0.0412310562562;0.0738701788036;
23;3179.0;1204.0;0.08;0.0;0.01;0.080622577483;0.0739846262389;
23;2943.0;1202.0;0.07;0.03;0.03;0.0818535277187;0.0741157745969;
23;2827.0;1202.0;0.11;0.0;-0.06;0.125299640861;0.0749548543717;
23;2636.0;1204.0;0.06;0.03;-0.05;0.0836660026534;0.0750953567634;
23;3213.0;1205.0;0.03;0.04;0.01;0.0509901951359;0.0747127351502;
23;2947.0;1201.0;0.05;0.02;0.04;0.067082039325;0.0745935055279;
23;2758.0;1203.0;0.02;0.03;-0.03;0.0469041575982;0.0741675155598;
23;3162.0;1203.0;0.02;0.01;-0.01;0.0244948974278;0.0734149001336;
23;2995.0;1203.0;0.04;0.0;0.04;0.0565685424949;0.0731634619598;
23;2813.0;1202.0;0.02;0.02;0.03;0.0412310562562;0.0726938677583;
23;2602.0;1202.0;0.07;0.04;-0.05;0.0948683298051;0.0730152367735;
23;3065.0;1203.0;0.1;0.0;-0.04;0.107703296143;0.0735107804788;
23;2747.0;1203.0;0.01;0.04;-0.03;0.0509901951359;0.0731935891359;
23;2926.0;1202.0;0.05;0.01;0.05;0.0714142842854;0.0731688765685;
23;3170.0;1202.0;0.05;0.03;0.03;0.065574385243;0.0730648424408;
23;2939.0;1202.0;0.06;0.01;-0.03;0.0678232998313;0.0729940107839;
23;3139.0;1204.0;0.04;0.0;0.0;0.04;0.0725540906401;
23;2910.0;1203.0;0.06;0.06;0.01;0.0854400374532;0.0727236425719;
23;3055.0;1204.0;0.05;0.06;-0.06;0.098488578018;0.0730582521231;
23;2673.0;1203.0;0.02;0.03;-0.02;0.0412310562562;0.0726502111505;
23;3168.0;1203.0;0.07;0.0;0.08;0.106301458127;0.0730761763021;
23;3187.0;1204.0;0.02;0.02;0.01;0.03;0.0725377240983;
23;3098.0;1202.0;0.09;0.0;-0.07;0.11401754251;0.0730498206219;
23;2822.0;1203.0;0.09;0.02;0.02;0.0943398113206;0.0733094546548;
23;2643.0;1203.0;0.03;0.02;0.02;0.0412310562562;0.0729229679271;
23;3175.0;1204.0;0.07;0.0;0.03;0.0761577310586;0.072961477012;
23;2905.0;1203.0;0.04;0.0;-0.03;0.05;0.0726913419883;
23;3035.0;1205.0;0.02;0.04;-0.01;0.0458257569496;0.0723789514646;
23;2784.0;1204.0;0.0;0.05;0.04;0.0640312423743;0.0722830007854;
23;3106.0;1204.0;0.05;0.03;0.0;0.0583095189485;0.0721242112191;
23;2842.0;1205.0;0.05;0.03;0.0;0.0583095189485;0.0719689899576;
23;2766.0;1202.0;0.12;0.03;-0.08;0.147309198627;0.0728061033873;
23;2906.0;1204.0;0.08;0.02;0.0;0.0824621125124;0.0729122133777;
23;2880.0;1204.0;0.06;0.0;0.01;0.060827625303;0.0727808591595;
23;3110.0;1205.0;0.04;0.01;0.0;0.0412310562562;0.072441613967;
23;3032.0;1203.0;0.0;0.01;0.03;0.0316227766017;0.0720073710163;
23;2944.0;1204.0;0.05;0.0;0.03;0.0583095189485;0.0718631830998;
23;2624.0;1202.0;0.06;-0.01;0.07;0.092736184955;0.0720806102024;
23;3185.0;1203.0;0.05;0.02;-0.03;0.0616441400297;0.0719730177264;
23;3149.0;1203.0;0.05;0.07;-0.01;0.0866025403784;0.0721222985698;
23;3021.0;1203.0;0.05;0.04;0.01;0.0648074069841;0.072048410776;
23;2897.0;1202.0;0.04;0.01;-0.06;0.0728010988928;0.0720559376572;
23;2886.0;1205.0;0.04;0.01;0.01;0.0424264068712;0.0717625759662;
23;2970.0;1204.0;0.04;0.02;0.02;0.0489897948557;0.0603761854109;
23;3088.0;1203.0;0.06;0.02;0.02;0.0663324958071;0.0623616222097;
23;2898.0;1203.0;0.06;0.06;-0.09;0.123693168769;0.0776945088494;
23;2842.0;1204.0;0.1;-0.02;-0.02;0.103923048454;0.0829402167703;
23;2922.0;1201.0;0.01;0.04;0.02;0.0458257569496;0.0767544734669;
23;2897.0;1202.0;0.05;0.0;0.0;0.05;0.0729324058287;
23;2914.0;1203.0;0.08;0.0;0.02;0.0824621125124;0.0741236191642;
23;2718.0;1205.0;0.07;0.04;-0.01;0.0812403840464;0.0749143708178;
23;3083.0;1204.0;0.07;0.01;0.0;0.0707106781187;0.0744940015479;
23;2933.0;1202.0;0.04;0.03;-0.02;0.0538516480713;0.0726174239591;
23;2922.0;1203.0;0.03;-0.01;0.02;0.0374165738677;0.0696840197848;
23;3112.0;1203.0;0.03;-0.01;0.05;0.059160797831;0.068874541173;
23;3098.0;1202.0;0.09;0.02;-0.11;0.143527000944;0.0742068597281;
23;3064.0;1203.0;0.05;0.04;0.0;0.0640312423743;0.0735284852378;
23;2942.0;1204.0;0.05;0.02;0.0;0.0538516480713;0.0722986829149;
23;2640.0;1204.0;0.01;0.02;0.02;0.03;0.0698105250964;
23;2711.0;1203.0;0.04;0.02;0.01;0.0458257569496;0.0684780379771;
23;3016.0;1202.0;0.0;0.01;0.0;0.01;0.0654002465046;
23;2910.0;1204.0;0.07;0.0;0.02;0.0728010988928;0.065770289124;
23;2974.0;1202.0;0.11;0.0;-0.05;0.120830459736;0.0683922020103;
23;2515.0;1208.0;-0.25;1.3;0.66;1.47922276889;0.132520864141;
23;3085.0;1203.0;-0.2;-0.86;2.41;2.56665151511;0.238352631574;
23;3175.0;1228.0;0.12;0.7;-0.27;0.759802605944;0.26007971384;
23;3227.0;1270.0;0.07;0.08;-0.1;0.145945195193;0.255514333094;
23;3064.0;1273.0;0.01;-0.08;-0.03;0.0860232526704;0.248995445385;
23;3156.0;1293.0;0.27;0.01;-0.17;0.31921779399;0.251596273112;
23;3047.0;1303.0;0.14;-0.02;0.4;0.424264068712;0.257762980097;
23;3218.0;1303.0;0.18;0.09;-0.21;0.290860791445;0.258904283937;
23;2931.0;1307.0;0.02;0.04;-0.1;0.109544511501;0.253925624856;
23;2904.0;1310.0;-0.09;0.01;0.08;0.120830459736;0.249632232432;
23;2948.0;1309.0;-0.09;0.01;0.08;0.120830459736;0.245607177036;
23;3147.0;1309.0;0.0;-0.02;0.06;0.0632455532034;0.240081067223;
23;2918.0;1310.0;0.12;0.04;-0.03;0.13;0.236843388775;
23;2675.0;1310.0;0.12;0.03;-0.09;0.152970585408;0.234447022964;
23;2908.0;1310.0;0.09;-0.04;-0.02;0.100498756211;0.230726237777;
23;2687.0;1311.0;0.04;-0.04;0.06;0.0824621125124;0.226719099256;
23;3146.0;1311.0;0.02;0.0;0.11;0.111803398875;0.223695001878;
23;3043.0;1312.0;0.04;0.04;-0.09;0.106301458127;0.220684911012;
23;2938.0;1310.0;0.08;0.02;-0.1;0.129614813968;0.218408158586;
23;2820.0;1310.0;0.08;0.03;-0.04;0.0943398113206;0.215382101336;
23;3121.0;1311.0;0.06;-0.02;0.07;0.0943398113206;0.21250014205;
23;2645.0;1310.0;0.02;0.0;-0.01;0.022360679775;0.20807829409;
23;3006.0;1310.0;0.05;-0.03;0.02;0.0616441400297;0.204750245134;
23;2620.0;1311.0;0.03;0.06;-0.02;0.07;0.201755795242;
23;2917.0;1310.0;0.06;0.02;-0.01;0.0640312423743;0.198761783223;
23;3156.0;1310.0;0.03;0.04;-0.06;0.0781024967591;0.196194564362;
23;2954.0;1311.0;0.07;-0.04;0.01;0.0812403840464;0.193799685606;
23;3208.0;1312.0;0.03;0.01;0.05;0.059160797831;0.191051953202;
23;2909.0;1311.0;0.01;0.01;0.03;0.0331662479036;0.187894239096;
23;2733.0;1312.0;0.04;0.01;-0.06;0.0728010988928;0.185637510857;
23;2985.0;1312.0;0.08;0.02;0.01;0.0830662386292;0.183664986391;
23;3184.0;1311.0;0.12;-0.01;0.0;0.120415945788;0.182471608266;
23;3149.0;1312.0;-0.01;0.05;-0.05;0.0714142842854;0.180414991156;
23;3247.0;1311.0;0.0;-0.06;0.1;0.116619037897;0.179255064733;
23;2855.0;1311.0;0.04;0.02;-0.08;0.0916515138991;0.177690715611;
23;2755.0;1310.0;0.01;-0.01;0.04;0.0424264068712;0.175317657563;
23;3151.0;1312.0;0.05;0.01;-0.09;0.103440804328;0.174078401472;
23;2807.0;1311.0;0.0;-0.02;0.0;0.02;0.171466903142;
23;3090.0;1310.0;0.05;-0.03;0.01;0.059160797831;0.16959513472;
23;2726.0;1312.0;0.07;0.03;0.01;0.0768114574787;0.168074090831;
23;2911.0;1311.0;0.09;0.04;-0.05;0.110453610172;0.16714472824;
23;2906.0;1310.0;0.11;-0.03;-0.08;0.139283882772;0.166702492598;
23;2895.0;1311.0;0.05;0.01;0.02;0.0547722557505;0.164953582647;
23;2952.0;1311.0;0.01;0.04;0.03;0.0509901951359;0.163200299762;
23;2731.0;1311.0;0.08;0.06;-0.08;0.128062484749;0.162667908626;
23;2634.0;1312.0;0.1;0.01;0.0;0.100498756211;0.161740010828;
23;3106.0;1311.0;0.07;-0.01;0.0;0.0707106781187;0.160401344171;
23;3104.0;1311.0;0.07;0.04;0.01;0.0812403840464;0.159254083879;
23;3005.0;1311.0;-0.01;0.03;-0.02;0.0374165738677;0.157513548022;
23;2636.0;1310.0;0.06;0.06;-0.06;0.103923048454;0.156758752253;
23;3152.0;1311.0;0.01;0.04;0.03;0.0509901951359;0.155289744516;
23;3163.0;1312.0;0.0;0.06;0.0;0.06;0.15398440555;
23;2925.0;1311.0;0.06;0.02;-0.05;0.080622577483;0.152993029495;
23;2735.0;1313.0;0.07;-0.03;0.04;0.0860232526704;0.152100099137;
23;2914.0;1310.0;0.1;-0.01;0.0;0.100498756211;0.151421134098;
23;3173.0;1312.0;0.06;0.01;0.02;0.0640312423743;0.15028620044;
23;2956.0;1311.0;0.05;0.0;-0.03;0.0583095189485;0.149107012215;
23;2843.0;1310.0;0.02;0.06;0.0;0.0632455532034;0.148020158304;
23;3165.0;1312.0;0.06;0.03;0.0;0.067082039325;0.147008431817;
23;3159.0;1311.0;0.01;0.04;0.0;0.0412310562562;0.145702538291;
23;3061.0;1311.0;0.09;-0.02;0.02;0.0943398113206;0.145076163572;
23;2710.0;1310.0;0.02;0.0;0.03;0.0360555127546;0.143762661755;
23;3184.0;1311.0;0.0;0.0;0.01;0.01;0.142170249115;
23;3172.0;1311.0;0.06;0.05;0.0;0.0781024967591;0.141416510852;
23;2946.0;1310.0;0.07;-0.01;0.01;0.0714142842854;0.140602531473;
23;3043.0;1311.0;0.1;0.0;-0.02;0.101980390272;0.140158598816;
23;2929.0;1311.0;0.02;0.01;0.01;0.0244948974278;0.138844238573;
23;3160.0;1312.0;0.05;-0.01;0.02;0.0547722557505;0.137899609552;
23;2924.0;1310.0;-0.02;0.05;0.03;0.0616441400297;0.137052326558;
23;2917.0;1311.0;0.08;0.02;-0.02;0.0848528137424;0.136478705538;
23;3181.0;1313.0;0.09;0.0;0.04;0.098488578018;0.136065769369;
23;3151.0;1311.0;0.0;0.02;0.0;0.02;0.134817750344;
23;3205.0;1311.0;0.0;0.02;0.01;0.022360679775;0.133621398529;
23;3136.0;1310.0;0.03;-0.03;0.07;0.0818535277187;0.133076473573;
23;3075.0;1311.0;0.11;-0.02;0.04;0.11874342087;0.132927170941;
23;3182.0;1312.0;0.16;0.01;-0.08;0.179164728672;0.133403846794;
23;2893.0;1312.0;0.06;0.06;-0.02;0.0871779788708;0.132932154264;
23;2730.0;1311.0;0.03;0.04;0.0;0.05;0.132094455736;
23;2828.0;1310.0;-0.03;0.02;-0.01;0.0374165738677;0.131147676917;
23;3160.0;1311.0;0.0;0.03;-0.02;0.0360555127546;0.130206170341;
23;2920.0;1311.0;0.05;0.0;0.02;0.0538516480713;0.0920289092064;
23;2837.0;1310.0;0.06;0.03;-0.05;0.0836660026534;0.0892412736887;
23;3108.0;1311.0;0.07;0.05;-0.09;0.12449899598;0.0980557042615;
23;2977.0;1312.0;0.02;-0.01;0.03;0.0374165738677;0.0859278781828;
23;3110.0;1312.0;0.07;-0.03;0.02;0.0787400787401;0.084729911609;
23;2966.0;1310.0;0.02;0.0;-0.04;0.04472135955;0.079014404172;
23;2989.0;1311.0;0.08;0.03;-0.01;0.0860232526704;0.0798905102343;
23;3087.0;1311.0;0.11;0.01;-0.07;0.130766968306;0.0855434500201;
23;3085.0;1312.0;0.08;0.0;-0.06;0.1;0.0869891050181;
23;2997.0;1313.0;0.03;0.0;0.0;0.03;0.0818082772891;
23;2864.0;1312.0;0.0;0.02;-0.02;0.0282842712475;0.0773479434523;
23;2964.0;1311.0;0.0;0.02;0.02;0.0282842712475;0.0735738148212;
23;2727.0;1311.0;0.0;0.04;0.07;0.080622577483;0.0740772978685;
23;3038.0;1311.0;0.08;-0.02;0.06;0.101980390272;0.0759375040287;
23;2855.0;1312.0;0.09;0.0;0.03;0.0948683298051;0.0771206806397;
23;2819.0;1312.0;0.05;-0.01;0.01;0.0519615242271;0.0756407302625;
23;2939.0;1310.0;0.03;0.06;-0.02;0.07;0.075327356359;
23;3162.0;1312.0;0.05;0.01;0.01;0.0519615242271;0.0740975757205;
23;3206.0;1313.0;0.09;0.04;0.0;0.098488578018;0.0753171258354;
23;2804.0;1311.0;0.05;0.0;-0.06;0.0781024967591;0.075449762546;
23;2939.0;1311.0;0.02;0.06;-0.02;0.0663324958071;0.0750353413306;
23;2961.0;1311.0;0.06;-0.02;0.04;0.0748331477355;0.0750265503047;
23;3074.0;1312.0;0.01;0.01;-0.06;0.0616441400297;0.0744689498766;
23;2830.0;1311.0;0.04;-0.03;0.03;0.0583095189485;0.0738225726395;
23;3182.0;1311.0;0.08;0.03;0.0;0.0854400374532;0.0742693982092;
23;2909.0;1312.0;0.04;0.01;-0.04;0.0574456264654;0.0736462955521;
23;3135.0;1313.0;0.08;0.03;-0.09;0.12409673646;0.0754480970131;
23;2951.0;1311.0;0.01;0.02;0.04;0.0458257569496;0.0744266370109;
23;2826.0;1311.0;0.03;0.04;0.0;0.05;0.0736124157772;
23;2929.0;1309.0;0.06;0.04;-0.07;0.100498756211;0.0744797170815;
23;2707.0;1312.0;0.11;0.0;0.0;0.11;0.0755897259227;
23;2918.0;1310.0;0.11;0.0;0.01;0.110453610172;0.0766462072636;
23;3032.0;1313.0;0.07;0.0;0.01;0.0707106781187;0.076471632877;
23;2922.0;1312.0;0.03;0.01;-0.09;0.0953939201417;0.077012269656;
23;2816.0;1310.0;0.0;0.0;0.01;0.01;0.0751508177211;
23;2910.0;1310.0;0.03;-0.01;0.06;0.0678232998313;0.074952776697;
23;3221.0;1311.0;0.0;0.01;0.07;0.0707106781187;0.0748411425239;
23;2908.0;1310.0;0.05;-0.01;0.06;0.0787400787401;0.0749411152474;
23;2896.0;1312.0;0.07;0.01;-0.03;0.0768114574787;0.0749878738032;
23;3098.0;1311.0;0.03;0.0;0.06;0.067082039325;0.074795048572;
23;2700.0;1310.0;0.0;0.03;0.03;0.0424264068712;0.0740243666268;
23;3191.0;1313.0;0.02;0.0;-0.03;0.0360555127546;0.0731413700251;
23;2710.0;1311.0;0.06;0.03;-0.01;0.0678232998313;0.0730205047934;
23;3142.0;1311.0;0.06;0.02;0.04;0.0748331477355;0.0730607857477;
23;2914.0;1312.0;0.07;0.0;0.04;0.080622577483;0.0732251725245;
23;2750.0;1311.0;0.03;0.01;0.03;0.0435889894354;0.0725946154375;
23;2963.0;1268.0;-0.63;-0.17;1.65;1.77434494955;0.108047747398;
23;2605.0;1250.0;-0.25;-1.36;1.98;2.41505693515;0.155129567556;
23;2617.0;1162.0;0.11;0.39;-0.26;0.481456124688;0.161656098699;
23;3134.0;1139.0;0.13;0.21;0.27;0.365923489271;0.165661341651;
23;2958.0;1136.0;0.19;0.31;-0.17;0.401372644808;0.170194251327;
23;2908.0;1125.0;-0.11;-0.05;0.17;0.208566536146;0.170918256701;
23;3084.0;1125.0;0.07;0.09;-0.18;0.213072757527;0.171698895606;
23;3131.0;1125.0;-0.03;0.03;-0.13;0.136747943312;0.171063423746;
23;3072.0;1126.0;0.1;0.0;0.08;0.128062484749;0.170295549835;
23;2846.0;1126.0;0.09;-0.02;0.02;0.0943398113206;0.168962993019;
23;2991.0;1124.0;0.1;0.02;-0.1;0.142828568571;0.168512399494;
23;2591.0;1125.0;0.04;0.04;0.01;0.0574456264654;0.166629911816;
23;2868.0;1125.0;0.07;0.04;0.08;0.113578166916;0.165745716067;
23;3117.0;1126.0;0.07;0.03;0.05;0.0911043357914;0.164522086882;
23;2896.0;1124.0;0.06;0.01;0.0;0.060827625303;0.162849595567;
23;2633.0;1124.0;0.04;-0.01;0.05;0.0648074069841;0.161293370351;
23;2617.0;1124.0;0.09;-0.05;0.04;0.110453610172;0.160498999098;
23;3094.0;1125.0;0.09;0.01;-0.08;0.120830459736;0.159888713877;
23;3126.0;1123.0;0.06;0.0;0.03;0.067082039325;0.158482552142;
23;2949.0;1122.0;0.03;-0.02;0.04;0.0538516480713;0.156920896857;
23;2857.0;1122.0;0.0;0.03;0.0;0.03;0.15505441308;
23;2882.0;1121.0;0.04;0.0;0.07;0.080622577483;0.153975690825;
23;3063.0;1123.0;0.07;0.0;0.04;0.080622577483;0.152927789205;
23;2761.0;1121.0;0.11;0.0;0.01;0.110453610172;0.152329561332;
23;3155.0;1124.0;0.11;0.0;-0.05;0.120830459736;0.15189207381;
23;2892.0;1121.0;0.02;0.01;0.02;0.03;0.150222319374;
23;3158.0;1124.0;0.03;0.0;0.08;0.0854400374532;0.149346883132;
23;2926.0;1122.0;0.0;0.0;0.07;0.07;0.14828892469;
23;2611.0;1122.0;0.09;0.04;-0.03;0.10295630141;0.147692442805;
23;3109.0;1121.0;0.11;0.0;0.0;0.11;0.14720293056;
23;3031.0;1122.0;0.08;0.01;0.01;0.0812403840464;0.146357256887;
23;2794.0;1122.0;0.0;0.02;-0.01;0.022360679775;0.144787679962;
23;2930.0;1123.0;0.04;0.03;0.02;0.0538516480713;0.143650979563;
23;3029.0;1153.0;0.19;-2.38;2.8;3.67974183877;0.187306422269;
23;2608.0;1158.0;-0.78;1.12;-0.31;1.39960708772;0.202090576726;
23;2641.0;1229.0;0.12;0.06;0.11;0.173493515729;0.201746033823;
23;2982.0;1258.0;0.02;-0.03;0.24;0.24269322199;0.202233500348;
23;2951.0;1261.0;-0.03;-0.22;-0.32;0.389486841883;0.204436480837;
23;2944.0;1280.0;0.08;0.13;-0.2;0.251594912508;0.204984834694;
23;3223.0;1287.0;0.01;0.01;0.05;0.0519615242271;0.203225946068;
23;3198.0;1287.0;0.07;-0.01;0.22;0.231084400166;0.20354251941;
23;2900.0;1290.0;0.1;0.06;-0.16;0.197989898732;0.203480130413;
23;3198.0;1291.0;0.14;0.03;-0.12;0.186815416923;0.20329496693;
23;2897.0;1290.0;0.1;0.03;-0.1;0.144568322948;0.202649619194;
23;2974.0;1293.0;-0.01;0.01;0.06;0.0616441400297;0.201116950942;
23;2921.0;1292.0;0.04;0.0;-0.06;0.0721110255093;0.199729790454;
23;3094.0;1291.0;0.05;0.0;-0.05;0.0707106781187;0.198357246705;
23;2869.0;1291.0;0.13;0.03;-0.01;0.133790881603;0.197677600757;
23;3189.0;1292.0;0.02;0.0;0.08;0.0824621125124;0.196477439421;
23;2685.0;1291.0;0.08;-0.02;0.03;0.0877496438739;0.195356534312;
23;3167.0;1292.0;0.03;-0.01;0.02;0.0374165738677;0.193744902063;
23;2907.0;1292.0;0.11;0.0;0.03;0.11401754251;0.192939575199;
23;2996.0;1293.0;0.06;0.04;0.01;0.0728010988928;0.191738190436;
23;2975.0;1293.0;0.05;0.02;0.01;0.0547722557505;0.190382092072;
23;2999.0;1292.0;0.03;0.05;-0.01;0.059160797831;0.124771444952;
23;2685.0;1292.0;0.02;0.0;-0.03;0.0360555127546;0.0951994675527;
23;3157.0;1293.0;0.14;0.0;0.02;0.141421356237;0.106754939724;
23;3212.0;1293.0;0.12;-0.02;0.0;0.121655250606;0.1097350019;
23;2901.0;1291.0;0.09;0.05;-0.06;0.119163752878;0.111306460397;
23;2912.0;1292.0;0.0;0.02;0.06;0.0632455532034;0.104440616512;
23;2981.0;1292.0;0.05;-0.01;0.01;0.0519615242271;0.0978807299762;
23;2990.0;1292.0;0.06;0.0;-0.05;0.0781024967591;0.0956831485077;
23;2933.0;1292.0;0.09;0.0;0.0;0.09;0.0951148336569;
23;2738.0;1291.0;0.06;0.01;-0.05;0.0787400787401;0.0936262195736;
23;3155.0;1292.0;0.05;0.0;0.01;0.0509901951359;0.0900732175371;
23;3033.0;1292.0;0.07;0.01;0.0;0.0707106781187;0.088583791428;
23;2668.0;1292.0;0.1;0.05;-0.08;0.137477270849;0.0920761828152;
23;3114.0;1295.0;0.08;-0.03;0.02;0.0877496438739;0.0917877468857;
23;2840.0;1291.0;0.08;-0.03;0.09;0.12409673646;0.0938070587341;
23;2748.0;1293.0;0.04;0.0;0.08;0.0894427191;0.0935503328733;
23;3120.0;1293.0;0.07;0.02;-0.03;0.0787400787401;0.092727540977;
23;2968.0;1293.0;0.06;0.0;-0.01;0.060827625303;0.0910485980468;
23;2618.0;1293.0;0.08;0.03;0.05;0.0989949493661;0.0914459156128;
23;3134.0;1293.0;0.06;0.03;-0.03;0.0734846922835;0.0905906192638;
23;2921.0;1292.0;0.08;0.0;0.02;0.0824621125124;0.0902211416841;
23;2759.0;1293.0;-1.96;-0.7;1.87;2.79794567496;0.207948295305;
23;3007.0;1297.0;1.31;0.46;-4.73;4.92956387523;0.404682277802;
23;3057.0;1308.0;0.0;0.29;0.38;0.478016736109;0.407615656134;
23;2832.0;1312.0;-0.15;-0.01;0.15;0.212367605816;0.400106115737;
23;2728.0;1314.0;0.0;0.03;0.08;0.0854400374532;0.388451816541;
23;2924.0;1321.0;0.11;-0.18;-0.29;0.358608421541;0.387385981006;
23;2848.0;1318.0;-0.01;0.12;0.47;0.485180378828;0.39075820162;
23;3065.0;1320.0;0.0;-0.04;0.55;0.551452627158;0.396114682471;
23;2880.0;1317.0;0.18;0.25;0.15;0.34263683398;0.394389590585;
23;2909.0;1322.0;-0.18;-0.18;0.09;0.27;0.390502415879;
23;3132.0;1325.0;0.17;0.29;-0.06;0.341467421579;0.389016506961;
23;2947.0;1322.0;0.35;0.34;-0.35;0.60049979184;0.395236603575;
23;2703.0;1326.0;0.14;0.08;-0.68;0.698856208386;0.403911449427;
23;3046.0;1327.0;0.0;0.0;-0.04;0.04;0.393802798054;
23;2826.0;1328.0;0.05;-0.12;0.02;0.13152946438;0.386714329576;
23;3226.0;1353.0;0.23;0.14;-0.67;0.722080327941;0.395539750586;
23;2904.0;1319.0;-0.42;-0.25;2.35;2.40029164895;0.446943645415;
23;3037.0;1322.0;0.27;-0.23;-0.66;0.749266307797;0.454501711975;
23;3166.0;1324.0;0.04;-0.05;-0.05;0.0812403840464;0.445397777147;
23;2887.0;1324.0;0.18;0.0;0.0;0.18;0.439078782453;
23;3050.0;1325.0;0.16;-0.02;0.0;0.161245154966;0.432617535302;
23;3253.0;1327.0;0.19;-0.65;-1.64;1.77431676991;0.463110699725;
23;2632.0;1327.0;-0.26;-0.84;-0.38;0.957914401186;0.474106337536;
23;3248.0;1329.0;-0.18;-1.03;-0.58;1.19570063143;0.489793170012;
23;2940.0;1327.0;0.0;0.04;0.26;0.263058928759;0.484969037219;
23;2624.0;1326.0;0.08;0.0;0.0;0.08;0.476532182277;
23;3220.0;1327.0;0.04;0.02;-0.1;0.109544511501;0.469042637975;
23;3016.0;1327.0;-0.08;0.13;-0.11;0.188148877222;0.46342476276;
23;2876.0;1328.0;0.07;-0.1;-0.04;0.128452325787;0.456856675761;
23;3050.0;1327.0;0.03;-0.01;0.09;0.0953939201417;0.449905468922;
23;2926.0;1327.0;0.03;0.02;0.07;0.0787400787401;0.442902348353;
23;2943.0;1326.0;0.09;0.11;-0.11;0.179722007556;0.438028638338;
23;2939.0;1326.0;0.03;-0.06;0.26;0.268514431642;0.434946561852;
23;2742.0;1326.0;0.12;0.04;-0.1;0.161245154966;0.43005903673;
23;3159.0;1328.0;0.0;-0.04;0.32;0.322490309932;0.428171866084;
23;3280.0;1327.0;0.22;0.06;-0.14;0.267581763205;0.425403071207;
23;3202.0;1327.0;-0.32;-0.11;0.44;0.555067563455;0.427600774465;
23;3206.0;1327.0;0.15;0.0;-0.23;0.274590604355;0.425050604963;
23;2899.0;1328.0;0.12;0.02;-0.15;0.193132079158;0.421248661917;
23;2711.0;1329.0;0.03;-0.01;0.09;0.0953939201417;0.415992940276;
23;2883.0;1328.0;0.02;0.01;-0.06;0.0640312423743;0.410406246658;
23;2843.0;1330.0;0.08;0.0;0.12;0.144222051019;0.406247118601;
23;3136.0;1329.0;0.09;-0.03;-0.05;0.107238052948;0.40164697913;
23;3448.0;1330.0;0.91;-0.84;-3.18;3.41263827559;0.447268059379;
23;2967.0;1327.0;-0.58;-1.44;0.57;1.65375330688;0.465275301879;
23;2802.0;1329.0;0.26;-0.33;-0.67;0.790822356791;0.470062758569;
23;2873.0;1329.0;-0.03;0.06;0.47;0.474763098819;0.470130879442;
23;2839.0;1326.0;0.34;-0.34;-0.58;0.753392328073;0.474177471565;
23;3195.0;1328.0;-0.23;-0.26;0.0;0.347131099154;0.472388086039;
23;2692.0;1286.0;2.25;1.11;-1.78;3.07619895325;0.508552125861;
23;3233.0;1290.0;-0.24;0.21;0.08;0.328785644455;0.506089571321;
23;3052.0;1296.0;0.21;0.49;-0.15;0.55380501984;0.50673437468;
23;3317.0;1316.0;0.3;-2.06;-0.61;2.1692625475;0.528901416984;
23;2987.0;1321.0;-0.71;-1.36;0.39;1.58297188857;0.542770765294;
23;2996.0;1321.0;-0.67;0.19;-0.83;1.08346665846;0.549792789881;
23;3382.0;1305.0;5.22;-8.25;1.41;9.86402554741;0.669206030362;
23;2799.0;1278.0;1.4;0.59;-3.18;3.52427297467;0.705346118265;
23;3157.0;1283.0;-1.89;-2.39;0.37;3.0693810451;0.73489655485;
23;2808.0;1286.0;-1.89;-2.39;0.37;3.0693810451;0.763717351026;
23;2895.0;1306.0;-0.08;0.18;0.25;0.318276609257;0.758285146858;
23;3210.0;1287.0;-0.6;0.82;1.03;1.44682410818;0.766580796994;
23;2823.0;1288.0;-1.08;0.24;0.2;1.1242775458;0.770839091623;
23;3167.0;1298.0;-0.99;-0.15;-0.24;1.0296601381;0.773884045111;
23;3181.0;1315.0;-0.01;-0.03;-0.08;0.0860232526704;0.765885663804;
23;2877.0;1316.0;-0.14;0.08;0.17;0.234307490277;0.759775569855;
23;2868.0;1318.0;-0.07;0.03;0.0;0.0761577310586;0.752007185323;
23;2709.0;1319.0;-0.08;0.06;0.08;0.128062484749;0.74499657071;
23;2787.0;1322.0;-0.05;0.08;-0.04;0.10246950766;0.737857381121;
23;3207.0;1323.0;-0.08;0.01;0.03;0.0860232526704;0.73069436872;
23;3031.0;1323.0;-0.08;0.05;0.05;0.10677078252;0.723912590609;
23;3202.0;1325.0;-0.06;0.04;-0.02;0.0748331477355;0.716933241761;
23;2902.0;1322.0;0.02;0.07;-0.11;0.131909059583;0.710709580249;
23;2792.0;1322.0;-0.12;-0.05;-0.18;0.222036033112;0.705565648173;
23;3218.0;1326.0;-0.06;0.21;0.04;0.222036033112;0.70052888135;
23;2856.0;1324.0;1.17;0.1;-0.63;1.33259146028;0.707044990411;
23;2875.0;1323.0;0.01;0.62;-0.19;0.648536814684;0.70644796821;
23;2773.0;1324.0;-0.48;0.76;0.18;0.916733330909;0.708572062782;
23;2795.0;1324.0;-0.27;0.62;0.02;0.676535291023;0.708251695065;
23;2821.0;1323.0;-0.29;0.36;0.11;0.475184174821;0.705944095854;
23;2752.0;1325.0;-0.04;-0.44;0.15;0.466583325892;0.586263710873;
23;2845.0;1324.0;0.15;-0.16;0.22;0.31064449134;0.494390637695;
23;2740.0;1325.0;0.06;-0.23;0.31;0.390640499692;0.468453103195;
23;2889.0;1327.0;0.1;0.23;-0.26;0.361247837364;0.447012050028;
23;2851.0;1326.0;0.58;0.15;-0.43;0.737427962583;0.495414702121;
23;2851.0;1326.0;-0.29;0.2;0.76;0.837675354777;0.544309081072;
23;3256.0;1327.0;0.0;0.05;-0.47;0.472652091924;0.535351957428;
23;2981.0;1326.0;0.62;-0.25;-0.07;0.672160695072;0.550552928278;
23;2951.0;1324.0;-0.15;0.13;-0.21;0.288963665536;0.524394002003;
23;2839.0;1324.0;-0.23;0.14;0.29;0.395727178748;0.512697018071;
23;3162.0;1326.0;-0.02;0.1;-0.04;0.109544511501;0.479100975857;
23;3197.0;1328.0;0.0;-0.18;0.0;0.18;0.456093208483;
23;2993.0;1326.0;-0.1;0.14;0.0;0.172046505341;0.435804158259;
23;2949.0;1328.0;1.46;-0.98;-0.02;1.75852210677;0.523985354826;
23;2990.0;1323.0;0.83;0.96;-0.22;1.28798291914;0.571735202596;
23;2651.0;1322.0;3.82;0.12;0.73;3.89097674113;0.766984704863;
23;3310.0;1318.0;-2.75;-0.07;-0.05;2.75134512557;0.877226950457;
23;2537.0;1311.0;3.11;2.54;-2.5;4.73008456584;1.08000893021;
23;2762.0;1311.0;-0.03;-0.15;4.97;4.97235356748;1.27462616208;
23;3267.0;1300.0;-1.28;-2.46;-0.46;2.81097847733;1.34778579614;
23;2742.0;1238.0;0.2;2.47;1.25;2.77549995496;1.41268189427;
23;2721.0;1224.0;0.15;0.55;0.87;1.04014422077;1.39648460411;
23;2911.0;1270.0;0.31;0.3;-1.36;1.42677959055;1.39774689521;
23;2753.0;1281.0;-0.18;0.02;-0.18;0.255342906696;1.35205073567;
23;3218.0;1286.0;-0.27;-0.24;-0.07;0.367967389859;1.31420137622;
23;3173.0;1287.0;-0.06;0.43;0.13;0.453210767745;1.28231283517;
23;3024.0;1313.0;0.0;1.0;0.79;1.27440182046;1.28203029893;
23;3096.0;1321.0;0.99;1.57;-0.88;2.05411781551;1.30865400639;
23;2939.0;1321.0;0.76;0.9;-1.81;2.1595601404;1.33701754419;
23;3154.0;1322.0;-1.53;-0.15;-0.45;1.60184268891;1.3455602908;
23;2829.0;1322.0;0.92;0.07;0.66;1.13441614939;1.33896203638;
23;2771.0;1325.0;-0.04;0.11;0.41;0.426380112107;1.31130803867;
23;3435.0;1326.0;-0.71;0.23;-3.66;3.73531792489;1.38260244709;
23;2934.0;1316.0;-1.83;-1.08;5.3;5.71010507784;1.5062453794;
23;3264.0;1316.0;0.65;1.89;-1.58;2.54774410018;1.53517589942;
23;2872.0;1315.0;-0.35;0.16;0.81;0.896771988858;1.51792173968;
23;3384.0;1318.0;0.12;-0.41;-1.27;1.33992537106;1.51323762471;
23;3005.0;1319.0;0.45;0.93;-3.17;3.33411157582;1.55992670038;
23;2699.0;1319.0;-0.52;0.73;-1.25;1.53811573037;1.55938142613;
23;2935.0;1322.0;-0.66;-0.2;0.87;1.11018016556;1.54842529782;
23;2997.0;1326.0;0.35;-0.18;0.0;0.393573373083;1.52092882343;
23;3057.0;1325.0;0.21;-0.7;0.25;0.772398860693;1.50352114987;
23;2919.0;1326.0;0.04;-0.61;0.14;0.627136348811;1.48360331349;
23;3083.0;1325.0;-0.08;0.38;0.63;0.740067564483;1.46708029684;
23;2938.0;1323.0;0.08;-0.03;-0.42;0.428602379835;1.44450468995;
23;2838.0;1324.0;0.12;0.09;-0.12;0.192093727123;1.41785764819;
23;3107.0;1324.0;0.1;0.14;0.39;0.426262829719;1.3971994228;
23;3088.0;1336.0;0.36;-0.61;-1.33;1.50685102117;1.39943721052;
23;3081.0;1318.0;0.09;-0.5;-1.14;1.24807852317;1.39641003678;
23;3033.0;1320.0;-0.39;-0.29;-1.09;1.19344040488;1.39243024007;
23;2942.0;1322.0;-0.01;-0.1;-1.21;1.21416638069;1.38900208893;
23;2880.0;1315.0;-0.14;0.37;0.69;0.795361553006;1.3778013241;
23;2850.0;1316.0;-0.06;0.19;1.03;1.04909484795;1.37171416714;
23;2956.0;1318.0;-0.13;0.11;1.28;1.29127843628;1.3702516993;
23;3061.0;1322.0;-0.19;0.32;0.85;0.927900856773;1.36235257712;
23;3003.0;1322.0;-0.62;-0.47;-0.8;1.11593010534;1.35802937586;
23;3049.0;1325.0;-0.73;0.0;0.66;0.98412397593;1.35158273103;
23;2942.0;1321.0;-0.25;-0.18;-0.13;0.334365069946;1.33434175372;
23;2897.0;1321.0;-0.02;0.04;-0.52;0.521919534028;1.3208013834;
23;2873.0;1327.0;-0.02;0.14;-0.49;0.51;1.30750955744;
23;3113.0;1328.0;-0.08;0.36;-0.32;0.488262224629;1.29429589078;
23;3094.0;1323.0;0.23;0.1;0.38;0.455302097513;1.28097852898;
23;3143.0;1321.0;-0.03;0.04;0.6;0.60207972894;1.27037073523;
23;3082.0;1319.0;0.06;-0.04;0.68;0.683812839891;1.26134676761;
23;2943.0;1321.0;-0.08;-0.16;0.46;0.49355850717;1.24971361215;
23;2912.0;1323.0;-0.01;-0.01;-0.11;0.110905365064;1.23271647413;
23;2966.0;1321.0;-0.02;0.01;-0.26;0.260959767014;1.21842593432;
23;3085.0;1323.0;-0.19;-0.01;-0.6;0.629444199274;1.20988996715;
23;2893.0;1324.0;-0.34;-0.19;-1.47;1.52072351202;1.21433044636;
23;3024.0;1332.0;-0.44;-0.29;-0.99;1.12151683001;1.21302321233;
23;2890.0;1328.0;-0.44;-0.29;-0.99;1.12151683001;1.21175229035;
23;2942.0;1318.0;0.11;0.1;0.0;0.148660687473;1.19718939168;
23;2879.0;1316.0;-0.04;-0.25;1.3;1.32442440328;1.19890878373;
23;3123.0;1318.0;0.08;-0.13;0.95;0.962185013394;1.19575246679;
23;3009.0;1321.0;0.06;-0.08;0.87;0.875728268357;1.19154162208;
23;3101.0;1319.0;-0.07;0.07;-0.19;0.214242852856;1.17884943027;
23;3115.0;1321.0;-0.15;0.07;-0.05;0.172916164658;1.16595284994;
23;2952.0;1318.0;0.08;0.11;-1.61;1.61573512681;1.17164629648;
23;2908.0;1323.0;-0.26;-0.05;-1.66;1.68098185594;1.17801299098;
23;3019.0;1322.0;-0.33;-0.3;-1.61;1.6706286242;1.18409466546;
23;3125.0;1320.0;0.06;0.14;0.72;0.735934779719;1.178629301;
23;2896.0;1314.0;0.22;-0.12;1.43;1.45179199612;1.18192041781;
23;3127.0;1315.0;0.29;0.01;1.37;1.40039280204;1.18452127952;
23;3086.0;1313.0;-0.15;-0.08;0.06;0.180277563773;1.17270664757;
23;2907.0;1320.0;-0.04;0.04;-0.43;0.433704968844;1.1641136048;
23;2890.0;1317.0;-0.02;0.02;-0.49;0.490815647672;1.15637454782;
23;2905.0;1319.0;-0.17;-0.06;-1.29;1.30253598799;1.15803547328;
23;2897.0;1324.0;-0.14;-0.07;-0.89;0.903659227807;1.15517731322;
23;3029.0;1319.0;-0.15;-0.05;-0.51;0.533947562968;1.14827476043;
23;2919.0;1322.0;-0.09;0.05;-0.2;0.224944437584;1.13812827337;
23;3101.0;1318.0;0.02;0.0;1.6;1.60012499512;1.14314997687;
23;2962.0;1319.0;-0.02;-0.39;1.44;1.49201206429;1.14690118211;
23;2846.0;1319.0;-0.03;-0.31;1.0;1.04737767782;1.14584242143;
23;2869.0;1320.0;-0.04;0.08;-0.16;0.183303027798;1.13571042781;
23;3093.0;1322.0;0.3;-0.07;-1.2;1.23891081196;1.13678543181;
23;2963.0;1322.0;0.38;-0.02;-1.36;1.41223227551;1.13962508999;
23;3114.0;1322.0;0.29;0.07;-1.26;1.29483589694;1.14120887374;
23;2915.0;1317.0;-0.14;-0.14;-0.95;0.970412283517;1.13948365565;
23;3056.0;1313.0;0.34;0.0;0.17;0.380131556175;1.13189013466;
23;2961.0;1313.0;0.32;0.2;0.51;0.634428877022;1.12696477567;
23;2881.0;1316.0;0.32;0.2;0.51;0.634428877022;0.880696826347;
23;2849.0;1318.0;-0.12;-0.11;1.4;1.40943250991;1.0569420542;
23;2975.0;1321.0;-0.14;0.13;0.69;0.715960892787;0.971696763849;
23;2881.0;1320.0;-0.14;0.2;0.62;0.666333249958;0.910624061071;
23;2962.0;1329.0;0.02;-0.21;-1.5;1.51476070717;1.01131350209;
23;3065.0;1317.0;0.05;0.45;-1.35;1.42390308659;1.0702548713;
23;3091.0;1318.0;-0.3;-0.29;-0.36;0.551089829338;1.00535924106;
23;2940.0;1321.0;0.0;0.05;-0.66;0.661891229735;0.967196128688;
23;2917.0;1335.0;0.1;0.36;-0.12;0.392428337407;0.90971934956;
23;2928.0;1334.0;-0.09;0.31;0.12;0.344383507154;0.858325182068;
23;3049.0;1323.0;-0.17;-0.13;1.21;1.22877988265;0.889196407117;
23;2982.0;1320.0;-0.13;-0.07;1.34;1.34810978781;0.924497436401;
23;2856.0;1318.0;0.06;-0.14;1.27;1.27910124697;0.949826280013;
23;2958.0;1323.0;-0.08;-0.02;-0.05;0.0964365076099;0.89293362852;
23;2855.0;1325.0;0.04;0.12;-0.54;0.554616984954;0.871788838297;
23;3033.0;1325.0;0.22;0.01;-0.72;0.752927619363;0.864797001889;
23;2907.0;1324.0;0.32;-0.04;-1.01;1.06023582282;0.875654714163;
23;2906.0;1321.0;-0.17;0.07;-0.82;0.840357066966;0.873796943258;
23;2920.0;1349.0;0.0;0.21;-0.47;0.514781507049;0.855846171448;
23;2901.0;1322.0;0.05;0.14;-0.43;0.454972526643;0.836756950266;
23;3156.0;1311.0;0.04;0.14;1.51;1.51700362557;0.867677253689;
23;3095.0;1316.0;-0.08;-0.93;0.99;1.36066160378;0.889111355867;
23;2992.0;1317.0;-0.16;-0.56;0.84;1.02215458713;0.894654823837;
23;3114.0;1320.0;-0.01;0.2;0.17;0.262678510731;0.869375771312;
23;2856.0;1321.0;-0.1;0.07;-0.23;0.260384331326;0.845953023621;
23;3113.0;1323.0;0.04;0.0;-0.46;0.461735855225;0.831722758125;
23;2898.0;1322.0;-0.09;0.02;-0.59;0.597159945073;0.823345514801;
23;3073.0;1322.0;0.13;0.0;-0.98;0.988584847143;0.829043422813;
23;2902.0;1323.0;0.0;0.29;-0.62;0.684470598346;0.824224328664;
23;2976.0;1319.0;-0.01;0.2;-0.61;0.642028036771;0.818347028926;
23;2941.0;1322.0;-0.05;0.04;-0.56;0.563648826842;0.810387710111;
23;3319.0;1319.0;0.09;-0.2;0.28;0.355668384876;0.796608336619;
23;2921.0;1315.0;0.17;-0.55;-0.79;0.977496803064;0.801928585632;
23;2813.0;1314.0;-0.07;-0.35;0.55;0.655667598711;0.797749700291;
23;3019.0;1312.0;-0.44;-0.23;1.55;1.62757488307;0.820800399813;
23;2761.0;1315.0;-1.19;-1.45;1.96;2.71296885349;0.87194008775;
23;2834.0;1317.0;-2.21;-3.96;8.65;9.76668828211;1.10601240865;
23;3158.0;1317.0;-1.92;0.75;5.91;6.25915329737;1.23814422631;
23;3315.0;1312.0;0.97;1.97;-3.28;3.94717620585;1.3058700258;
23;2819.0;1315.0;0.92;1.61;-1.61;2.45572799797;1.3339153422;
23;3085.0;1315.0;-0.16;-0.32;0.07;0.364554522671;1.31083532268;
23;3038.0;1321.0;-0.52;-0.38;2.7;2.77575215032;1.34490315588;
23;2341.0;1316.0;-2.33;0.54;13.86;14.0648533586;1.63399293322;
23;3181.0;1320.0;-2.33;0.54;13.86;14.0648533586;1.91023427601;
23;3094.0;1316.0;-1.96;-1.22;-0.28;2.32559669762;1.91926389387;
23;3130.0;1313.0;0.12;-0.18;-0.6;0.637808748764;1.89199889078;
23;3205.0;1314.0;-0.08;-0.13;0.02;0.153948043183;1.85578949812;
23;2905.0;1315.0;-0.09;0.06;-0.08;0.134536240471;1.82066188062;
23;2831.0;1317.0;-0.12;0.04;0.17;0.211896201004;1.78848656703;
23;2958.0;1318.0;-0.06;0.06;0.01;0.0854400374532;1.75509349782;
23;2883.0;1318.0;0.0;0.02;-0.05;0.0538516480713;1.7223773084;
23;2995.0;1318.0;-0.03;0.02;0.09;0.0969535971483;1.69170893649;
23;3055.0;1319.0;-0.1;0.02;0.04;0.109544511501;1.66240959529;
23;3026.0;1319.0;-0.01;0.0;0.02;0.022360679775;1.6325905241;
23;2878.0;1317.0;0.0;0.03;-0.1;0.104403065089;1.60530146233;
23;3121.0;1319.0;-0.06;0.01;0.0;0.060827625303;1.5782054301;
23;2899.0;1318.0;-0.05;0.09;0.06;0.119163752878;1.55304953911;
23;3143.0;1319.0;-0.05;0.03;0.02;0.0616441400297;1.5277714815;
23;2911.0;1319.0;-0.05;-0.01;-0.01;0.0519615242271;1.50317464888;
23;2766.0;1318.0;-0.02;0.04;0.06;0.0748331477355;1.47975921444;
23;2909.0;1318.0;-0.09;0.02;-0.04;0.100498756211;1.45751307801;
23;2872.0;1318.0;-0.09;0.06;0.02;0.11;1.43612398154;
23;2810.0;1319.0;0.0;-0.01;0.0;0.01;1.41384079432;
23;3035.0;1317.0;-0.08;0.08;0.03;0.117046999107;1.39389012055;
23;2763.0;1317.0;-0.09;0.02;0.02;0.0943398113206;1.37419996435;
23;2912.0;1317.0;-0.06;-0.01;0.05;0.0787400787401;1.35486474218;
23;3142.0;1319.0;-0.05;0.02;-0.05;0.0734846922835;1.33602091792;
23;3113.0;1320.0;-0.11;0.13;0.35;0.389230009121;1.32229931054;
23;2854.0;1318.0;-0.04;0.0;-0.27;0.272946881279;1.30730856155;
23;3127.0;1319.0;-0.09;0.06;0.17;0.201494416796;1.29173371444;
23;3166.0;1320.0;0.03;0.11;-0.25;0.274772633281;1.27760925498;
23;2942.0;1318.0;0.01;-0.02;0.0;0.022360679775;1.26041406902;
23;2972.0;1319.0;-0.02;-0.08;0.04;0.0916515138991;1.24461998044;
23;2922.0;1320.0;-0.01;-0.01;0.03;0.0331662479036;1.228467264;
23;2854.0;1319.0;-0.05;0.04;0.0;0.0640312423743;1.2131457374;
23;3159.0;1320.0;-0.06;0.0;0.0;0.06;1.19816981874;
23;3039.0;1319.0;-0.04;0.03;0.0;0.05;1.18344969285;
23;2881.0;1318.0;-0.06;0.0;0.13;0.143178210633;1.17028169941;
23;2901.0;1318.0;-0.03;0.0;0.01;0.0316227766017;1.15604846287;
23;3068.0;1318.0;0.0;-0.02;-0.15;0.151327459504;1.14364449987;
23;2776.0;1318.0;-0.09;0.02;0.01;0.092736184955;1.13082854481;
23;2962.0;1319.0;-0.04;-0.03;0.02;0.0538516480713;1.11785291955;
23;3090.0;1320.0;0.0;0.12;-0.06;0.13416407865;1.10614233811;
23;3119.0;1319.0;-0.05;0.0;0.0;0.05;1.09371713413;
23;2929.0;1319.0;-0.1;0.02;0.01;0.10246950766;1.08219099894;
23;2918.0;1319.0;-0.08;0.02;-0.03;0.0877496438739;1.07076063854;
23;2878.0;1319.0;-0.05;0.08;-0.02;0.0964365076099;1.05968877341;
23;3098.0;1318.0;-0.08;0.05;0.02;0.0964365076099;1.04886571425;
23;2895.0;1320.0;-0.04;-0.04;0.07;0.09;1.03821165075;
23;3109.0;1320.0;-0.11;0.01;-0.05;0.12124355653;1.02813507829;
23;3113.0;1319.0;-0.02;0.08;-0.05;0.0964365076099;1.01800791991;
23;2890.0;1318.0;-0.01;0.07;-0.07;0.0994987437107;1.00813147716;
23;2848.0;1318.0;-0.05;0.03;-0.03;0.065574385243;0.998104274052;
23;3023.0;1318.0;-0.03;-0.02;-0.01;0.0374165738677;0.987991771945;
23;3170.0;1320.0;-0.06;0.04;0.03;0.0781024967591;0.978513758662;
23;2894.0;1320.0;-0.03;-0.06;0.21;0.22045407685;0.970698710396;
23;2786.0;1320.0;-0.04;0.1;-0.08;0.13416407865;0.962162642725;
23;2778.0;1319.0;-0.03;-0.09;0.22;0.239582971014;0.954863858162;
23;3160.0;1319.0;0.0;-0.08;-0.11;0.136014705087;0.946675366632;
23;2917.0;1318.0;-0.1;0.04;-0.04;0.114891252931;0.938439880357;
23;2790.0;1319.0;0.0;-0.02;0.08;0.0824621125124;0.510450996435;
23;2960.0;1319.0;-0.04;0.01;-0.03;0.0509901951359;0.357297396002;
23;2783.0;1320.0;0.02;-0.04;0.06;0.0748331477355;0.286681333935;
23;2852.0;1320.0;-0.04;-0.03;0.17;0.177200451467;0.264785157442;
23;2986.0;1318.0;0.03;-0.1;-0.09;0.137840487521;0.243627712455;
23;2903.0;1319.0;-0.06;0.03;0.01;0.0678232998313;0.218512796366;
23;2867.0;1318.0;0.01;-0.04;-0.02;0.0458257569496;0.196926916439;
23;2806.0;1318.0;-0.01;0.03;0.04;0.0509901951359;0.180711725183;
23;2888.0;1319.0;0.04;-0.02;0.0;0.04472135955;0.16711268862;
23;2866.0;1319.0;-0.03;0.03;-0.03;0.0519615242271;0.156644400947;
23;3160.0;1320.0;-0.07;0.0;-0.01;0.0707106781187;0.149483257378;
23;2853.0;1319.0;-0.01;0.03;0.1;0.104880884817;0.146052305643;
23;2923.0;1318.0;0.01;-0.07;0.04;0.0812403840464;0.141422882672;
23;3180.0;1319.0;0.01;-0.07;0.04;0.0812403840464;0.137410716097;
23;2896.0;1319.0;-0.1;0.05;-0.05;0.122474487139;0.136477201787;
23;3002.0;1318.0;0.03;-0.02;-0.04;0.0538516480713;0.131616875098;
23;3147.0;1319.0;-0.01;0.04;-0.07;0.0812403840464;0.12881818115;
23;3115.0;1319.0;0.0;-0.01;-0.04;0.0412310562562;0.124208332472;
23;3087.0;1318.0;-0.1;0.01;0.0;0.100498756211;0.123022853659;
23;2877.0;1318.0;-0.03;0.05;0.04;0.0707106781187;0.120531797681;
23;2987.0;1319.0;0.0;0.0;0.0;0.0;0.115053079604;
23;3100.0;1318.0;0.0;0.05;-0.07;0.0860232526704;0.113790913216;
23;2886.0;1320.0;0.04;-0.04;-0.09;0.106301458127;0.113478852587;
23;3157.0;1320.0;0.03;-0.03;-0.06;0.0734846922835;0.111879086175;
23;2899.0;1318.0;0.03;-0.01;0.01;0.0331662479036;0.108851669318;
23;2852.0;1320.0;0.0;0.05;-0.03;0.0583095189485;0.106979737823;
23;3145.0;1320.0;-0.04;-0.02;-0.03;0.0538516480713;0.105082306046;
23;3158.0;1319.0;-0.08;0.0;-0.06;0.1;0.104907054114;
23;2922.0;1319.0;-0.07;0.0;0.02;0.0728010988928;0.103836855606;
23;2937.0;1318.0;0.0;0.04;-0.01;0.0412310562562;0.101817313692;
23;2928.0;1319.0;-0.1;0.0;0.01;0.100498756211;0.101776108771;
23;2936.0;1319.0;-0.09;0.03;0.08;0.12409673646;0.102452491428;
23;3127.0;1321.0;0.04;-0.01;-0.15;0.155563491861;0.104014579676;
23;3073.0;1318.0;-0.05;0.02;0.05;0.0734846922835;0.103142297179;
23;2892.0;1318.0;-0.04;0.0;0.0;0.04;0.10138834448;
23;2875.0;1320.0;-0.06;0.0;-0.04;0.0721110255093;0.100597065588;
23;2811.0;1319.0;-0.02;0.02;0.03;0.0412310562562;0.099034802185;
23;3079.0;1320.0;0.0;-0.02;0.0;0.02;0.0970082687956;
23;2912.0;1319.0;0.0;-0.02;0.0;0.02;0.0950830620757;
23;2790.0;1320.0;-0.06;0.05;-0.07;0.104880884817;0.0953220333621;
23;2792.0;1319.0;0.01;-0.02;-0.05;0.0547722557505;0.0943565624666;
23;2952.0;1318.0;-0.01;0.0;-0.01;0.0141421356237;0.0924911106795;
23;2811.0;1318.0;-0.07;0.02;0.04;0.0830662386292;0.092276909042;
23;3105.0;1319.0;-0.03;-0.01;0.0;0.0316227766017;0.0909290394322;
23;3001.0;1319.0;-0.03;0.04;0.01;0.0509901951359;0.0900608036867;
23;3189.0;1319.0;0.0;0.0;0.0;0.0;0.0881446163742;
23;2978.0;1318.0;-0.07;0.0;0.04;0.080622577483;0.0879879072306;
23;2887.0;1318.0;-0.09;0.03;-0.02;0.0969535971483;0.0881708804942;
23;3040.0;1320.0;0.0;-0.05;0.05;0.0707106781187;0.0878216764467;
23;2853.0;1320.0;-0.07;0.03;0.02;0.0787400787401;0.0876436059035;
23;3127.0;1319.0;-0.06;-0.01;-0.02;0.0640312423743;0.0871895219894;
23;2955.0;1318.0;-0.08;-0.01;-0.07;0.10677078252;0.0875589797353;
23;2863.0;1318.0;-0.07;0.06;-0.09;0.128840987267;0.0883234613563;
23;2798.0;1318.0;-0.05;-0.02;0.06;0.080622577483;0.0881834452858;
23;2880.0;1321.0;-0.05;-0.05;0.04;0.0812403840464;0.0880594620494;
23;3126.0;1319.0;-0.01;0.03;0.0;0.0316227766017;0.0870693447609;
23;3182.0;1319.0;0.0;0.05;0.0;0.05;0.0864302181271;
23;3112.0;1319.0;-0.07;-0.02;0.0;0.0728010988928;0.0861992161061;
23;3011.0;1320.0;0.0;0.0;0.02;0.02;0.0850958958377;
23;2871.0;1318.0;0.0;-0.05;0.1;0.111803398875;0.0855337237563;
23;3182.0;1320.0;-0.04;0.06;0.02;0.0748331477355;0.0853611338205;
23;2955.0;1319.0;-0.07;0.03;0.03;0.0818535277187;0.0853054575332;
23;3120.0;1320.0;0.0;0.02;-0.04;0.04472135955;0.0846713310022;
23;2907.0;1319.0;-0.01;0.03;0.04;0.0509901951359;0.0841531596812;
23;3134.0;1318.0;-0.05;0.01;-0.08;0.0948683298051;0.0843155107437;
23;2955.0;1319.0;-0.04;0.05;0.0;0.0640312423743;0.0840127604695;
23;2952.0;1318.0;-0.02;-0.04;-0.01;0.0458257569496;0.0834511868883;
23;3107.0;1320.0;0.0;-0.02;-0.01;0.022360679775;0.08256581722;
23;3074.0;1318.0;-0.05;0.03;0.02;0.0616441400297;0.0822669361173;
23;2866.0;1319.0;0.0;0.04;-0.05;0.0640312423743;0.0820100953604;
23;3152.0;1320.0;-0.04;0.01;-0.02;0.0458257569496;0.0815075351047;
23;2884.0;1319.0;-0.05;0.01;-0.01;0.0519615242271;0.0811027952296;
23;2818.0;1319.0;-0.07;0.01;-0.06;0.092736184955;0.0812600031989;
23;3034.0;1320.0;-0.02;0.0;-0.01;0.022360679775;0.0804746788866;
23;3082.0;1319.0;-0.08;0.02;-0.04;0.0916515138991;0.0806217425051;
23;3221.0;1319.0;-0.07;0.0;0.02;0.0728010988928;0.080520175705;
23;3279.0;1319.0;-0.02;-0.05;0.01;0.0547722557505;0.0801900741671;
23;3157.0;1318.0;0.0;0.04;-0.07;0.080622577483;0.0801955488926;
23;2914.0;1319.0;0.0;0.01;-0.04;0.0412310562562;0.0797084927347;
23;2824.0;1320.0;-0.1;0.0;0.01;0.100498756211;0.0799651626541;
23;2864.0;1320.0;-0.01;0.03;-0.02;0.0374165738677;0.079446277425;
23;3011.0;1320.0;0.01;0.0;0.07;0.0707106781187;0.0793410292406;
23;3012.0;1319.0;-0.03;0.06;0.0;0.067082039325;0.0791950888845;
23;2868.0;1319.0;-0.01;0.06;0.0;0.060827625303;0.0789790010776;
23;2909.0;1319.0;-0.03;0.03;-0.02;0.0469041575982;0.0786060377814;
23;2893.0;1319.0;-0.01;0.05;-0.07;0.0866025403784;0.0786979516043;
23;2756.0;1319.0;-0.01;0.04;0.0;0.0412310562562;0.0782721914299;
23;3064.0;1319.0;-0.05;0.0;0.0;0.05;0.0779545263577;
23;3110.0;1319.0;-0.07;0.01;-0.05;0.0866025403784;0.0780506154023;
23;2828.0;1320.0;0.02;-0.07;0.02;0.0754983443527;0.0780225684677;
23;3169.0;1319.0;-0.05;0.09;-0.02;0.104880884817;0.0783145066889;
23;2880.0;1320.0;-0.02;-0.05;0.0;0.0538516480713;0.0780514651984;
23;2945.0;1318.0;-0.01;-0.02;-0.01;0.0244948974278;0.0774817144774;
23;2901.0;1319.0;-0.04;0.0;0.04;0.0565685424949;0.077261575825;
23;2844.0;1320.0;0.0;-0.04;0.02;0.04472135955;0.0769226152388;
23;3176.0;1320.0;-0.05;-0.02;0.0;0.0538516480713;0.0766847702164;
23;3218.0;1319.0;-0.05;-0.01;-0.08;0.0948683298051;0.0768703167429;
23;2969.0;1318.0;0.04;-0.04;0.08;0.0979795897113;0.0770835417223;
23;2958.0;1318.0;-0.06;0.09;-0.01;0.108627804912;0.0773989843542;
23;2894.0;1318.0;0.01;-0.06;0.0;0.060827625303;0.0772349114923;
23;2828.0;1318.0;-0.04;0.05;-0.02;0.067082039325;0.0721584754087;
23;2943.0;1318.0;0.0;-0.01;-0.07;0.0707106781187;0.071675876312;
23;2828.0;1318.0;-0.06;0.08;-0.03;0.104403065089;0.0798576735063;
23;2842.0;1318.0;-0.09;0.05;-0.04;0.110453610172;0.0859768608394;
23;2897.0;1318.0;-0.09;0.05;-0.06;0.119163752878;0.0915080095125;
23;2931.0;1319.0;-0.07;0.06;-0.09;0.128840987267;0.0968412920489;
23;3085.0;1319.0;0.02;-0.02;0.01;0.03;0.0884861305428;
23;2829.0;1319.0;-0.05;0.07;0.0;0.0860232526704;0.0882124774459;
23;3099.0;1319.0;-0.07;0.03;-0.01;0.0768114574787;0.0870723754491;
23;2900.0;1319.0;-0.03;0.08;-0.06;0.104403065089;0.0886478926891;
23;2974.0;1318.0;-0.12;0.03;0.0;0.123693168769;0.0915683323624;
23;3147.0;1320.0;-0.1;0.04;-0.07;0.128452325787;0.0944055626258;
23;2901.0;1319.0;-0.11;0.1;0.0;0.148660687473;0.0982809286864;
23;3048.0;1319.0;0.03;-0.07;0.11;0.133790881603;0.100648258881;
23;2822.0;1320.0;-0.08;0.02;-0.09;0.122065556157;0.101986839961;
23;3104.0;1321.0;-0.05;-0.03;0.06;0.0836660026534;0.100909143648;
23;2907.0;1320.0;-0.01;0.05;-0.01;0.0519615242271;0.0981898314583;
23;2858.0;1319.0;-0.01;0.01;-0.04;0.0424264068712;0.0952549143748;
23;2947.0;1319.0;-0.11;0.04;0.04;0.123693168769;0.0966768270945;
23;2759.0;1319.0;-0.04;-0.02;0.11;0.11874342087;0.0977276172743;
23;3104.0;1320.0;-0.01;0.03;-0.06;0.0678232998313;0.0963683301178;
23;2976.0;1319.0;0.01;0.03;-0.05;0.059160797831;0.0947506113227;
23;3205.0;1319.0;-0.07;-0.02;-0.03;0.0787400787401;0.0940835057984;
23;2984.0;1318.0;-0.01;-0.06;-0.04;0.0728010988928;0.0932322095222;
23;2840.0;1319.0;0.0;-0.06;0.05;0.0781024967591;0.0926502974928;
23;2774.0;1319.0;-0.03;0.05;-0.11;0.12449899598;0.0938298789183;
23;2904.0;1319.0;-0.09;0.06;0.0;0.108166538264;0.0943419024663;
23;3181.0;1319.0;-0.02;-0.03;0.13;0.134907375632;0.0957407118859;
23;3167.0;1318.0;0.01;-0.02;-0.04;0.0458257569496;0.0940768800546;
23;3141.0;1318.0;-0.05;-0.02;0.0;0.0538516480713;0.0927792919262;
23;2976.0;1318.0;-0.05;0.0;0.09;0.10295630141;0.0930973234725;
23;2965.0;1319.0;-0.01;-0.01;0.03;0.0331662479036;0.0912812302735;
23;3111.0;1319.0;0.0;0.01;-0.08;0.080622577483;0.0909677404855;
23;2930.0;1317.0;-0.03;0.0;0.0;0.03;0.0892258050431;
23;3071.0;1319.0;-0.02;-0.01;0.02;0.03;0.0875806437919;
23;2886.0;1319.0;-0.08;0.03;0.04;0.0943398113206;0.0877633239953;
23;2895.0;1320.0;0.0;-0.05;-0.1;0.111803398875;0.0883959575448;
23;3157.0;1320.0;0.0;-0.06;0.03;0.067082039325;0.0878494468212;
23;2841.0;1318.0;-0.02;-0.02;-0.13;0.133041346957;0.0889792443246;
23;3131.0;1318.0;-0.03;0.01;0.05;0.059160797831;0.0882519651418;
23;2987.0;1319.0;-0.02;0.02;-0.09;0.0943398113206;0.0883969138604;
23;3151.0;1320.0;-0.06;0.03;-0.03;0.0734846922835;0.0880501180097;
23;3105.0;1319.0;-0.08;0.02;0.09;0.122065556157;0.0888231961495;
23;2938.0;1319.0;0.0;-0.01;0.03;0.0316227766017;0.0875520757151;
23;3174.0;1320.0;0.01;0.0;-0.09;0.0905538513814;0.0876173317078;
23;3181.0;1320.0;-0.06;-0.02;-0.02;0.0663324958071;0.0871644628589;
23;3186.0;1319.0;-0.05;-0.01;-0.03;0.059160797831;0.0865810531708;
23;3136.0;1319.0;-0.06;-0.02;0.04;0.0748331477355;0.0863412999986;
23;3125.0;1318.0;0.0;0.01;-0.03;0.0316227766017;0.0852469295307;
23;2915.0;1319.0;-0.04;0.04;-0.12;0.132664991614;0.0861766954539;
23;2796.0;1318.0;-0.05;0.01;0.04;0.0648074069841;0.0857657475987;
23;3069.0;1319.0;-0.04;0.07;0.0;0.080622577483;0.0856687066531;
23;2885.0;1318.0;-0.05;0.02;0.01;0.0547722557505;0.0850965501549;
23;2883.0;1320.0;-0.06;0.02;0.07;0.0943398113206;0.0852646094489;
23;3072.0;1320.0;-0.03;-0.01;0.02;0.0374165738677;0.0844101802421;
23;3024.0;1319.0;-0.01;0.03;0.01;0.0331662479036;0.0835111638852;
23;3055.0;1319.0;0.01;-0.02;-0.01;0.0244948974278;0.0824936420498;
23;2877.0;1319.0;-0.08;0.04;-0.12;0.149666295471;0.0836321615993;
23;2991.0;1319.0;-0.07;0.08;-0.1;0.145945195193;0.0846707121592;
23;3035.0;1318.0;-0.03;0.01;-0.01;0.0331662479036;0.0838263766796;
23;2917.0;1319.0;-0.04;0.02;0.01;0.0458257569496;0.0832134634581;
23;2924.0;1318.0;-0.03;-0.01;-0.05;0.059160797831;0.0828316751148;
23;2853.0;1319.0;-0.04;0.0;-0.03;0.05;0.0823186801912;
23;2813.0;1319.0;0.0;-0.02;0.06;0.0632455532034;0.0820252474683;
23;2986.0;1319.0;-0.04;0.05;-0.08;0.10246950766;0.0823350089863;
23;3169.0;1319.0;-0.08;0.1;-0.01;0.128452325787;0.0830233271475;
23;2912.0;1319.0;0.03;-0.08;0.03;0.0905538513814;0.083134070151;
23;3021.0;1319.0;-0.08;0.04;0.01;0.09;0.0832335763807;
23;2835.0;1318.0;-0.03;0.0;0.0;0.03;0.0824730967181;
23;3152.0;1319.0;-0.06;0.01;0.0;0.060827625303;0.0821682309235;
23;2797.0;1318.0;-0.06;0.07;-0.01;0.092736184955;0.0823150080628;
23;3196.0;1319.0;-0.06;0.04;-0.02;0.0748331477355;0.0822125168255;
23;3197.0;1320.0;-0.04;0.0;0.04;0.0565685424949;0.0818659766318;
23;2898.0;1319.0;0.03;-0.07;0.06;0.0969535971483;0.0820671449054;
23;3165.0;1319.0;-0.06;0.06;-0.05;0.098488578018;0.0822832163937;
23;3213.0;1319.0;-0.07;0.05;-0.03;0.0911043357914;0.0823977763859;
23;3134.0;1320.0;-0.03;-0.02;0.05;0.0616441400297;0.0821317041249;
23;2918.0;1318.0;-0.06;0.01;-0.06;0.0854400374532;0.082173581762;
23;2773.0;1319.0;-0.06;0.05;-0.04;0.0877496438739;0.0822432825384;
23;3162.0;1319.0;0.01;-0.04;0.02;0.0458257569496;0.081793683457;
23;2826.0;1318.0;-0.09;0.05;0.08;0.130384048104;0.0823862488795;
23;3141.0;1320.0;-0.01;-0.08;0.1;0.128452325787;0.0829412618543;
23;2905.0;1319.0;0.0;-0.05;0.04;0.0640312423743;0.0827161425748;
23;2954.0;1319.0;0.0;-0.02;0.02;0.0282842712475;0.082075767618;
23;2873.0;1319.0;-0.07;0.06;0.0;0.0921954445729;0.0821934382803;
23;3025.0;1320.0;-0.02;-0.02;0.05;0.0574456264654;0.0819089806732;
23;3079.0;1319.0;-0.02;0.01;0.03;0.0374165738677;0.0814033851413;
23;2992.0;1318.0;-0.07;0.01;0.0;0.0707106781187;0.0812832423658;
23;2858.0;1319.0;-0.01;-0.03;-0.05;0.059160797831;0.0810374374265;
23;3128.0;1319.0;0.01;-0.02;-0.04;0.0458257569496;0.0806504958828;
23;3159.0;1320.0;0.01;-0.07;0.08;0.10677078252;0.0809344120419;
23;2942.0;1319.0;-0.08;0.05;-0.05;0.10677078252;0.0812122224772;
23;2883.0;1319.0;-0.06;0.0;-0.03;0.067082039325;0.0810619013798;
23;3148.0;1320.0;-0.02;0.0;0.05;0.0538516480713;0.0807754776608;
23;3077.0;1320.0;-0.06;0.03;-0.09;0.112249721603;0.0811033343685;
23;2913.0;1318.0;-0.06;0.04;-0.05;0.0877496438739;0.0811718530232;
23;2923.0;1319.0;-0.08;0.05;-0.04;0.10246950766;0.0813891760297;
23;2918.0;1318.0;-0.07;0.09;-0.06;0.128840987267;0.0818684872543;
23;2910.0;1320.0;-0.01;0.0;0.0;0.01;0.0811498023818;
23;3128.0;1319.0;-0.04;0.02;0.02;0.0489897948557;0.0808313864657;
23;3080.0;1319.0;-0.04;0.01;-0.03;0.0509901951359;0.0659107908008;
23;2891.0;1319.0;-0.04;0.01;0.0;0.0412310562562;0.0576842126193;
23;2824.0;1319.0;-0.05;0.02;0.0;0.0538516480713;0.0567260714823;
23;2987.0;1321.0;-0.03;0.05;-0.05;0.0768114574787;0.0607431486816;
23;2941.0;1318.0;0.01;-0.01;0.0;0.0141421356237;0.0529763131719;
23;2866.0;1320.0;-0.07;0.06;0.01;0.092736184955;0.0586562948552;
23;3162.0;1321.0;-0.09;0.05;-0.03;0.107238052948;0.0647290146168;
23;3057.0;1319.0;-0.03;0.03;-0.01;0.0435889894354;0.0623801229299;
23;3236.0;1318.0;-0.02;0.0;-0.06;0.0632455532034;0.0624666659573;
23;3136.0;1319.0;-0.06;0.0;0.0;0.06;0.0622424235975;
23;3096.0;1319.0;-0.02;-0.03;-0.05;0.0616441400297;0.0621925666335;
23;3137.0;1320.0;-0.04;-0.01;0.06;0.0728010988928;0.0630086075766;
23;2959.0;1318.0;-0.04;0.05;0.13;0.144913767462;0.0688589761398;
23;2871.0;1319.0;-0.04;0.01;0.05;0.0648074069841;0.0685888715294;
23;3115.0;1320.0;-0.05;0.01;0.01;0.0519615242271;0.067549662323;
23;2966.0;1320.0;-0.02;0.0;-0.01;0.022360679775;0.064891486879;
23;2954.0;1320.0;-0.03;0.01;-0.03;0.0435889894354;0.0637080147988;
23;2876.0;1319.0;-0.05;0.06;0.03;0.0836660026534;0.0647584352122;
23;2817.0;1319.0;-0.02;0.0;0.06;0.0632455532034;0.0646827911118;
23;3140.0;1319.0;0.0;0.0;-0.06;0.06;0.0644598010588;
23;2795.0;1318.0;-0.01;-0.03;-0.04;0.0509901951359;0.0638475462442;
23;3107.0;1320.0;-0.03;0.0;0.0;0.03;0.0623759137988;
23;3201.0;1319.0;-0.01;0.01;-0.05;0.0519615242271;0.0619419808999;
23;2937.0;1320.0;-0.07;0.0;-0.06;0.0921954445729;0.0631521194469;
23;3089.0;1319.0;-0.02;-0.03;-0.02;0.0412310562562;0.0623090016318;
23;2931.0;1319.0;-0.05;0.1;0.03;0.115758369028;0.0642886078317;
23;2893.0;1320.0;-0.01;-0.04;0.0;0.0412310562562;0.0634651238468;
23;2872.0;1319.0;-0.03;-0.04;0.01;0.0509901951359;0.0630349538913;
23;3209.0;1320.0;-0.09;0.04;0.04;0.106301458127;0.0644771706992;
23;3075.0;1320.0;0.0;0.02;-0.02;0.0282842712475;0.0633096578136;
23;2984.0;1320.0;0.01;0.0;-0.02;0.022360679775;0.0620300022499;
23;2766.0;1318.0;-0.02;0.0;0.01;0.022360679775;0.0608279015689;
23;3149.0;1319.0;-0.1;0.01;0.0;0.100498756211;0.0619946914113;
23;2780.0;1318.0;0.02;-0.04;0.04;0.06;0.0619377002281;
23;2912.0;1318.0;-0.03;0.03;0.06;0.0734846922835;0.0622584500074;
23;2901.0;1319.0;0.0;-0.05;0.0;0.05;0.0619271405478;
23;2905.0;1320.0;-0.04;-0.01;0.04;0.0574456264654;0.0618092059666;
23;3186.0;1320.0;-0.05;0.02;-0.07;0.0883176086633;0.0624889085999;
23;3151.0;1320.0;-0.03;-0.02;-0.03;0.0469041575982;0.0620992898249;
23;2952.0;1319.0;-0.05;0.04;-0.01;0.0648074069841;0.0621653414629;
23;2885.0;1321.0;0.0;-0.03;-0.09;0.0948683298051;0.0629439840425;
23;3073.0;1319.0;-0.01;-0.07;0.06;0.092736184955;0.0636368259241;
23;3166.0;1319.0;0.0;-0.04;-0.09;0.098488578018;0.064428911199;
23;2902.0;1318.0;0.0;-0.03;0.05;0.0583095189485;0.0642929247045;
23;2870.0;1319.0;-0.08;0.04;-0.02;0.0916515138991;0.0648876766436;
23;2824.0;1319.0;-0.05;0.02;0.01;0.0547722557505;0.0646724549224;
23;3225.0;1318.0;-0.02;0.0;0.08;0.0824621125124;0.0650430727889;
23;2815.0;1318.0;-0.01;-0.01;0.06;0.0616441400297;0.0649737068142;
23;3135.0;1320.0;-0.04;0.01;-0.07;0.0812403840464;0.0652990403589;
23;2980.0;1320.0;0.03;-0.02;0.06;0.07;0.0653912160381;
23;2837.0;1319.0;-0.04;0.02;0.05;0.067082039325;0.0654237318705;
23;2917.0;1320.0;0.0;-0.05;-0.09;0.10295630141;0.06613189356;
23;3115.0;1319.0;-0.06;0.01;0.06;0.0854400374532;0.0664894517802;
23;2840.0;1319.0;-0.08;0.03;0.06;0.104403065089;0.067178790204;
23;3182.0;1319.0;-0.08;0.03;0.06;0.104403065089;0.0678435093984;
23;3131.0;1319.0;-0.01;0.01;0.13;0.130766968306;0.0689474297301;
23;2900.0;1319.0;-0.07;0.07;-0.05;0.110905365064;0.0696708424083;
23;3134.0;1320.0;0.04;-0.07;-0.12;0.144568322948;0.070940291231;
23;2864.0;1319.0;-0.1;0.03;0.09;0.137840487521;0.0720552945025;
23;3226.0;1319.0;-0.06;0.02;-0.08;0.101980390272;0.072545869843;
23;3097.0;1318.0;-0.04;0.03;0.05;0.0707106781187;0.0725162699764;
23;3192.0;1318.0;-0.07;0.0;0.08;0.106301458127;0.0730525428042;
23;3062.0;1318.0;-0.07;0.05;-0.03;0.0911043357914;0.0733346020696;
23;2912.0;1319.0;0.0;-0.03;0.02;0.0360555127546;0.0727610776186;
23;3126.0;1320.0;0.06;-0.04;0.0;0.0721110255093;0.0727512283443;
23;3001.0;1319.0;-0.01;-0.01;-0.06;0.0616441400297;0.0725854509067;
23;2872.0;1319.0;-0.02;-0.05;0.03;0.0616441400297;0.0724245492762;
23;2968.0;1321.0;-0.1;0.06;0.03;0.120415945788;0.0731200767619;
23;2898.0;1320.0;0.01;-0.02;0.06;0.0640312423743;0.0729902362706;
23;3111.0;1320.0;-0.03;0.05;0.0;0.0583095189485;0.0727834656041;
23;2972.0;1319.0;-0.05;0.02;-0.05;0.0734846922835;0.0727932048635;
23;2876.0;1320.0;-0.08;0.01;-0.04;0.09;0.073028914386;
23;2807.0;1318.0;-0.01;0.01;-0.02;0.0244948974278;0.0723730492919;
23;3003.0;1318.0;0.04;-0.08;0.07;0.113578166916;0.0729224508603;
23;2848.0;1318.0;-0.09;0.05;-0.07;0.12449899598;0.0736010896118;
23;3201.0;1320.0;-0.09;0.04;-0.05;0.110453610172;0.0740796937749;
23;2760.0;1318.0;-0.08;0.07;-0.08;0.133041346957;0.0748356124055;
23;3148.0;1319.0;0.02;-0.01;-0.1;0.10246950766;0.0751854085479;
23;2870.0;1320.0;-0.06;0.05;0.0;0.0781024967591;0.0752218721506;
23;2896.0;1320.0;-0.09;0.03;0.11;0.145258390463;0.0760865205248;
23;2932.0;1320.0;-0.02;-0.02;0.01;0.03;0.0755244897867;
23;3174.0;1319.0;-0.04;0.01;0.03;0.0509901951359;0.0752288958752;
23;2895.0;1319.0;-0.05;0.05;0.0;0.0707106781187;0.0751751075686;
23;2824.0;1319.0;-0.05;0.05;0.0;0.0707106781187;0.0751225848692;
23;2883.0;1318.0;-0.02;0.0;0.01;0.022360679775;0.0745090743449;
23;3089.0;1318.0;-0.06;0.07;-0.13;0.159373774505;0.0754845306685;
23;2943.0;1319.0;-0.04;-0.01;0.06;0.0728010988928;0.0754540371256;
23;2852.0;1319.0;-0.05;0.05;-0.11;0.130766968306;0.0760755307344;
23;3224.0;1320.0;0.01;-0.01;-0.02;0.0244948974278;0.0755024125865;
23;3071.0;1320.0;-0.03;0.08;-0.05;0.0989949493661;0.0757605723314;
23;2985.0;1319.0;-0.06;0.0;-0.02;0.0632455532034;0.0756245395148;
23;2901.0;1319.0;-0.08;0.03;0.0;0.0854400374532;0.0757300825034;
23;2891.0;1319.0;0.02;-0.05;0.0;0.0538516480713;0.0754973332009;
23;3127.0;1320.0;-0.06;0.05;0.0;0.0781024967591;0.0755247559752;
23;2750.0;1320.0;-0.05;-0.03;0.01;0.059160797831;0.0753542980778;
23;2805.0;1319.0;-0.07;-0.04;0.0;0.080622577483;0.0754086102367;
23;3114.0;1319.0;-0.03;0.0;-0.02;0.0360555127546;0.0750070480175;
23;3144.0;1319.0;-0.06;0.01;0.0;0.060827625303;0.0748638215254;
23;3116.0;1318.0;0.0;-0.04;-0.05;0.0640312423743;0.0747554957339;
23;2905.0;1319.0;-0.07;0.04;0.0;0.080622577483;0.0748135856522;
23;2848.0;1319.0;-0.01;0.0;0.03;0.0316227766017;0.0532181811269;
23;3151.0;1321.0;0.0;0.03;-0.05;0.0583095189485;0.0549152937341;
23;2885.0;1318.0;-0.04;-0.04;0.05;0.0754983443527;0.0600610563888;
23;2865.0;1321.0;-0.07;0.04;-0.02;0.0830662386292;0.0646620928368;
23;3165.0;1321.0;-0.01;0.0;-0.07;0.0707106781187;0.0656701903838;
23;2928.0;1320.0;0.0;0.02;0.01;0.022360679775;0.0594831174397;
23;3195.0;1319.0;-0.04;-0.01;-0.06;0.0728010988928;0.0611478651213;
23;2908.0;1319.0;-0.1;0.05;-0.06;0.126885775404;0.068452077375;
23;2776.0;1319.0;0.0;-0.03;0.06;0.067082039325;0.06831507357;
23;2893.0;1319.0;-0.07;0.04;-0.06;0.100498756211;0.071240862901;
23;3150.0;1319.0;-0.06;0.02;0.01;0.0640312423743;0.0706400611905;
23;2882.0;1319.0;-0.06;0.0;0.09;0.108166538264;0.073526713273;
23;3060.0;1321.0;-0.08;0.0;0.08;0.11313708499;0.0763560255385;
23;3106.0;1320.0;-0.06;0.0;0.07;0.0921954445729;0.0774119868075;
23;2874.0;1320.0;-0.04;-0.01;0.0;0.0412310562562;0.075150678648;
23;3062.0;1320.0;0.0;0.0;-0.02;0.02;0.0719065210805;
23;2889.0;1320.0;0.0;-0.03;0.06;0.067082039325;0.0716384943163;
23;2769.0;1320.0;-0.09;0.0;0.02;0.0921954445729;0.0727204390667;
23;3162.0;1321.0;-0.03;-0.06;0.06;0.09;0.0735844171133;
23;3131.0;1320.0;-0.07;0.05;0.04;0.0948683298051;0.0745979367653;
23;3085.0;1319.0;-0.04;0.0;0.0;0.04;0.073025303276;
23;3165.0;1320.0;-0.07;-0.02;-0.02;0.0754983443527;0.0731328268011;
23;3153.0;1319.0;-0.01;0.0;0.0;0.01;0.070502292351;
23;3036.0;1318.0;-0.01;0.0;-0.07;0.0707106781187;0.0705106277817;
23;2890.0;1318.0;-0.02;-0.01;0.01;0.0244948974278;0.0687407919989;
23;2976.0;1320.0;-0.12;0.02;-0.02;0.123288280059;0.0707610693344;
23;2799.0;1320.0;0.0;0.04;-0.08;0.0894427191;0.0714282711118;
23;3021.0;1320.0;0.0;0.03;-0.13;0.133416640641;0.0735658010956;
23;2824.0;1319.0;-0.03;-0.01;0.07;0.0768114574787;0.0736739896417;
23;2816.0;1320.0;-0.08;-0.02;-0.04;0.0916515138991;0.074253909779;
23;2936.0;1319.0;-0.05;-0.01;0.04;0.0648074069841;0.0739587065667;
23;2830.0;1320.0;0.0;0.05;-0.04;0.0640312423743;0.0736578743184;
23;2848.0;1320.0;-0.07;-0.04;-0.01;0.0812403840464;0.0738808893104;
23;2923.0;1321.0;-0.09;0.0;0.02;0.0921954445729;0.0744041623179;
23;3198.0;1320.0;-0.04;-0.02;0.02;0.0489897948557;0.0736982076662;
23;3142.0;1319.0;-0.01;0.05;-0.07;0.0866025403784;0.0740469734152;
23;2963.0;1319.0;0.0;-0.01;0.04;0.0412310562562;0.0731833966478;
23;3045.0;1318.0;-0.06;0.05;0.04;0.0877496438739;0.0735568901664;
23;3170.0;1321.0;-0.04;0.07;-0.02;0.0830662386292;0.073794623878;
23;3193.0;1319.0;0.02;-0.01;0.02;0.03;0.07272646232;
23;2913.0;1319.0;-0.06;0.06;0.0;0.0848528137424;0.0730151849729;
23;2933.0;1319.0;-0.03;0.0;0.06;0.067082039325;0.0728772048416;
23;3072.0;1318.0;0.02;-0.03;-0.06;0.07;0.0728118138224;
23;3007.0;1319.0;-0.02;0.06;-0.1;0.118321595662;0.0738231423078;
23;2877.0;1320.0;-0.11;0.03;0.0;0.11401754251;0.0746969336165;
23;2856.0;1320.0;-0.1;0.05;0.06;0.126885775404;0.0758073345056;
23;3039.0;1320.0;0.05;-0.05;-0.02;0.0734846922835;0.075758946126;
23;3209.0;1320.0;-0.04;0.01;-0.13;0.13638181697;0.0769961475718;
23;2852.0;1319.0;0.0;-0.07;-0.1;0.122065556157;0.0778975357435;
23;3024.0;1319.0;-0.06;-0.04;0.09;0.115325625947;0.0786314198651;
23;2973.0;1318.0;0.0;-0.01;0.0;0.01;0.0773115848677;
23;2806.0;1319.0;0.0;-0.02;0.0;0.02;0.0762302342098;
23;2941.0;1319.0;0.01;-0.06;0.05;0.0787400787401;0.0762767128123;
23;2771.0;1319.0;-0.11;0.08;0.0;0.136014705087;0.0773628581263;
23;2763.0;1320.0;0.01;0.03;0.0;0.0316227766017;0.0765460709563;
23;2801.0;1319.0;0.0;0.06;-0.04;0.0721110255093;0.0764682631414;
23;3129.0;1319.0;-0.02;-0.01;-0.01;0.0244948974278;0.0755721706291;
23;2900.0;1319.0;-0.05;-0.04;0.02;0.067082039325;0.0754282700985;
23;2885.0;1319.0;-0.01;-0.02;0.04;0.0458257569496;0.0749348948794;
23;3063.0;1320.0;0.0;0.02;-0.05;0.0538516480713;0.0745892678825;
23;2819.0;1320.0;-0.07;-0.05;-0.01;0.0866025403784;0.0747830303421;
23;2887.0;1319.0;-0.17;0.05;-0.05;0.184119526395;0.0765185302795;
23;2815.0;1320.0;0.07;-0.06;0.02;0.0943398113206;0.0767969877957;
23;3023.0;1320.0;-0.03;-0.12;0.04;0.13;0.0776154956758;
23;2837.0;1320.0;-0.08;-0.03;0.06;0.104403065089;0.0780213679397;
23;3073.0;1320.0;-0.07;-0.01;0.07;0.0994987437107;0.078341925787;
23;2959.0;1319.0;0.01;0.01;0.02;0.0244948974278;0.0775500577229;
23;2939.0;1318.0;-0.06;0.09;-0.03;0.112249721603;0.0780529514023;
23;2791.0;1320.0;-0.05;0.03;-0.05;0.0768114574787;0.0780352157748;
23;3003.0;1319.0;0.01;-0.07;0.04;0.0812403840464;0.0780803589899;
23;3116.0;1321.0;-0.01;-0.02;0.05;0.0547722557505;0.0777566353338;
23;2899.0;1319.0;-0.06;0.09;0.03;0.112249721603;0.0782291433649;
23;2813.0;1321.0;-0.07;0.08;-0.1;0.145945195193;0.0791442251464;
23;2978.0;1320.0;-0.03;0.05;0.05;0.0768114574787;0.0791131215775;
23;3050.0;1320.0;0.0;0.01;-0.08;0.080622577483;0.0791329828394;
23;3185.0;1322.0;-0.03;0.05;-0.06;0.0836660026534;0.0791918532266;
23;3180.0;1320.0;0.0;-0.03;-0.06;0.067082039325;0.0790365992022;
23;2932.0;1319.0;0.0;-0.01;-0.01;0.0141421356237;0.0782151502961;
23;2926.0;1320.0;-0.04;0.05;-0.05;0.0812403840464;0.078252965718;
23;2925.0;1319.0;-0.01;-0.04;-0.02;0.0458257569496;0.0778526298073;
23;3094.0;1320.0;-0.05;0.01;-0.04;0.0648074069841;0.0776935417241;
23;3001.0;1319.0;-0.06;0.02;0.0;0.0632455532034;0.0775194695732;
23;2903.0;1319.0;0.0;0.03;-0.02;0.0360555127546;0.0770258510397;
23;2972.0;1320.0;0.0;-0.02;-0.03;0.0360555127546;0.0765438470598;
23;2887.0;1319.0;-0.07;0.07;-0.03;0.103440804328;0.0768566023769;
23;2789.0;1320.0;-0.04;-0.04;-0.02;0.06;0.0766628483266;
23;3185.0;1320.0;0.0;-0.03;0.02;0.0360555127546;0.0762014013315;
23;3093.0;1319.0;-0.02;0.06;-0.01;0.0640312423743;0.0760646579724;
23;2908.0;1320.0;-0.03;-0.02;-0.04;0.0538516480713;0.0758178467513;
23;2920.0;1320.0;-0.07;-0.02;0.01;0.0734846922835;0.0757922076912;
23;2793.0;1319.0;-0.02;0.01;-0.03;0.0374165738677;0.0753750812366;
23;3043.0;1319.0;0.01;0.02;-0.05;0.0547722557505;0.0751535454787;
23;2897.0;1319.0;-0.05;0.02;0.0;0.0538516480713;0.0749269295488;
23;3011.0;1321.0;-0.09;0.0;0.05;0.10295630141;0.0752219755684;
23;2872.0;1320.0;0.02;0.0;-0.01;0.022360679775;0.0746713370706;
23;2804.0;1319.0;-0.01;0.06;0.0;0.060827625303;0.0745286183925;
23;2896.0;1320.0;-0.05;-0.03;-0.05;0.0768114574787;0.0745519126689;
23;3100.0;1319.0;-0.03;0.01;0.05;0.059160797831;0.0743964468625;
23;3182.0;1319.0;0.01;-0.01;0.01;0.0173205080757;0.0738256874746;
23;2914.0;1320.0;0.0;0.04;-0.1;0.107703296143;0.0741611093426;
23;2850.0;1320.0;-0.03;-0.04;0.07;0.0860232526704;0.0800921810065;
23;3158.0;1320.0;-0.07;-0.03;0.08;0.110453610172;0.090212657395;
23;2888.0;1319.0;-0.04;0.0;-0.09;0.098488578018;0.0922816375507;
23;2893.0;1321.0;-0.02;0.04;0.0;0.04472135955;0.0827695819506;
23;3132.0;1320.0;0.0;0.03;-0.04;0.05;0.0773079849588;
23;2907.0;1320.0;-0.02;0.0;-0.05;0.0538516480713;0.0739570796892;
23;2786.0;1319.0;-0.01;-0.03;0.01;0.0331662479036;0.068858225716;
23;2957.0;1319.0;0.01;-0.06;-0.01;0.0616441400297;0.0680566606397;
23;2892.0;1320.0;0.03;0.0;-0.05;0.0583095189485;0.0670819464706;
23;3040.0;1321.0;-0.09;0.06;-0.05;0.119163752878;0.071816656144;
23;3167.0;1320.0;-0.05;0.0;-0.11;0.120830459736;0.0759011397767;
23;3119.0;1319.0;-0.01;-0.01;0.0;0.0141421356237;0.0711504471495;
23;2979.0;1319.0;-0.01;0.0;0.0;0.01;0.0667825580674;
23;2933.0;1320.0;0.01;-0.04;0.05;0.0648074069841;0.0666508813285;
23;2811.0;1319.0;-0.05;0.0;0.05;0.0707106781187;0.0669046186279;
23;3065.0;1319.0;0.0;0.0;0.0;0.0;0.0629690528263;
23;2981.0;1320.0;-0.06;0.01;-0.02;0.0640312423743;0.0630280633567;
23;2912.0;1318.0;-0.02;-0.05;0.07;0.0883176086633;0.0643590920571;
23;2977.0;1320.0;-0.14;0.06;0.04;0.15748015748;0.0690151453282;
23;3033.0;1321.0;-0.03;0.06;0.0;0.067082039325;0.0689230926614;
23;2951.0;1318.0;0.0;0.05;-0.04;0.0640312423743;0.0687007358302;
23;2806.0;1318.0;0.03;0.0;-0.02;0.0360555127546;0.0672813783051;
23;3177.0;1320.0;-0.03;-0.04;0.0;0.05;0.0665613208758;
23;3159.0;1319.0;0.0;-0.04;0.05;0.0640312423743;0.0664601177357;
23;2900.0;1318.0;0.03;-0.02;-0.02;0.0412310562562;0.0654897692173;
23;2864.0;1319.0;-0.02;0.08;-0.11;0.137477270849;0.0681559729814;
23;3036.0;1320.0;-0.11;0.05;-0.03;0.12449899598;0.0701682238028;
23;2977.0;1318.0;-0.06;0.02;-0.06;0.0871779788708;0.070754767081;
23;2889.0;1320.0;-0.07;0.04;0.0;0.080622577483;0.0710836940944;
23;2888.0;1319.0;-0.02;0.04;-0.1;0.109544511501;0.0723243656236;
23;2919.0;1320.0;-0.03;-0.01;-0.03;0.0435889894354;0.0714263851177;
23;2789.0;1319.0;-0.09;0.02;0.05;0.104880884817;0.0724401578359;
23;2928.0;1319.0;0.0;0.04;-0.09;0.098488578018;0.0732062878413;
23;3236.0;1319.0;0.04;-0.04;0.03;0.0640312423743;0.0729441436851;
23;3099.0;1320.0;-0.06;0.09;-0.02;0.11;0.0739734730271;
23;3189.0;1320.0;0.0;-0.04;0.02;0.04472135955;0.0731828753656;
23;2750.0;1319.0;-0.07;0.02;0.02;0.0754983443527;0.07324380876;
23;3153.0;1320.0;0.04;-0.02;0.03;0.0538516480713;0.0727465738705;
23;2759.0;1320.0;-0.11;0.06;-0.02;0.126885775404;0.0741000539089;
23;3096.0;1320.0;-0.1;0.03;0.02;0.106301458127;0.0748854540118;
23;2895.0;1319.0;-0.05;-0.05;0.11;0.130766968306;0.0762159662569;
23;2900.0;1319.0;0.01;-0.06;0.05;0.0787400787401;0.0762746665472;
23;2918.0;1320.0;0.0;-0.03;0.04;0.05;0.0756775150348;
23;2897.0;1318.0;-0.02;-0.03;-0.01;0.0374165738677;0.0748272718977;
23;2850.0;1319.0;0.0;-0.02;0.03;0.0360555127546;0.0739844075685;
23;3145.0;1319.0;0.03;-0.03;-0.05;0.065574385243;0.0738054709233;
23;3006.0;1319.0;0.0;-0.05;-0.01;0.0509901951359;0.0733301526777;
23;2936.0;1319.0;-0.05;0.03;0.09;0.107238052948;0.0740221506424;
23;2881.0;1319.0;0.0;-0.02;0.03;0.0360555127546;0.0732628178847;
23;3113.0;1320.0;-0.03;0.06;-0.01;0.0678232998313;0.0731561606679;
23;3047.0;1321.0;-0.04;-0.01;-0.03;0.0509901951359;0.0727298921;
23;2858.0;1319.0;-0.08;0.06;-0.04;0.107703296143;0.073389767648;
23;3016.0;1320.0;0.02;-0.02;0.02;0.0346410161514;0.0726721981758;
23;2960.0;1320.0;-0.02;0.05;-0.03;0.0616441400297;0.0724716880277;
23;2967.0;1322.0;-0.07;0.08;-0.05;0.117473401245;0.0732752900494;
23;2880.0;1321.0;0.03;-0.06;-0.04;0.0781024967591;0.0733599778864;
23;2987.0;1321.0;-0.09;0.05;0.0;0.10295630141;0.0738702593265;
23;2989.0;1320.0;-0.03;-0.05;-0.05;0.0768114574787;0.0739201101426;
23;2818.0;1320.0;-0.02;-0.02;0.06;0.0663324958071;0.0737936499037;
23;3111.0;1321.0;-0.05;0.07;0.03;0.0911043357914;0.0740774316396;
23;2854.0;1319.0;-0.04;-0.08;0.1;0.13416407865;0.0750465711075;
23;2912.0;1320.0;-0.05;0.02;0.0;0.0538516480713;0.0747101437577;
23;2805.0;1320.0;0.01;0.0;-0.09;0.0905538513814;0.0749577016893;
23;2879.0;1319.0;-0.06;0.01;0.0;0.060827625303;0.0747403158988;
23;3181.0;1320.0;-0.05;0.04;-0.04;0.0754983443527;0.0747518011784;
23;2930.0;1319.0;-0.03;0.03;0.0;0.0424264068712;0.0742693326066;
23;2962.0;1319.0;-0.06;0.0;-0.07;0.0921954445729;0.0745329519003;
23;3096.0;1320.0;-0.08;0.05;0.05;0.10677078252;0.0750001668368;
23;2920.0;1320.0;-0.06;0.07;-0.07;0.115758369028;0.0755824268681;
23;2917.0;1319.0;0.0;-0.02;0.03;0.0360555127546;0.0750257097679;
23;2900.0;1319.0;-0.04;0.0;0.0;0.04;0.0745392415767;
23;2764.0;1319.0;-0.04;-0.01;-0.04;0.0574456264654;0.0743050824656;
23;2914.0;1319.0;-0.03;0.0;0.04;0.05;0.0739766354052;
23;3089.0;1320.0;-0.01;-0.02;-0.03;0.0374165738677;0.073489167918;
23;2874.0;1319.0;-0.07;0.04;0.0;0.080622577483;0.0735830285702;
23;2877.0;1319.0;-0.02;0.0;-0.05;0.0538516480713;0.0733267768754;
23;3122.0;1319.0;-0.06;0.0;0.04;0.0721110255093;0.0733111903194;
23;3197.0;1319.0;-0.01;0.0;-0.02;0.022360679775;0.072666247148;
23;3076.0;1320.0;-0.03;0.01;0.0;0.0316227766017;0.0721532037662;
23;3030.0;1320.0;-0.05;-0.04;-0.05;0.0812403840464;0.072265391177;
23;2974.0;1319.0;-0.07;-0.02;0.04;0.0830662386292;0.0723971088289;
23;3138.0;1321.0;0.0;0.0;-0.02;0.02;0.0717658183611;
23;3074.0;1320.0;-0.01;-0.02;-0.01;0.0244948974278;0.0712030693023;
23;3030.0;1320.0;-0.08;0.02;0.03;0.0877496438739;0.0713977348855;
23;2890.0;1320.0;-0.04;-0.03;0.01;0.0509901951359;0.0711604379117;
23;2891.0;1319.0;-0.01;0.03;0.03;0.0435889894354;0.0708435247108;
23;3023.0;1318.0;-0.04;0.0;0.0;0.04;0.0704930301118;
23;2864.0;1318.0;-0.03;0.0;-0.05;0.0583095189485;0.070356136728;
23;2924.0;1320.0;-0.03;0.07;0.0;0.0761577310586;0.0704205988872;
23;3004.0;1320.0;-0.05;0.04;-0.02;0.067082039325;0.0703839114195;
23;2922.0;1319.0;-0.02;-0.03;0.05;0.0616441400297;0.0702889139044;
23;3232.0;1321.0;-0.02;0.06;-0.05;0.080622577483;0.0704000285665;
23;3108.0;1320.0;-0.05;0.05;0.0;0.0707106781187;0.070403333349;
23;3160.0;1320.0;-0.03;-0.04;0.05;0.0707106781187;0.0704065685571;
23;3052.0;1320.0;-0.05;0.05;0.02;0.0734846922835;0.0704386323459;
23;3532.0;1319.0;-0.04;0.05;-0.06;0.0877496438739;0.0706170963823;
23;2899.0;1317.0;-0.48;1.46;-2.28;2.74961815531;0.0979538418815;
23;2929.0;1308.0;-1.01;1.27;6.5;6.69947759157;0.164635899959;
23;2898.0;1301.0;0.13;-0.53;-0.24;0.596154342432;0.168951084384;
23;2825.0;1300.0;-0.07;-0.9;1.05;1.38470213403;0.180988223489;
23;2826.0;1302.0;-0.22;0.11;-0.33;0.411582312545;0.296285268017;
23;3112.0;1303.0;-0.42;0.11;-0.19;0.473919824443;0.355496786826;
23;3202.0;1302.0;-0.12;-0.26;0.03;0.287923600978;0.338603490364;
23;3137.0;1303.0;0.17;0.06;-0.12;0.216564078277;0.314195607946;
23;2940.0;1303.0;-0.05;0.26;-0.34;0.430929228528;0.333651211377;
23;2884.0;1305.0;0.0;-0.05;0.13;0.139283882772;0.305884450147;
23;3037.0;1305.0;-0.14;0.03;0.6;0.616846820532;0.344754746446;
23;2894.0;1306.0;-0.08;0.05;-0.33;0.343220046035;0.344584224178;
23;3148.0;1306.0;-0.05;0.01;-0.2;0.206397674406;0.3307655692;
23;2940.0;1306.0;-0.01;0.0;0.12;0.120415945788;0.311642876163;
23;2752.0;1306.0;0.0;-0.06;0.22;0.22803508502;0.304675560234;
23;2879.0;1309.0;-0.07;0.06;-0.21;0.229346898824;0.298881047818;
23;2876.0;1307.0;-0.08;0.06;-0.02;0.101980390272;0.284816715136;
23;2836.0;1307.0;-0.1;0.12;0.07;0.171172427686;0.277240429306;
23;2896.0;1308.0;-0.06;0.11;-0.09;0.154272486205;0.269554932862;
23;3025.0;1308.0;-0.07;0.03;-0.04;0.0860232526704;0.258758951675;
23;2874.0;1307.0;0.02;-0.04;0.16;0.166132477258;0.253613036429;
23;3108.0;1309.0;-0.06;0.03;0.11;0.128840987267;0.247046086473;
23;3130.0;1308.0;-0.02;-0.1;0.11;0.15;0.24219378215;
23;3133.0;1308.0;-0.03;-0.02;0.17;0.17378147197;0.238936053094;
23;3043.0;1309.0;-0.02;-0.03;0.06;0.07;0.231257141589;
23;2932.0;1307.0;-0.06;0.05;-0.15;0.169115345253;0.228555324357;
23;3143.0;1308.0;-0.05;-0.02;0.16;0.168819430161;0.226066328766;
23;2895.0;1308.0;-0.08;0.03;-0.02;0.0877496438739;0.22053366137;
23;2918.0;1308.0;-0.01;0.0;-0.03;0.0316227766017;0.21326785811;
23;2984.0;1308.0;-0.01;0.0;-0.08;0.080622577483;0.208355069938;
23;2858.0;1307.0;0.02;-0.04;0.06;0.0748331477355;0.20358642986;
23;2910.0;1308.0;-0.01;-0.05;0.09;0.103440804328;0.200133132428;
23;3095.0;1310.0;0.04;-0.01;0.06;0.0728010988928;0.19588873131;
23;3126.0;1309.0;-0.04;0.03;-0.01;0.0509901951359;0.191214584982;
23;2882.0;1307.0;-0.03;0.0;0.04;0.05;0.186801629201;
23;3083.0;1309.0;-0.07;0.02;-0.09;0.115758369028;0.184648803135;
23;3148.0;1309.0;-0.04;0.03;0.0;0.05;0.180688544219;
23;2918.0;1307.0;-0.03;-0.02;0.07;0.0787400787401;0.17777573092;
23;2888.0;1309.0;-0.04;0.04;-0.02;0.06;0.174504182839;
23;2926.0;1308.0;0.0;0.0;-0.08;0.08;0.171950015735;
23;2901.0;1307.0;-0.06;0.04;-0.05;0.0877496438739;0.169734216476;
23;2968.0;1308.0;-0.02;-0.01;-0.04;0.0458257569496;0.166557076488;
23;3191.0;1308.0;0.0;-0.01;0.02;0.022360679775;0.16295216657;
23;3041.0;1309.0;-0.02;0.05;-0.04;0.067082039325;0.160613870783;
23;3051.0;1307.0;-0.03;0.01;0.02;0.0374165738677;0.157680601809;
23;2803.0;1308.0;-0.06;0.02;-0.05;0.080622577483;0.155888554732;
23;3152.0;1310.0;-0.01;0.0;-0.04;0.0412310562562;0.153282702494;
23;2985.0;1309.0;-0.04;0.02;-0.02;0.0489897948557;0.150965082324;
23;2897.0;1309.0;-0.06;0.06;-0.05;0.098488578018;0.149824288752;
23;2888.0;1309.0;-0.06;0.03;0.03;0.0734846922835;0.148200042019;
23;2787.0;1308.0;-0.02;-0.03;0.0;0.0360555127546;0.145863697659;
23;2878.0;1308.0;-0.02;0.0;0.03;0.0360555127546;0.143622714294;
23;3158.0;1310.0;-0.05;0.01;0.02;0.0547722557505;0.141845705123;
23;2928.0;1308.0;-0.06;0.03;0.0;0.067082039325;0.140379750892;
23;3152.0;1310.0;-0.05;0.02;0.03;0.0616441400297;0.138865604529;
23;2889.0;1309.0;-0.07;0.05;0.03;0.0911043357914;0.137964448515;
23;2776.0;1309.0;-0.01;-0.03;0.05;0.059160797831;0.13650512165;
23;3170.0;1310.0;-0.01;0.0;-0.07;0.0707106781187;0.135308859041;
23;2931.0;1308.0;-0.03;0.01;0.02;0.0374165738677;0.13356078252;
23;3177.0;1309.0;-0.02;0.0;-0.09;0.0921954445729;0.132835074837;
23;3147.0;1308.0;-0.03;0.0;0.01;0.0316227766017;0.131090035212;
23;2781.0;1308.0;-0.01;-0.02;0.04;0.0458257569496;0.129644877953;
23;3180.0;1309.0;-0.03;0.06;-0.08;0.104403065089;0.129224181072;
23;3210.0;1310.0;-0.04;0.02;-0.02;0.0489897948557;0.127908863265;
23;3030.0;1308.0;-0.05;-0.03;0.07;0.0911043357914;0.127315241854;
23;3029.0;1308.0;-0.03;-0.02;-0.05;0.0616441400297;0.126272843413;
23;2899.0;1309.0;-0.04;0.0;-0.08;0.0894427191;0.12569737272;
23;2823.0;1309.0;-0.03;0.0;0.01;0.0316227766017;0.124250071242;
23;2835.0;1308.0;-0.02;-0.01;-0.01;0.0244948974278;0.122738629214;
23;3122.0;1308.0;-0.02;-0.02;0.01;0.03;0.121354470569;
23;2998.0;1309.0;0.0;-0.04;0.01;0.0412310562562;0.120176185064;
23;2915.0;1308.0;0.0;0.01;0.0;0.01;0.118579428759;
23;2839.0;1308.0;-0.01;0.05;0.0;0.0509901951359;0.117613868279;
23;3048.0;1309.0;-0.05;0.01;0.0;0.0509901951359;0.116675506685;
23;3052.0;1307.0;-0.08;0.0;0.04;0.0894427191;0.116297273524;
23;3013.0;1309.0;-0.03;0.02;0.02;0.0412310562562;0.115268969178;
23;3000.0;1309.0;-0.02;-0.02;0.1;0.103923048454;0.115115645925;
23;3153.0;1309.0;-0.06;0.07;0.0;0.0921954445729;0.114810043241;
23;2891.0;1308.0;0.02;-0.06;0.03;0.07;0.114220437408;
23;2887.0;1309.0;0.0;-0.02;0.03;0.0360555127546;0.113205308517;
23;2759.0;1308.0;-0.04;0.01;0.0;0.0412310562562;0.112282561693;
23;3054.0;1310.0;-0.02;0.03;0.01;0.0374165738677;0.111334890961;
23;3024.0;1308.0;-0.01;0.0;-0.01;0.0141421356237;0.110119981519;
23;3054.0;1307.0;-0.07;0.04;0.03;0.0860232526704;0.10982249104;
23;2878.0;1308.0;-0.07;0.06;-0.07;0.115758369028;0.109894879796;
23;2871.0;1308.0;0.0;0.0;-0.05;0.05;0.109173254738;
23;3029.0;1308.0;-0.02;0.0;-0.07;0.0728010988928;0.108740252883;
23;2895.0;1309.0;0.0;-0.04;0.01;0.0412310562562;0.10794602704;
23;2895.0;1308.0;0.01;-0.03;-0.06;0.0678232998313;0.1074794837;
23;2842.0;1308.0;0.0;-0.07;0.02;0.0728010988928;0.107080881576;
23;2773.0;1308.0;-0.06;0.03;-0.04;0.0781024967591;0.106751581749;
23;2989.0;1308.0;-0.01;-0.04;0.0;0.0412310562562;0.106015396069;
23;2946.0;1309.0;0.01;-0.01;0.04;0.0424264068712;0.105308851744;
23;2939.0;1309.0;-0.06;0.08;-0.02;0.101980390272;0.105272275245;
23;2900.0;1308.0;-0.05;0.01;-0.01;0.0519615242271;0.10469281056;
23;3013.0;1309.0;-0.11;0.04;0.02;0.11874342087;0.104843892391;
23;3145.0;1308.0;-0.03;0.05;-0.05;0.0768114574787;0.104545674998;
23;3123.0;1309.0;-0.06;0.0;0.05;0.0781024967591;0.104267325754;
23;3154.0;1309.0;-0.03;-0.03;0.07;0.0818535277187;0.104033848691;
23;2893.0;1308.0;-0.08;0.0;-0.07;0.106301458127;0.104057226108;
23;2892.0;1308.0;-0.06;0.09;-0.01;0.108627804912;0.104103864667;
23;2753.0;1308.0;-0.04;0.07;-0.04;0.09;0.103961401388;
23;3095.0;1308.0;-0.02;-0.08;-0.01;0.0830662386292;0.10375244976;
23;3220.0;1310.0;-0.13;0.08;-0.01;0.152970585408;0.104239758034;
23;3140.0;1308.0;0.01;0.0;-0.04;0.0412310562562;0.0727354071449;
23;2942.0;1308.0;0.02;-0.01;-0.01;0.0244948974278;0.0566552372392;
23;2945.0;1309.0;-0.05;0.0;0.04;0.0640312423743;0.058499238523;
23;2868.0;1309.0;-0.02;0.05;0.02;0.0574456264654;0.0582885161115;
23;2749.0;1307.0;0.04;-0.04;0.07;0.09;0.0635737634262;
23;3180.0;1310.0;0.02;-0.05;0.0;0.0538516480713;0.0621848898041;
23;3063.0;1309.0;-0.11;0.07;0.0;0.130384048104;0.0707097845916;
23;2841.0;1308.0;-0.05;0.01;0.01;0.0519615242271;0.0686266445511;
23;2826.0;1308.0;-0.03;-0.01;-0.05;0.059160797831;0.0676800598791;
23;3118.0;1308.0;0.02;-0.03;0.02;0.0412310562562;0.0652756050043;
23;3145.0;1309.0;-0.03;0.01;0.0;0.0316227766017;0.0624712026374;
23;2969.0;1308.0;-0.03;0.0;-0.06;0.067082039325;0.0628258823826;
23;2870.0;1309.0;-0.07;0.0;0.01;0.0707106781187;0.063389082078;
23;3085.0;1310.0;0.01;-0.01;0.05;0.0519615242271;0.062627244888;
23;3040.0;1309.0;-0.02;0.01;0.0;0.022360679775;0.0601105845684;
23;3139.0;1308.0;-0.11;0.08;0.02;0.137477270849;0.0646615661143;
23;2958.0;1309.0;0.0;-0.07;-0.02;0.0728010988928;0.0651137623798;
23;3105.0;1308.0;-0.04;0.0;0.02;0.04472135955;0.0640404780203;
23;2911.0;1308.0;-0.03;0.0;0.06;0.067082039325;0.0641925560855;
23;2827.0;1308.0;-0.06;0.02;0.0;0.0632455532034;0.0641474607102;
23;3163.0;1308.0;0.01;-0.04;0.0;0.0412310562562;0.0631058059623;
23;3167.0;1308.0;-0.09;0.09;0.0;0.127279220614;0.0658959544254;
23;2977.0;1308.0;-0.02;-0.02;-0.12;0.123288280059;0.0682873013268;
23;2891.0;1309.0;-0.06;0.04;0.0;0.0721110255093;0.0684402502941;
23;3106.0;1310.0;-0.03;-0.04;0.0;0.05;0.0677310098982;
23;2837.0;1308.0;-0.02;0.0;-0.01;0.022360679775;0.066050627301;
23;3114.0;1309.0;-0.06;0.04;0.0;0.0721110255093;0.0662670700942;
23;2888.0;1307.0;-0.01;-0.05;0.09;0.103440804328;0.0675489229988;
23;2896.0;1307.0;-0.02;0.01;-0.04;0.0458257569496;0.0668248174638;
23;2850.0;1307.0;-0.03;0.1;-0.05;0.115758369028;0.0684033191272;
23;2815.0;1308.0;-0.06;0.06;-0.05;0.098488578018;0.0693434834675;
23;3177.0;1309.0;-0.03;0.04;-0.01;0.0509901951359;0.068787323215;
23;3087.0;1308.0;-0.04;0.02;0.02;0.0489897948557;0.0682050429692;
23;2882.0;1306.0;0.0;0.0;0.0;0.0;0.0662563274558;
23;2883.0;1306.0;-0.08;0.03;0.0;0.0854400374532;0.066789208289;
23;2762.0;1307.0;-0.09;0.0;-0.02;0.0921954445729;0.0674758633237;
23;3154.0;1307.0;-0.05;-0.03;0.03;0.065574385243;0.0674258244269;
23;2896.0;1308.0;-0.06;0.01;0.0;0.060827625303;0.0672566398339;
23;2884.0;1308.0;-0.06;0.03;-0.06;0.09;0.0678252238381;
23;2961.0;1308.0;-0.1;0.06;0.0;0.116619037897;0.0690153168639;
23;2922.0;1307.0;-0.11;0.07;0.0;0.130384048104;0.0704764771315;
23;2910.0;1308.0;-0.04;0.05;0.06;0.0877496438739;0.0708781786837;
23;3180.0;1309.0;0.0;-0.02;0.03;0.0360555127546;0.070086754458;
23;3015.0;1309.0;-0.01;0.0;0.04;0.0412310562562;0.0694455167202;
23;2877.0;1307.0;-0.04;0.0;0.01;0.0412310562562;0.068832158884;
23;3169.0;1310.0;-0.01;-0.04;0.11;0.117473401245;0.0698670789343;
23;2894.0;1308.0;-0.04;0.04;0.02;0.06;0.0696615147898;
23;2967.0;1308.0;0.01;-0.06;-0.02;0.0640312423743;0.0695466112711;
23;2839.0;1309.0;-0.03;0.01;0.05;0.059160797831;0.0693388950023;
23;3189.0;1309.0;-0.08;0.01;0.07;0.10677078252;0.0700728535811;
23;3113.0;1309.0;0.01;-0.07;0.06;0.092736184955;0.0705086868768;
23;2859.0;1308.0;-0.02;0.01;0.06;0.0640312423743;0.0703864709427;
23;2860.0;1308.0;-0.03;0.03;0.0;0.0424264068712;0.0698686919785;
23;3193.0;1309.0;0.0;0.03;0.01;0.0316227766017;0.0691733116989;
23;2922.0;1307.0;-0.01;-0.04;0.0;0.0412310562562;0.0686743428517;
23;2838.0;1308.0;0.0;-0.06;0.0;0.06;0.0685221613981;
23;2781.0;1308.0;0.0;-0.03;0.0;0.03;0.0678579862016;
23;3160.0;1308.0;-0.04;0.04;-0.04;0.0692820323028;0.0678821225762;
23;3012.0;1308.0;-0.02;0.05;-0.04;0.067082039325;0.0678687878554;
23;2885.0;1308.0;-0.01;0.02;-0.02;0.03;0.0672479880545;
23;3025.0;1308.0;-0.03;0.03;0.0;0.0424264068712;0.0668476399709;
23;2752.0;1308.0;-0.01;-0.01;0.0;0.0141421356237;0.0660110446638;
23;3170.0;1309.0;0.03;0.02;0.02;0.0412310562562;0.0656238573449;
23;2900.0;1308.0;-0.02;0.06;0.0;0.0632455532034;0.0655872680504;
23;2906.0;1309.0;-0.01;0.0;0.01;0.0141421356237;0.064807796347;
23;2747.0;1308.0;-0.08;0.04;0.02;0.0916515138991;0.0652084488478;
23;3094.0;1309.0;-0.03;0.07;-0.06;0.0969535971483;0.0656752892639;
23;3165.0;1308.0;-0.08;-0.01;0.03;0.0860232526704;0.0659701872843;
23;3165.0;1310.0;-0.06;0.0;-0.01;0.060827625303;0.0658967221132;
23;3199.0;1309.0;-0.01;0.02;-0.02;0.03;0.0653911344778;
23;3026.0;1309.0;0.0;-0.03;-0.03;0.0424264068712;0.0650721799277;
23;2927.0;1308.0;-0.06;0.03;0.0;0.067082039325;0.0650997122482;
23;2913.0;1307.0;-0.06;-0.06;0.05;0.098488578018;0.065550913137;
23;2922.0;1308.0;0.01;0.03;-0.03;0.0435889894354;0.0652580874876;
23;3128.0;1308.0;-0.02;0.02;0.01;0.03;0.0647941652838;
23;2922.0;1307.0;-0.02;0.04;-0.01;0.0458257569496;0.0645478223184;
23;2773.0;1308.0;-0.03;-0.02;0.03;0.0469041575982;0.0643216214887;
23;2896.0;1307.0;0.02;0.0;0.04;0.04472135955;0.0640735169072;
23;3160.0;1309.0;-0.04;0.04;-0.02;0.06;0.0640225979459;
23;2926.0;1308.0;-0.02;0.05;-0.05;0.0734846922835;0.0641394139253;
23;2824.0;1308.0;-0.07;-0.01;0.06;0.092736184955;0.0644881550355;
23;2893.0;1308.0;-0.06;0.0;0.03;0.067082039325;0.0645194066534;
23;2854.0;1309.0;-0.03;0.01;-0.11;0.114455231423;0.0651138807578;
23;3069.0;1309.0;-0.04;0.02;0.0;0.04472135955;0.0648739687436;
23;3019.0;1309.0;-0.03;-0.03;0.05;0.065574385243;0.0648821131215;
23;3103.0;1309.0;0.0;-0.05;0.02;0.0538516480713;0.0647553261669;
23;2917.0;1309.0;-0.06;0.01;0.02;0.0640312423743;0.064747097942;
23;2830.0;1308.0;-0.08;0.08;-0.12;0.164924225025;0.0658726836395;
23;2919.0;1307.0;-0.03;-0.04;0.05;0.0707106781187;0.0659264391337;
23;2798.0;1308.0;-0.01;-0.03;0.08;0.0860232526704;0.0661472832385;
23;3034.0;1309.0;0.0;-0.03;0.0;0.03;0.0657543779859;
23;2935.0;1307.0;-0.02;0.05;-0.1;0.113578166916;0.0662686122755;
23;2905.0;1308.0;-0.04;-0.05;0.08;0.10246950766;0.0666537281839;
23;3084.0;1309.0;0.05;-0.02;0.03;0.0616441400297;0.066600995677;
23;2881.0;1308.0;-0.02;0.03;0.05;0.0616441400297;0.066549361764;
23;3168.0;1309.0;-0.06;0.02;-0.03;0.07;0.066584935354;
23;2918.0;1308.0;-0.03;-0.06;0.07;0.0969535971483;0.0668948196581;
23;2899.0;1309.0;0.0;-0.01;0.04;0.0412310562562;0.0666355897247;
23;2969.0;1309.0;-0.03;0.04;-0.04;0.0640312423743;0.0666095462512;
23;2880.0;1308.0;-0.06;-0.02;0.0;0.0632455532034;0.0665762393894;
23;2859.0;1307.0;-0.03;-0.08;0.0;0.0854400374532;0.0760081384213;
23;2810.0;1308.0;-0.07;0.1;-0.01;0.122474487139;0.0914969213272;
23;3034.0;1307.0;0.04;-0.03;-0.09;0.10295630141;0.0943617663479;
23;3065.0;1308.0;-0.01;-0.04;0.02;0.0458257569496;0.0846545644682;
23;2993.0;1308.0;-0.05;0.02;-0.03;0.0616441400297;0.0808194937285;
23;3054.0;1307.0;0.01;0.01;-0.02;0.0244948974278;0.0727731228284;
23;2777.0;1309.0;0.03;-0.02;0.03;0.0469041575982;0.0695395021746;
23;3177.0;1308.0;0.0;-0.01;0.07;0.0707106781187;0.0696696328351;
23;2918.0;1309.0;-0.04;0.03;0.02;0.0538516480713;0.0680878343587;
23;2968.0;1307.0;-0.11;0.11;0.64;0.658634952003;0.121773935963;
23;2979.0;1314.0;-1.58;0.6;4.6;4.90065301771;0.520013859442;
23;2996.0;1318.0;0.37;1.1;-0.1;1.16486050667;0.56961744769;
23;2747.0;1320.0;-0.18;1.0;3.15;3.30981872615;0.765346110438;
23;2896.0;1316.0;0.7;0.33;-0.25;0.813265024454;0.768540704705;
23;2899.0;1318.0;-0.19;0.37;-0.54;0.681615727518;0.763107893631;
23;2958.0;1320.0;-0.22;0.07;-0.26;0.347706773014;0.738672533595;
23;3110.0;1319.0;0.54;-1.47;-1.53;2.18938347486;0.819267585887;
23;2875.0;1320.0;0.54;0.63;-0.38;0.912633551871;0.824181584097;
23;3066.0;1323.0;0.55;0.58;-0.38;0.885042371867;0.827224623486;
23;2920.0;1320.0;0.43;0.5;-0.44;0.792779919019;0.825584399463;
23;3098.0;1326.0;-0.22;-0.71;0.07;0.746592258197;0.821993847588;
23;2900.0;1310.0;-0.23;-0.32;0.68;0.785938928925;0.820426242428;
23;2885.0;1306.0;-0.1;-0.24;0.39;0.46872166581;0.805771885069;
23;3075.0;1312.0;0.12;-0.02;-0.14;0.18547236991;0.780959904463;
23;2938.0;1312.0;0.11;0.1;-0.02;0.15;0.75669221583;
23;3092.0;1310.0;0.03;-0.19;-0.02;0.193390796058;0.735829200283;
23;2916.0;1309.0;0.09;-0.17;-0.12;0.226715680975;0.717646574593;
23;2922.0;1313.0;0.15;-0.12;0.0;0.192093727123;0.699524062611;
23;3066.0;1317.0;0.15;-0.02;-0.55;0.570438427878;0.69522120812;
23;3126.0;1308.0;0.77;-1.15;-6.77;6.91001447176;0.895698410173;
23;3214.0;1307.0;-0.81;-1.02;-9.51;9.59878117263;1.1676697465;
23;3240.0;1317.0;-0.37;-2.66;-9.49;9.86268726058;1.43115512571;
