23;3110.0;2360.0;-2.1;3.92;-8.89;9.94024647582;
23;3115.0;2360.0;-2.11;3.9;-8.65;9.72031892481;
23;3146.0;2402.0;-2.06;3.94;-8.65;9.72572362346;
23;3137.0;2390.0;-2.12;3.9;-8.64;9.7135987152;
23;3117.0;2375.0;-2.06;3.98;-8.8;9.87542404153;
23;3118.0;2363.0;-2.12;3.91;-8.68;9.75319947504;
23;3262.0;2375.0;-2.11;3.89;-8.73;9.78759929707;
23;3132.0;2387.0;-2.13;3.9;-8.68;9.75137426212;
23;3136.0;2387.0;-2.12;3.91;-8.63;9.70872803203;
23;3116.0;2368.0;-2.12;3.92;-8.8;9.86411678763;
23;3104.0;2344.0;-2.12;3.92;-8.72;9.79281369168;
23;3125.0;2371.0;-2.1;3.88;-8.74;9.79040346462;
23;3152.0;2384.0;-2.09;3.91;-8.7;9.76453787949;
23;3117.0;2366.0;-2.11;3.88;-8.66;9.72121905936;
23;3141.0;2393.0;-2.1;3.94;-8.71;9.78762994805;
23;3127.0;2374.0;-2.11;3.86;-8.74;9.78464613566;
23;3102.0;2347.0;-2.06;3.9;-8.65;9.70958804481;
23;3120.0;2362.0;-2.12;3.94;-8.75;9.82753784017;
23;3145.0;2365.0;-2.07;3.95;-8.75;9.82089099828;
23;3167.0;2398.0;-2.1;3.92;-8.7;9.77069086605;
23;3120.0;2369.0;-2.1;3.92;-8.81;9.8687638537;
23;3115.0;2362.0;-2.09;3.92;-8.71;9.77745365624;
23;3129.0;2365.0;-2.15;3.9;-8.68;9.75576239973;
23;3110.0;2346.0;-2.06;3.9;-8.67;9.72740972716;
23;3142.0;2390.0;-2.08;3.94;-8.75;9.81898670943;
23;3128.0;2370.0;-2.13;3.92;-8.8;9.86627082539;
23;3138.0;2377.0;-2.09;3.92;-8.77;9.83094095191;
23;3130.0;2361.0;-2.08;3.93;-8.68;9.75262528758;
23;3165.0;2397.0;-2.07;3.86;-8.65;9.69572070555;
23;3118.0;2368.0;-2.09;3.89;-8.77;9.81901726244;
23;3126.0;2370.0;-2.14;3.93;-8.82;9.89024266639;
23;3128.0;2373.0;-2.12;3.93;-8.71;9.78792112759;
23;3131.0;2370.0;-2.13;3.93;-8.72;9.79898974385;
23;3119.0;2368.0;-2.13;3.89;-8.7;9.76519329046;
23;3123.0;2365.0;-2.11;3.92;-8.81;9.87089661581;
23;3112.0;2361.0;-2.1;3.92;-8.78;9.84199166836;
23;3127.0;2357.0;-2.13;3.92;-8.65;9.73271801708;
23;3137.0;2367.0;-2.12;3.9;-8.62;9.69581352956;
23;3117.0;2361.0;-2.08;3.9;-8.75;9.80300464144;
23;3285.0;2376.0;-2.06;3.92;-8.79;9.84246412236;
23;3137.0;2369.0;-2.06;3.87;-8.71;9.75113326747;
23;3107.0;2349.0;-2.08;3.91;-8.73;9.78914705171;
23;3128.0;2371.0;-2.1;3.89;-8.67;9.73195766534;
23;3119.0;2360.0;-2.13;3.9;-8.68;9.75137426212;
23;3136.0;2373.0;-2.13;3.88;-8.74;9.79688215709;
23;3119.0;2351.0;-2.07;3.88;-8.64;9.69478725914;
23;3151.0;2396.0;-2.12;3.9;-8.71;9.77591427949;
23;3136.0;2368.0;-2.08;3.86;-8.6;9.65328959474;
23;3128.0;2363.0;-2.11;3.91;-8.73;9.79556532314;
23;3128.0;2372.0;-2.07;3.9;-8.85;9.89026794379;
23;3306.0;2372.0;-2.1;3.91;-8.7;9.76668316267;
23;3177.0;2349.0;-2.1;3.92;-8.71;9.77959610618;
23;3125.0;2376.0;-1.83;3.85;-8.39;9.41081824285;
23;3127.0;2380.0;-2.18;3.91;-8.91;9.97138907074;
23;3146.0;2389.0;-2.33;3.95;-9.28;10.3513187566;
23;3120.0;2366.0;-2.03;3.91;-8.77;9.8143721144;
23;3122.0;2366.0;-0.63;4.26;-10.22;11.0902164091;
23;3123.0;2367.0;-2.5;4.97;-12.35;13.5452353246;
23;3308.0;2366.0;-2.94;2.22;-7.23;8.11448704479;
23;3110.0;2362.0;-2.24;3.63;-9.2;10.1407346874;
23;3148.0;2365.0;-2.15;3.77;-8.68;9.70452471788;
23;3143.0;2401.0;-2.32;3.52;-8.7;9.66761604533;
23;3140.0;2371.0;-2.07;3.69;-8.91;9.86352371113;
23;3124.0;2392.0;-1.89;3.82;-8.7;9.68785321937;
23;3160.0;2386.0;-1.93;3.8;-8.76;9.74179141637;
23;3177.0;2431.0;0.0;7.7;-11.18;13.5750653774;
23;3246.0;2746.0;4.37;6.0;-2.41;7.80416555437;
23;3218.0;3014.0;-1.88;0.37;-3.28;3.79864449508;
23;3320.0;2987.0;-1.25;0.51;-1.94;2.36351433251;
23;3185.0;2998.0;-5.08;3.57;-8.64;10.6395911576;
23;3317.0;3061.0;-5.08;3.57;-8.64;10.6395911576;
23;3128.0;2413.0;-4.77;3.5;-9.65;11.3192490917;
23;3383.0;3419.0;-4.31;3.71;-10.04;11.5387087666;
23;3361.0;3069.0;-3.92;3.3;-9.29;10.6094533318;
23;3058.0;2185.0;-2.83;4.66;-9.38;10.8493732538;
23;2881.0;1917.0;-4.75;4.69;-9.88;11.923631997;
23;3247.0;2422.0;-4.11;5.62;-9.56;11.8266690154;
23;3164.0;2271.0;-3.78;5.82;-9.36;11.6520556126;
23;2988.0;2062.0;-3.92;4.21;-9.36;10.9863597247;
23;3136.0;2417.0;-1.63;4.64;-8.67;9.96771789328;
23;3142.0;2433.0;-2.64;4.66;-9.52;10.9231680386;
23;3100.0;2271.0;-1.6;4.21;-8.43;9.55766707937;
23;3096.0;2320.0;-2.69;3.53;-8.73;9.79335999543;
23;3255.0;2709.0;-3.21;3.44;-8.59;9.79417173629;
23;323.0;295.0;-3.67;1.63;-7.64;8.63107177586;
23;1816.0;837.0;-4.5;1.81;-8.34;9.64788577876;
23;3864.0;4068.0;-4.99;2.09;-8.79;10.3214485418;
23;221.0;0.0;-3.54;0.91;-6.94;7.84367898374;
23;2538.0;630.0;-4.01;2.14;-7.49;8.76126703166;
23;2154.0;1816.0;-3.77;2.14;-7.38;8.55902447712;
23;1028.0;652.0;-4.43;1.56;-7.95;9.23368832049;
23;4095.0;4095.0;-2.37;2.33;-7.36;8.07560524048;
23;1421.0;743.0;-2.06;1.41;-8.5;8.85898978439;
23;571.0;13.0;-1.87;1.34;-7.95;8.27617061206;
23;2082.0;1145.0;-1.03;2.33;-7.07;7.51496506978;
23;3303.0;2467.0;-2.31;2.31;-8.76;9.34932083095;
23;3002.0;2135.0;-1.76;4.03;-10.41;11.3007344894;
23;3107.0;2362.0;0.76;5.44;-9.91;11.3304589492;
23;3118.0;2263.0;-3.16;3.48;-10.79;11.7694562321;
23;4062.0;4095.0;-0.85;2.99;-8.02;8.60133710536;
23;4060.0;3473.0;-0.98;2.87;-8.33;8.86488578607;
23;1149.0;369.0;3.14;9.46;-7.65;12.5647801413;
23;693.0;0.0;3.32;4.7;-11.06;12.467397483;
23;2237.0;1569.0;3.57;1.85;-15.82;16.3229837959;
23;0.0;0.0;-17.8;7.97;-11.22;22.4999844444;
23;4095.0;4095.0;2.56;2.94;-6.79;7.82951467206;
23;0.0;0.0;1.17;2.92;-8.95;9.48671702962;
23;2091.0;819.0;1.33;1.71;-11.24;11.4468598314;
23;4095.0;1729.0;-1.34;3.56;-7.83;8.7050617459;
23;0.0;0.0;-0.68;1.89;-13.24;13.3914935687;
23;4095.0;4095.0;-0.79;2.0;-12.98;13.1569183322;
23;1821.0;1868.0;-2.51;4.74;-7.71;9.39211371311;
23;4095.0;4095.0;-0.05;3.04;-11.32;11.7211987442;
23;681.0;276.0;-0.22;3.78;-9.11;9.8655410394;
23;2075.0;1241.0;2.72;2.38;-10.66;11.2560383795;
23;4095.0;4095.0;1.73;3.22;-8.23;9.00523181267;
23;0.0;0.0;1.03;4.15;-6.61;7.87245196873;
23;4095.0;4095.0;1.27;3.77;-8.17;9.08706223155;
23;350.0;1542.0;1.64;2.99;-10.43;10.9733586472;
23;2508.0;1876.0;1.65;2.68;-11.3;11.7300852512;
23;0.0;0.0;0.88;2.78;-11.37;11.7379597887;
23;0.0;0.0;-1.28;4.28;-7.91;9.08432165877;
23;3.0;0.0;-0.35;2.32;-12.07;12.2959261546;
23;955.0;0.0;-0.8;2.69;-10.39;10.7623510443;
23;4095.0;4095.0;-1.26;3.24;-8.43;9.11866766584;
23;4095.0;4095.0;-1.27;3.34;-7.55;8.35290368674;
23;2627.0;4095.0;-0.53;2.78;-8.43;8.89236751377;
23;1730.0;624.0;0.64;1.74;-10.81;10.9678302321;
23;985.0;0.0;1.0;1.48;-11.38;11.5193228968;
23;4095.0;4095.0;0.26;3.41;-7.52;8.26111977882;
23;560.0;3407.0;1.45;2.79;-10.42;10.8840709296;
23;4095.0;4095.0;1.61;2.65;-11.07;11.496064544;
23;4095.0;4095.0;1.23;2.87;-10.75;11.1942976555;
23;4095.0;2212.0;0.74;3.35;-9.54;10.1381309915;
23;2231.0;1555.0;0.23;3.9;-8.19;9.07408397581;
23;2575.0;0.0;0.11;3.77;-8.4;9.2078770626;
23;59.0;0.0;0.15;3.56;-8.69;9.39213500755;
23;4095.0;1325.0;0.42;2.67;-10.26;10.6100377002;
23;3689.0;4095.0;-0.17;3.04;-8.6;9.12307513945;
23;4095.0;4095.0;0.04;2.72;-9.29;9.68008780952;
23;122.0;0.0;0.15;2.54;-9.66;9.98947946592;
23;2505.0;1915.0;-0.01;2.79;-9.13;9.54678479908;
23;4095.0;4095.0;0.31;2.77;-9.47;9.87167159097;
23;4095.0;4095.0;0.48;2.64;-9.73;10.0932105893;
23;304.0;62.0;0.77;2.55;-10.06;10.4066805466;
23;1335.0;1819.0;0.82;2.57;-10.03;10.386443087;
23;2465.0;1830.0;0.72;2.7;-9.75;10.1425292704;
23;453.0;600.0;0.6;2.86;-9.43;9.87241105303;
23;2476.0;603.0;0.48;3.04;-9.05;9.55900099383;
23;4095.0;4095.0;0.43;3.11;-9.09;9.61691738552;
23;2299.0;1898.0;0.46;2.97;-9.59;10.0499054722;
23;298.0;45.0;0.32;2.86;-9.56;9.9837668242;
23;2206.0;1877.0;0.24;2.91;-9.4;9.84305338805;
23;1483.0;1778.0;0.16;2.91;-9.28;9.72687514056;
23;4094.0;1315.0;0.22;2.8;-9.44;9.84895933589;
23;0.0;4095.0;0.42;2.47;-9.95;10.2605945247;
23;4095.0;4058.0;0.42;2.47;-9.95;10.2605945247;
23;4095.0;4095.0;0.4;2.44;-9.87;10.1749938575;
23;2316.0;1683.0;0.13;2.76;-8.82;9.24266736392;
23;1737.0;21.0;0.53;2.54;-9.74;10.0796874952;
23;2508.0;1866.0;0.56;2.61;-9.67;10.0316798195;
23;0.0;0.0;0.49;2.75;-9.59;9.98852842014;
23;1708.0;730.0;0.44;2.83;-9.38;9.80749203415;
23;2158.0;1871.0;0.4;2.9;-9.33;9.77849170373;
23;4095.0;4095.0;0.36;2.86;-9.52;9.94683869378;
23;0.0;0.0;0.39;2.65;-9.59;9.95704273366;
23;4095.0;4095.0;0.34;2.66;-9.43;9.80388188423;
23;896.0;0.0;0.28;2.72;-9.27;9.66486937315;
23;1916.0;96.0;0.35;2.67;-9.28;9.66280497578;
23;554.0;306.0;0.37;2.63;-9.37;9.73913240489;
23;4095.0;4095.0;0.41;2.5;-9.79;10.1124774413;
23;2465.0;1812.0;0.27;2.69;-9.34;9.72340475348;
23;47.0;0.0;0.31;2.7;-9.24;9.63139138443;
23;1364.0;0.0;0.43;2.6;-9.6;9.95514439875;
23;4095.0;4095.0;0.38;2.64;-9.52;9.88657675841;
23;2171.0;1452.0;0.36;2.69;-9.6;9.97625681305;
23;564.0;288.0;0.38;2.77;-9.36;9.76866930549;
23;440.0;0.0;0.55;2.54;-9.89;10.2257615853;
23;4087.0;4095.0;0.58;2.48;-10.0;10.3192441584;
23;98.0;6.0;0.53;2.49;-9.91;10.231769153;
23;1898.0;184.0;0.46;2.41;-9.73;10.0345702449;
23;4084.0;4095.0;0.41;2.52;-9.52;9.85641415526;
23;4095.0;4095.0;0.37;2.57;-9.45;9.8002193853;
23;751.0;683.0;0.51;2.74;-10.01;10.3907555067;
23;4095.0;4095.0;0.49;2.95;-9.88;10.3226450099;
23;1861.0;935.0;0.43;2.93;-9.7;10.1419820548;
23;2124.0;1348.0;0.23;3.04;-9.31;9.79645854378;
23;0.0;0.0;0.31;2.46;-9.45;9.76986182093;
23;1619.0;1813.0;0.33;2.03;-8.94;9.1735162288;
23;1095.0;1444.0;0.26;2.08;-8.58;8.83234963076;
23;1912.0;1038.0;0.4;2.04;-8.94;9.17851839896;
23;1076.0;1322.0;0.47;2.61;-10.12;10.4617111411;
23;4095.0;4095.0;0.15;3.13;-9.53;10.0319639154;
23;327.0;3630.0;0.22;3.52;-9.73;10.3494782477;
23;3005.0;391.0;0.32;3.41;-9.97;10.5418878765;
23;4095.0;3926.0;0.52;2.9;-10.45;10.8573891889;
23;1228.0;22.0;0.54;2.73;-9.89;10.2740741675;
23;728.0;0.0;0.88;1.75;-9.53;9.72922401839;
23;4095.0;4095.0;0.82;1.78;-9.62;9.8175964472;
23;217.0;0.0;0.73;1.84;-9.67;9.87053190056;
23;389.0;0.0;0.33;2.32;-9.22;9.51313302756;
23;1827.0;0.0;0.14;2.61;-10.52;10.8398385597;
23;0.0;0.0;-0.15;2.98;-9.28;9.74788695051;
23;0.0;322.0;-0.21;3.09;-8.79;9.31967274104;
23;2388.0;1732.0;-0.07;3.07;-8.52;9.05650042787;
23;4095.0;4095.0;0.45;2.89;-8.35;8.84743465644;
23;4095.0;2418.0;0.31;2.89;-8.34;8.83197599634;
23;1573.0;1845.0;0.28;2.78;-8.74;9.17575065049;
23;4095.0;1092.0;0.35;2.56;-9.38;9.72936277461;
23;2295.0;851.0;0.17;2.33;-9.91;10.1816452502;
23;721.0;570.0;0.06;2.41;-9.0;9.31727964591;
23;2390.0;1723.0;0.45;2.11;-9.71;9.94679345317;
23;1888.0;1022.0;0.53;2.02;-9.9;10.1178703293;
23;2469.0;1811.0;0.71;1.98;-10.37;10.5811814085;
23;2321.0;1660.0;0.62;2.14;-10.04;10.2842403706;
23;395.0;1764.0;0.36;2.45;-9.5;9.81743856614;
23;574.0;0.0;0.53;2.73;-9.74;10.1292349168;
23;1185.0;1554.0;0.75;2.43;-10.23;10.5413613922;
23;1201.0;1587.0;0.55;2.59;-9.38;9.74653784685;
23;719.0;649.0;0.49;2.63;-9.07;9.45631535007;
23;4095.0;4095.0;0.76;2.09;-10.02;10.2638248231;
23;0.0;0.0;0.09;2.52;-9.12;9.46218262348;
23;4095.0;4095.0;0.05;2.56;-8.99;9.34752373626;
23;2336.0;1953.0;0.13;2.48;-9.48;9.79988265236;
23;4095.0;4095.0;0.31;2.6;-9.04;9.41157266348;
23;42.0;0.0;0.51;2.41;-9.38;9.69807197334;
23;1635.0;9.0;0.68;2.25;-9.73;10.0098851142;
23;227.0;0.0;0.78;2.2;-10.09;10.3564714068;
23;53.0;0.0;0.81;2.2;-10.01;10.2808657223;
23;1017.0;0.0;0.63;2.33;-9.61;9.90847616942;
23;81.0;0.0;0.54;2.26;-10.06;10.3248631952;
23;1919.0;162.0;0.43;2.35;-9.66;9.95103009743;
23;2305.0;1503.0;0.38;2.41;-9.52;9.82765994528;
23;0.0;0.0;0.37;2.45;-9.37;9.69207408143;
23;2508.0;1636.0;0.56;2.25;-10.11;10.3724731863;
23;2457.0;1800.0;0.47;2.49;-9.32;9.65833318953;
23;0.0;0.0;0.43;2.52;-9.2;9.54857581004;
23;2388.0;1748.0;0.57;2.2;-9.89;10.1477583732;
23;1771.0;822.0;0.57;2.23;-9.62;9.89152162208;
23;2208.0;1522.0;0.5;2.25;-9.55;9.82420480243;
23;3188.0;4027.0;0.49;2.23;-9.52;9.78996424917;
23;0.0;0.0;0.34;2.31;-9.46;9.74388526205;
23;2240.0;1596.0;0.38;2.42;-9.62;9.92699350257;
23;1782.0;764.0;0.36;2.42;-9.56;9.86811025475;
23;266.0;0.0;0.47;2.41;-9.64;9.94779372524;
23;0.0;0.0;0.52;2.41;-9.75;10.0568881867;
23;168.0;1617.0;0.57;2.4;-9.8;10.105686518;
23;429.0;0.0;0.55;2.47;-9.36;9.69603011546;
23;0.0;0.0;0.49;2.31;-9.65;9.93472193874;
23;377.0;100.0;0.56;2.15;-10.13;10.3707762487;
23;0.0;0.0;0.12;2.34;-9.17;9.46461304016;
23;1746.0;729.0;0.41;2.11;-9.89;10.1208843487;
23;4095.0;4095.0;0.5;2.06;-10.06;10.2809143562;
23;1157.0;1.0;0.18;2.68;-8.92;9.31564275829;
23;2116.0;1841.0;0.68;2.49;-9.77;10.1052164747;
23;2036.0;1843.0;0.79;2.37;-10.03;10.3364355558;
23;938.0;1183.0;0.74;2.38;-10.0;10.3059206285;
23;1440.0;270.0;0.49;2.48;-9.39;9.72433031113;
23;2106.0;376.0;0.34;2.31;-9.63;9.90901609646;
23;4095.0;894.0;0.17;2.38;-9.17;9.47534695935;
23;4095.0;4095.0;0.23;2.1;-9.63;9.85899589208;
23;3753.0;4095.0;0.34;2.21;-9.54;9.79853560487;
23;4095.0;4095.0;0.48;2.2;-9.85;10.1041031269;
23;4095.0;4095.0;0.53;2.25;-9.98;10.2442081197;
23;2400.0;1749.0;0.47;2.48;-9.64;9.96498369291;
23;0.0;10.0;0.4;2.34;-9.14;9.44326214822;
23;4095.0;4095.0;0.6;2.17;-9.17;9.44234081147;
23;0.0;743.0;0.55;1.68;-10.25;10.4013172243;
23;776.0;853.0;-0.13;2.4;-9.45;9.75086662815;
23;2459.0;1783.0;-0.11;2.41;-9.59;9.88879669121;
23;4095.0;4095.0;-0.04;2.74;-9.55;9.93537618815;
23;264.0;0.0;0.73;2.03;-10.04;10.2691479686;
23;2367.0;1841.0;0.8;1.92;-10.07;10.2825726353;
23;4095.0;4095.0;0.64;1.64;-9.12;9.28835830489;
23;1664.0;0.0;0.49;1.58;-9.46;9.60354622002;
23;0.0;6.0;0.39;1.75;-9.38;9.54981675217;
23;1025.0;3.0;0.28;2.26;-10.12;10.3730612646;
23;679.0;530.0;0.34;2.46;-10.1;10.4008268902;
23;1651.0;1830.0;0.29;2.49;-9.85;10.1639903581;
23;28.0;0.0;0.52;1.74;-9.75;9.9176862221;
23;0.0;0.0;0.47;1.43;-8.95;9.07569832024;
23;0.0;0.0;0.56;1.31;-9.07;9.18120907071;
23;1769.0;894.0;0.6;1.58;-9.77;9.91510463888;
23;2323.0;1684.0;0.15;2.57;-9.7;10.0358058969;
23;0.0;0.0;0.17;2.62;-9.87;10.2132365095;
23;4095.0;4095.0;0.19;2.61;-10.01;10.346414838;
23;33.0;0.0;0.28;2.65;-10.18;10.5229891191;
23;0.0;0.0;0.33;2.57;-10.17;10.4948892324;
23;32.0;0.0;0.72;1.54;-9.32;9.47377432706;
23;2381.0;1662.0;0.79;1.46;-9.37;9.51591298825;
23;263.0;0.0;0.76;1.41;-9.39;9.52563908617;
23;34.0;0.0;0.35;1.72;-9.37;9.53298484212;
23;415.0;0.0;0.24;2.1;-9.93;10.1524627554;
23;1786.0;0.0;0.19;2.16;-9.92;10.1542158732;
23;4095.0;4095.0;0.21;2.26;-9.8;10.0594085313;
23;49.0;0.0;0.66;1.93;-9.71;9.92192521641;
23;0.0;0.0;0.69;1.89;-9.82;10.0240011971;
23;28.0;3474.0;0.71;1.82;-9.63;9.82615896472;
23;4095.0;0.0;0.51;1.81;-9.42;9.60586279311;
23;0.0;0.0;0.42;1.78;-9.81;9.97902299827;
23;4095.0;4095.0;0.3;1.91;-9.54;9.73394575699;
23;558.0;357.0;0.3;1.99;-9.46;9.67169581821;
23;0.0;0.0;0.39;1.95;-9.93;10.1271664349;
23;4095.0;4095.0;0.31;2.03;-9.69;9.90520570205;
23;0.0;0.0;0.49;1.9;-9.78;9.97489348314;
23;4095.0;4095.0;0.51;1.87;-9.92;10.1075912066;
23;4073.0;4095.0;0.57;1.86;-9.93;10.1187647467;
23;4095.0;4095.0;0.53;1.9;-9.73;9.9279302979;
23;0.0;0.0;0.77;1.71;-10.01;10.1841592682;
23;134.0;14.0;0.43;1.89;-9.42;9.61734890705;
23;1649.0;1770.0;0.27;2.03;-9.14;9.36661091324;
23;0.0;0.0;0.37;1.96;-9.46;9.66799358709;
23;3898.0;4095.0;0.31;1.98;-9.75;9.95384347878;
23;461.0;0.0;0.44;1.95;-9.69;9.89404871627;
23;4095.0;4095.0;0.48;1.9;-9.74;9.93518998309;
23;4095.0;4095.0;0.54;1.87;-9.76;9.95219071361;
23;256.0;0.0;0.54;1.87;-9.76;9.95219071361;
23;9.0;0.0;0.62;1.83;-9.79;9.97884762886;
23;713.0;0.0;0.58;1.83;-9.62;9.80967379682;
23;4037.0;1088.0;0.45;1.93;-9.33;9.53814971575;
23;4095.0;4095.0;0.56;1.82;-9.86;10.042190996;
23;2379.0;1777.0;0.35;2.01;-9.39;9.60909465038;
23;2064.0;1340.0;0.3;2.04;-9.44;9.66256694673;
23;0.0;0.0;0.44;1.89;-9.88;10.0687685444;
23;4095.0;4095.0;0.46;1.89;-9.43;9.62853052132;
23;692.0;556.0;0.5;1.8;-9.57;9.7506358767;
23;2388.0;1783.0;0.62;1.7;-9.79;9.95582743924;
23;619.0;473.0;0.6;1.72;-9.74;9.90888490195;
23;4095.0;4095.0;0.51;1.82;-9.54;9.72543572289;
23;4095.0;4095.0;0.5;1.84;-9.72;9.90525113261;
23;1394.0;199.0;0.43;1.99;-9.71;9.92114408725;
23;1772.0;925.0;0.4;2.03;-9.6;9.82043278069;
23;2295.0;1627.0;0.39;2.06;-9.65;9.87513037889;
23;1786.0;1020.0;0.55;1.84;-9.76;9.94714531914;
23;46.0;0.0;0.64;1.66;-9.92;10.0782736617;
23;437.0;238.0;0.46;1.8;-9.51;9.68977295916;
23;2203.0;1496.0;0.4;1.89;-9.39;9.58666782568;
23;0.0;0.0;0.37;1.94;-9.13;9.34116695065;
23;4095.0;4095.0;0.52;1.85;-9.8;9.98663607027;
23;889.0;917.0;0.56;1.83;-9.93;10.1127345461;
23;1618.0;587.0;0.54;1.79;-9.94;10.1143116424;
23;0.0;282.0;0.54;1.76;-9.9;10.0697169772;
23;4095.0;1282.0;0.52;1.86;-9.75;9.93944163422;
23;1143.0;82.0;0.42;1.86;-9.44;9.63065937514;
23;4095.0;4095.0;0.42;1.87;-9.4;9.59339877207;
23;0.0;1089.0;0.59;1.74;-9.66;9.83317344503;
23;245.0;0.0;0.64;1.66;-9.87;10.0290627678;
23;105.0;0.0;0.49;1.9;-9.79;9.98469829289;
23;1588.0;0.0;0.48;1.98;-9.64;9.85293864794;
23;1442.0;285.0;0.51;1.94;-9.66;9.86606811248;
23;4095.0;4095.0;0.45;1.95;-9.53;9.73785910763;
23;114.0;0.0;0.55;1.74;-9.89;10.0569478471;
23;2147.0;1424.0;0.42;1.78;-9.48;9.65480191407;
23;936.0;0.0;0.43;1.76;-9.46;9.63193127052;
23;2339.0;1699.0;0.58;1.72;-9.71;9.87820327792;
23;2088.0;1730.0;0.55;1.73;-9.83;9.99621428342;
23;0.0;0.0;0.68;1.76;-10.04;10.215752542;
23;4095.0;4095.0;0.65;1.76;-9.97;10.1449987679;
23;0.0;1392.0;0.5;1.88;-9.54;9.73632374154;
23;4095.0;4095.0;0.49;1.9;-9.35;9.5536694521;
23;2572.0;3989.0;0.42;1.84;-9.51;9.69546801346;
23;4095.0;4095.0;0.56;1.7;-9.75;9.9129259051;
23;4095.0;116.0;0.59;1.67;-9.8;9.95876498367;
23;1713.0;41.0;0.58;1.69;-9.83;9.99106600919;
23;2156.0;1459.0;0.49;1.81;-9.62;9.80105096405;
23;229.0;0.0;1.13;1.37;-11.61;11.7450372498;
23;4095.0;755.0;1.21;1.36;-12.72;12.8495953244;
23;0.0;0.0;1.09;1.37;-13.65;13.7618131073;
23;4095.0;4095.0;-1.33;3.27;-8.5;9.20390134671;
23;3877.0;4095.0;1.52;1.05;-8.65;8.84507772719;
23;0.0;0.0;1.93;0.77;-8.46;8.71145223255;
23;215.0;9.0;4.25;-0.47;-6.53;7.80540197556;
23;40.0;0.0;2.06;0.55;-12.0;12.1879489661;
23;1257.0;745.0;1.67;0.7;-13.04;13.1651243822;
23;4095.0;4095.0;0.94;1.06;-14.68;14.7482066706;
23;1103.0;624.0;-1.73;2.75;-12.14;12.5672192628;
23;232.0;3897.0;-0.5;1.84;-12.91;13.0500459769;
23;0.0;0.0;0.67;1.01;-13.37;13.4248240212;
23;0.0;0.0;1.09;0.76;-13.2;13.2667139865;
23;4095.0;4095.0;2.71;0.0;-5.73;6.33853295329;
23;4095.0;920.0;3.77;-0.63;-7.01;7.98435344909;
23;0.0;0.0;3.42;-0.18;-6.65;7.48006016019;
23;247.0;189.0;3.31;-0.02;-6.66;7.43721049857;
23;2304.0;1655.0;2.03;0.65;-10.49;10.7043682672;
23;4095.0;4095.0;-2.35;3.91;-11.72;12.5765257524;
23;0.0;0.0;-2.38;3.98;-11.38;12.2885800644;
23;2.0;0.0;-1.93;3.63;-10.65;11.4159668885;
23;943.0;0.0;-1.59;3.4;-10.57;11.2166394254;
23;1690.0;651.0;1.86;0.48;-8.63;8.84120466905;
23;2441.0;1793.0;2.87;0.0;-6.85;7.42693745766;
23;49.0;0.0;2.65;0.12;-6.86;7.35503229089;
23;0.0;0.0;2.62;0.22;-7.38;7.83436021638;
23;0.0;0.0;2.63;0.25;-8.55;8.94884908801;
23;0.0;0.0;-2.04;3.94;-9.67;10.6392715916;
23;4095.0;4095.0;-1.18;3.33;-10.35;10.9363522255;
23;2441.0;1728.0;-0.88;3.06;-10.61;11.0774590949;
23;0.0;0.0;-0.06;2.28;-10.49;10.7350873308;
23;1834.0;1007.0;2.3;0.23;-9.69;9.96187733311;
23;2075.0;1357.0;1.88;0.51;-8.36;8.58394431482;
23;2013.0;1272.0;1.62;0.76;-8.77;8.95069271062;
23;0.0;0.0;1.52;0.79;-9.06;9.22052601536;
23;0.0;0.0;-0.84;2.67;-9.83;10.2207338288;
23;0.0;0.0;-0.5;2.69;-10.34;10.6958730359;
23;0.0;0.0;0.24;2.12;-11.14;11.3424688671;
23;0.0;0.0;0.55;1.98;-10.86;11.0527145987;
23;0.0;0.0;0.71;2.03;-10.31;10.5319086589;
23;0.0;0.0;0.76;2.04;-9.93;10.1658300202;
23;463.0;0.0;0.95;1.92;-9.69;9.92396090278;
23;0.0;0.0;0.97;1.89;-9.63;9.86153639146;
23;4095.0;1140.0;0.85;1.91;-9.27;9.5028153723;
23;0.0;0.0;0.85;1.97;-9.28;9.52479921048;
23;4095.0;4095.0;0.78;1.58;-9.39;9.55389449387;
23;0.0;0.0;0.67;1.3;-9.64;9.75030768745;
23;0.0;0.0;0.6;1.32;-9.58;9.68910728602;
23;0.0;0.0;0.38;1.44;-9.51;9.6259077494;
23;61.0;0.0;0.4;1.39;-9.79;9.89627202536;
23;1684.0;612.0;0.41;1.37;-10.17;10.2700486854;
23;743.0;0.0;0.45;1.35;-10.4;10.4969043056;
23;0.0;0.0;0.37;1.46;-10.15;10.2611402875;
23;581.0;463.0;0.31;1.57;-9.87;9.99889493894;
23;0.0;0.0;0.27;1.7;-9.31;9.46778749233;
23;718.0;0.0;0.31;1.74;-9.26;9.42715757798;
23;26.0;0.0;0.49;1.7;-9.51;9.6731690774;
23;0.0;0.0;0.77;1.56;-9.87;10.0221454789;
23;103.0;0.0;0.94;1.5;-9.84;9.99795979188;
23;3802.0;4095.0;0.93;1.67;-9.34;9.53359323655;
23;1977.0;1509.0;0.94;1.65;-9.86;10.0412001275;
23;4095.0;4095.0;0.62;1.6;-10.06;10.2052927445;
23;4095.0;4095.0;0.61;1.54;-10.14;10.2744002258;
23;400.0;0.0;0.54;1.47;-10.05;10.1712831049;
23;1610.0;933.0;0.35;1.47;-9.47;9.58980187491;
23;0.0;0.0;0.56;1.47;-9.74;9.86621001195;
23;1081.0;0.0;0.53;1.67;-9.42;9.58155519736;
23;0.0;0.0;0.53;1.71;-9.35;9.51984768786;
23;4095.0;4095.0;0.62;1.69;-9.39;9.56099367221;
23;1506.0;1405.0;0.75;1.66;-9.71;9.8793825718;
23;0.0;0.0;0.78;1.72;-9.68;9.86251489226;
23;39.0;7.0;0.71;1.62;-9.91;10.0666081676;
23;0.0;0.0;0.69;1.56;-9.98;10.1247271568;
23;0.0;0.0;0.55;1.57;-9.9;10.0387947484;
23;0.0;0.0;0.5;1.61;-9.75;9.89467533576;
23;3980.0;4095.0;0.41;1.62;-9.6;9.74435734156;
23;0.0;4095.0;0.49;1.53;-9.68;9.81241050915;
23;4095.0;4095.0;0.51;1.5;-9.57;9.70025772853;
23;0.0;0.0;0.6;1.57;-9.69;9.83468352312;
23;0.0;0.0;0.66;1.55;-9.78;9.92403647716;
23;0.0;1.0;0.69;1.54;-9.82;9.96393998376;
23;0.0;0.0;0.89;1.47;-10.08;10.2254290864;
23;1439.0;551.0;0.81;1.42;-10.22;10.349922705;
23;0.0;0.0;0.78;1.42;-10.26;10.3871266479;
23;173.0;0.0;0.55;1.58;-9.84;9.9812073418;
23;1444.0;316.0;0.39;1.7;-9.47;9.62927826994;
23;0.0;3863.0;0.35;1.73;-9.35;9.51514056649;
23;4095.0;3806.0;0.36;1.71;-9.4;9.56105119744;
23;4095.0;4095.0;0.45;1.65;-9.42;9.57399603092;
23;4095.0;0.0;0.61;1.48;-9.95;10.0779462193;
23;0.0;0.0;0.63;1.47;-9.7;9.83096129582;
23;1087.0;840.0;0.74;1.47;-9.73;9.86820145721;
23;1387.0;956.0;0.79;1.46;-9.86;9.99876492373;
23;570.0;0.0;0.75;1.46;-9.98;10.1140743521;
23;0.0;0.0;0.56;1.66;-9.5;9.66018633361;
23;0.0;166.0;0.62;1.58;-9.9;10.0444412488;
23;0.0;0.0;0.68;1.54;-9.79;9.93368511681;
23;1131.0;810.0;0.62;1.54;-9.69;9.83117999021;
23;0.0;0.0;0.66;1.53;-9.69;9.83222253613;
23;845.0;568.0;0.67;1.5;-9.68;9.81841636925;
23;4095.0;4095.0;0.66;1.43;-9.71;9.83689991817;
23;0.0;0.0;0.64;1.45;-9.73;9.85824527997;
23;4095.0;986.0;0.63;1.5;-9.82;9.95385854832;
23;1381.0;1107.0;0.62;1.57;-9.64;9.786669505;
23;1619.0;0.0;0.62;1.58;-9.61;9.75873454911;
23;1617.0;0.0;0.62;1.63;-9.59;9.74727654271;
23;0.0;0.0;0.63;1.62;-9.61;9.76593057522;
23;0.0;0.0;0.68;1.61;-9.76;9.91524583659;
23;4095.0;4095.0;0.5;1.61;-9.59;9.73705294224;
23;263.0;179.0;0.51;1.57;-9.56;9.70147411479;
23;0.0;0.0;0.51;1.56;-9.62;9.75900097346;
23;586.0;0.0;0.69;1.44;-9.88;10.0082016367;
23;1396.0;1025.0;0.71;1.42;-9.93;10.056112569;
23;0.0;0.0;0.68;1.49;-9.81;9.94578302599;
23;0.0;0.0;0.69;1.46;-9.89;10.0209680171;
23;52.0;0.0;0.74;1.46;-9.96;10.0936019339;
23;0.0;0.0;0.62;1.49;-9.94;10.0701588865;
23;0.0;3448.0;0.62;1.5;-9.9;10.0321682602;
23;0.0;0.0;0.55;1.64;-9.53;9.68571112516;
23;0.0;0.0;0.66;1.54;-9.87;10.0111987294;
23;1687.0;1194.0;0.62;1.55;-9.61;9.75392228798;
23;0.0;0.0;0.62;1.54;-9.75;9.89032355386;
23;0.0;0.0;0.68;1.5;-9.71;9.84868011461;
23;0.0;0.0;0.65;1.46;-9.79;9.91958668494;
23;589.0;0.0;0.62;1.48;-9.84;9.96997492474;
23;241.0;0.0;0.67;1.41;-9.95;10.0717178277;
23;0.0;3563.0;0.58;1.5;-9.63;9.76336519854;
23;0.0;0.0;0.57;1.52;-9.59;9.72642791574;
23;0.0;0.0;0.65;1.53;-9.63;9.77242549217;
23;0.0;0.0;0.56;1.56;-9.73;9.87016210606;
23;4095.0;4095.0;0.62;1.45;-9.86;9.98531421639;
23;4095.0;4095.0;0.63;1.47;-9.88;10.0086062966;
23;0.0;4095.0;0.6;1.48;-9.68;9.81085113535;
23;4095.0;4095.0;0.58;1.53;-9.63;9.7680192465;
23;0.0;0.0;0.73;1.46;-9.93;10.0632698463;
23;1827.0;1197.0;0.72;1.47;-9.86;9.9949437217;
23;1796.0;1199.0;0.56;1.59;-9.45;9.59917704806;
23;0.0;0.0;0.56;1.59;-9.5;9.6484040131;
23;0.0;0.0;0.66;1.51;-9.85;9.98690142136;
23;4095.0;4095.0;0.72;1.43;-10.04;10.1668530038;
23;0.0;0.0;0.5;1.58;-9.49;9.63361302939;
23;1183.0;0.0;0.62;1.47;-9.81;9.93888323706;
23;824.0;0.0;0.62;1.49;-9.88;10.0109390169;
23;3693.0;4095.0;0.71;1.43;-10.07;10.1957785382;
23;4095.0;4095.0;0.7;1.46;-9.98;10.1104896024;
23;979.0;16.0;0.84;1.42;-9.83;9.96749216202;
23;375.0;288.0;0.78;1.45;-9.54;9.68103816747;
23;4095.0;0.0;0.66;1.5;-9.34;9.48267894637;
23;1063.0;501.0;0.58;1.57;-9.19;9.34116695065;
23;4095.0;4095.0;0.44;1.64;-9.82;9.96572124836;
23;0.0;0.0;0.42;1.72;-9.61;9.77173986555;
23;0.0;0.0;0.54;1.56;-10.02;10.1550775477;
23;1157.0;1044.0;0.55;1.56;-9.99;10.1260159984;
23;156.0;0.0;0.58;1.54;-9.87;10.0062430512;
23;3972.0;4095.0;0.62;1.47;-10.06;10.1857203967;
23;863.0;833.0;0.37;1.65;-9.79;9.93496351277;
23;1293.0;383.0;0.23;1.78;-9.32;9.49124333267;
23;0.0;0.0;0.25;1.86;-9.0;9.19359015837;
23;0.0;0.0;0.56;1.71;-9.28;9.45283555342;
23;68.0;5.0;1.07;1.49;-9.48;9.65584796898;
23;0.0;0.0;1.07;1.49;-9.48;9.65584796898;
23;109.0;3596.0;0.39;1.74;-9.46;9.62659337461;
23;4095.0;1436.0;0.33;1.62;-9.84;9.97792062506;
23;696.0;402.0;0.34;1.6;-10.16;10.2908308702;
23;804.0;0.0;0.33;1.62;-10.09;10.2245488898;
23;1535.0;944.0;0.13;1.73;-9.85;10.0016148696;
23;1673.0;195.0;0.62;1.52;-9.97;10.1042416836;
23;64.0;4087.0;0.77;1.54;-9.69;9.8417782946;
23;0.0;0.0;0.77;1.51;-9.53;9.67956094046;
23;0.0;0.0;-0.5;0.87;-9.53;9.58268229673;
23;4095.0;4095.0;-0.67;2.03;-10.49;10.7056013376;
23;4095.0;0.0;0.38;2.0;-10.59;10.7839000366;
23;4065.0;4095.0;-0.34;1.07;-5.87;5.97640360083;
23;4095.0;3257.0;-0.77;0.98;-7.3;7.40562623956;
23;4095.0;4095.0;-2.06;2.43;-12.41;12.8123612188;
23;4095.0;1685.0;-1.81;2.82;-12.92;13.3474679247;
23;4082.0;4095.0;-0.13;4.36;-11.41;12.2153428114;
23;0.0;0.0;-0.94;4.96;-13.42;14.3381170312;
23;0.0;0.0;-1.01;5.04;-12.86;13.8492346359;
23;997.0;1165.0;-1.41;4.78;-12.43;13.3918407995;
23;1640.0;1107.0;-1.57;4.69;-11.31;12.3441119567;
23;4095.0;1610.0;-2.23;2.48;-7.43;8.14421266913;
23;4095.0;4095.0;-2.04;3.5;-7.34;8.38374617936;
23;0.0;0.0;-1.62;2.97;-7.54;8.26419385058;
23;28.0;2.0;-0.77;2.5;-5.01;5.65181386813;
23;3608.0;4095.0;-3.64;0.63;-6.31;7.31181236083;
23;2068.0;1396.0;0.16;1.82;-4.15;4.5343687543;
23;0.0;0.0;0.37;2.54;-4.57;5.24150741676;
23;4095.0;4095.0;-0.1;3.5;-5.21;6.27726851425;
23;0.0;3928.0;-3.4;7.28;-9.41;12.3736211353;
23;1285.0;0.0;-3.43;9.6;-11.16;15.1152406531;
23;0.0;10.0;-3.46;9.24;-10.71;14.562049993;
23;21.0;0.0;-3.31;4.46;-6.67;8.67966589219;
23;0.0;0.0;-2.16;3.29;-4.97;6.33960566597;
23;4085.0;4095.0;-2.16;3.29;-4.97;6.33960566597;
23;0.0;0.0;-0.63;2.79;-3.83;4.78015690119;
23;770.0;0.0;-0.57;1.56;-1.6;2.30618732977;
23;1379.0;0.0;-0.69;4.48;-4.42;6.3311057486;
23;4095.0;4095.0;-1.17;4.42;-5.41;7.08331843136;
23;0.0;0.0;-2.31;6.49;-6.49;9.46447568542;
23;4095.0;4095.0;-2.08;9.6;-9.11;13.3969586101;
23;0.0;0.0;-1.62;10.49;-9.41;14.1849427211;
23;2056.0;1331.0;-1.81;10.41;-9.02;13.8926095461;
23;1502.0;1426.0;-2.03;9.52;-8.35;12.8247339154;
23;1079.0;790.0;0.43;5.5;-5.23;7.60182872735;
23;0.0;3800.0;0.54;4.81;-4.74;6.77460699967;
23;4095.0;1656.0;1.05;4.31;-4.17;6.08830846788;
23;1187.0;1060.0;1.11;4.1;-4.06;5.87585738425;
23;2813.0;4095.0;0.83;5.25;-4.73;7.11507554422;
23;1376.0;1349.0;0.62;5.66;-5.12;7.65731023271;
23;2099.0;1404.0;-1.43;7.04;-6.47;9.66785395008;
23;1615.0;638.0;-0.21;7.57;-7.04;10.3397582177;
23;4095.0;4095.0;-2.38;10.93;-8.75;14.2018238265;
23;3861.0;0.0;-1.75;9.83;-8.18;12.9075094422;
23;0.0;45.0;-1.62;9.67;-8.1;12.7178339351;
23;301.0;0.0;-0.88;6.52;-5.34;8.47351166872;
23;2016.0;0.0;-1.78;6.56;-5.13;8.51580295686;
23;0.0;0.0;-1.98;6.76;-5.27;8.79720978493;
23;0.0;0.0;-1.19;6.98;-4.65;8.47106840959;
23;1762.0;820.0;-0.86;7.88;-4.64;9.18496597707;
23;1628.0;1513.0;-0.91;7.14;-4.82;8.66256890304;
23;4095.0;4095.0;-1.8;8.0;-5.44;9.84040649567;
23;1755.0;1485.0;-2.17;7.53;-5.77;9.73153122587;
23;4095.0;4095.0;-1.91;4.13;-6.96;8.31544346382;
23;4095.0;14.0;0.3;-1.39;-8.05;8.17463149017;
23;3043.0;4035.0;4.17;0.81;-8.39;9.40410016961;
23;4095.0;4095.0;2.73;3.27;-12.06;12.7902071914;
23;4095.0;4095.0;2.13;3.17;-12.58;13.1469464135;
23;1428.0;990.0;-2.98;6.46;-14.2;15.882443137;
23;1325.0;30.0;-3.88;6.49;-11.96;14.1497738498;
23;0.0;0.0;-3.58;5.79;-11.51;13.3723819868;
23;849.0;3884.0;-2.54;3.17;-12.29;12.9439020392;
23;1909.0;1317.0;1.33;-0.8;-8.91;9.04416939249;
23;4095.0;4095.0;1.54;-1.02;-8.73;8.92327854547;
23;0.0;0.0;1.84;-0.92;-7.83;8.09573344423;
23;0.0;59.0;1.76;-0.88;-7.51;7.76351080375;
23;0.0;0.0;1.0;1.89;-10.1;10.323860712;
23;690.0;0.0;0.2;3.01;-10.93;11.3386507134;
23;1514.0;479.0;-0.06;3.35;-11.0;11.4989608226;
23;0.0;0.0;-1.35;4.05;-10.81;11.622439503;
23;1384.0;1224.0;-1.03;3.5;-10.37;10.9930796413;
23;1624.0;1337.0;-0.47;2.63;-10.59;10.9218084583;
23;675.0;495.0;0.86;0.67;-8.86;8.92681914234;
23;469.0;0.0;1.09;0.3;-8.92;8.99135696099;
23;4095.0;4095.0;1.09;0.29;-8.81;8.88190857868;
23;6.0;0.0;0.97;0.5;-8.69;8.75825325051;
23;0.0;3659.0;-0.02;2.0;-10.31;10.5022140523;
23;4095.0;4095.0;-0.15;2.14;-10.42;10.6385384335;
23;472.0;4095.0;-0.68;2.73;-9.98;10.3689777703;
23;4095.0;4095.0;-0.73;2.96;-10.01;10.4639667431;
23;0.0;0.0;0.04;2.24;-9.23;9.49800505369;
23;66.0;83.0;0.34;1.93;-9.32;9.5238070119;
23;1608.0;473.0;0.68;1.51;-9.77;9.90935921238;
23;0.0;3720.0;0.8;1.35;-9.97;10.0927399649;
23;981.0;1083.0;0.62;1.13;-9.06;9.15122396185;
23;0.0;0.0;0.5;1.22;-9.6;9.69011867832;
23;0.0;0.0;0.33;1.39;-9.7;9.80464175786;
23;0.0;0.0;-0.16;2.02;-10.45;10.6446465418;
23;1978.0;1213.0;-0.19;2.08;-10.39;10.5978582742;
23;0.0;1511.0;-0.16;2.17;-10.07;10.3023977792;
23;4095.0;4095.0;0.44;1.57;-9.49;9.62904979736;
23;405.0;412.0;0.59;1.43;-9.25;9.37845936175;
23;2225.0;1495.0;0.74;1.31;-9.54;9.65791385342;
23;0.0;84.0;0.81;1.28;-9.67;9.78792112759;
23;4095.0;4095.0;0.2;1.75;-9.54;9.7012421885;
23;0.0;0.0;0.04;1.85;-10.08;10.2484389055;
23;308.0;0.0;-0.1;2.01;-10.26;10.4555105088;
23;4095.0;4095.0;-0.2;2.09;-9.71;9.93439479787;
23;862.0;1662.0;0.12;1.66;-10.25;10.3842428708;
23;0.0;0.0;0.24;1.53;-10.32;10.4355594004;
23;4095.0;4095.0;0.96;1.16;-9.79;9.90511484032;
23;47.0;89.0;1.01;1.2;-9.9;10.0234774405;
23;0.0;1059.0;0.8;1.46;-9.39;9.53644063579;
23;859.0;0.0;0.57;1.77;-9.0;9.19009249137;
23;0.0;0.0;0.0;1.96;-10.24;10.4258908492;
23;2326.0;1649.0;-0.05;1.94;-10.28;10.4615725395;
23;0.0;0.0;-0.22;2.04;-9.86;10.0712263404;
23;2257.0;1617.0;0.37;1.51;-10.11;10.2288366885;
23;0.0;0.0;0.28;1.58;-9.45;9.58526473291;
23;875.0;0.0;0.28;1.63;-9.14;9.2884282847;
23;878.0;0.0;0.55;1.31;-9.99;10.0905252589;
23;0.0;206.0;0.15;1.58;-9.19;9.32603881613;
23;0.0;3618.0;0.09;1.64;-9.11;9.25687852356;
23;4095.0;4095.0;0.14;1.6;-9.39;9.52636866807;
23;50.0;55.0;0.01;1.98;-9.46;9.66499353337;
23;0.0;0.0;0.14;1.97;-9.62;9.82063643559;
23;0.0;0.0;0.24;1.89;-9.8;9.98347134017;
23;2091.0;1422.0;0.35;1.69;-9.4;9.55712299806;
23;0.0;0.0;0.46;1.45;-9.71;9.82843832966;
23;0.0;4095.0;0.52;1.28;-9.83;9.9266157375;
23;1950.0;1180.0;0.12;1.56;-9.61;9.73653429101;
23;4095.0;4095.0;0.22;1.53;-9.93;10.0495870562;
23;276.0;1678.0;0.25;1.56;-10.16;10.2821058154;
23;42.0;0.0;0.22;1.65;-10.0;10.1375983349;
23;1427.0;1783.0;0.29;1.76;-9.69;9.85280670672;
23;1745.0;561.0;0.31;1.74;-9.64;9.80067854794;
23;0.0;1259.0;0.34;1.71;-9.69;9.84559800114;
23;0.0;0.0;0.45;1.53;-9.9;10.0276318241;
23;0.0;0.0;0.41;1.39;-9.94;10.045088352;
23;0.0;1415.0;0.34;1.4;-9.83;9.93501383995;
23;518.0;0.0;0.24;1.52;-9.62;9.74229952321;
23;0.0;0.0;0.15;1.64;-9.36;9.503772935;
23;242.0;3869.0;0.16;1.66;-9.37;9.51725275487;
23;4095.0;4095.0;0.21;1.63;-9.77;9.90726501109;
23;0.0;0.0;0.26;1.59;-9.92;10.0499800995;
23;2367.0;1708.0;0.18;1.65;-9.83;9.9691423904;
23;4095.0;4095.0;0.23;1.64;-9.44;9.58415880503;
23;0.0;0.0;0.25;1.66;-9.32;9.46997888065;
23;2213.0;1788.0;0.3;1.63;-9.3;9.44652846288;
23;204.0;0.0;0.47;1.42;-9.87;9.9826950269;
23;0.0;0.0;0.49;1.34;-10.1;10.2002794079;
23;3774.0;4095.0;0.39;1.42;-9.9;10.0089210208;
23;4095.0;4095.0;0.43;1.41;-10.1;10.2070073969;
23;0.0;3428.0;0.27;1.55;-9.82;9.94524006749;
23;4095.0;0.0;0.17;1.7;-9.47;9.62287898708;
23;576.0;1777.0;0.15;1.73;-9.36;9.51971638233;
23;1981.0;1217.0;0.16;1.7;-9.57;9.7211367648;
23;4095.0;4095.0;0.28;1.62;-9.58;9.72004115218;
23;2259.0;1617.0;0.31;1.52;-9.5;9.62582464;
23;4095.0;4095.0;0.37;1.47;-9.6;9.71894027145;
23;4095.0;4095.0;0.51;1.42;-9.88;9.99454351134;
23;4095.0;4095.0;0.56;1.35;-10.06;10.1656136067;
23;1821.0;885.0;0.19;1.69;-9.47;9.62149156836;
23;0.0;0.0;0.39;1.51;-10.22;10.338307405;
23;941.0;0.0;0.38;1.51;-10.2;10.3181635963;
23;0.0;0.0;0.31;1.54;-9.84;9.96460235032;
23;21.0;0.0;0.22;1.65;-9.47;9.61518590564;
23;4095.0;4095.0;0.38;1.43;-9.9;10.0099600399;
23;136.0;705.0;0.36;1.43;-9.89;9.99932997755;
23;1580.0;282.0;0.35;1.47;-9.88;9.99488869373;
23;0.0;0.0;0.32;1.54;-9.7;9.8266983265;
23;0.0;0.0;0.41;1.41;-10.21;10.3150521084;
23;4095.0;4095.0;0.17;1.69;-9.37;9.52270444779;
23;0.0;0.0;0.17;1.7;-9.32;9.47529946756;
23;0.0;0.0;0.28;1.57;-9.64;9.77102348784;
23;0.0;0.0;0.29;1.58;-9.5;9.63485858744;
23;2442.0;1781.0;0.45;1.41;-9.88;9.99024524224;
23;709.0;0.0;0.48;1.4;-9.94;10.0495771055;
23;2452.0;1808.0;0.17;1.6;-9.55;9.68459601636;
23;0.0;3595.0;0.29;1.55;-9.9;10.0247992499;
23;0.0;0.0;0.29;1.5;-9.91;10.0270733517;
23;2485.0;1578.0;0.3;1.54;-9.76;9.88530222097;
23;2341.0;1714.0;0.37;1.48;-9.68;9.79947447571;
23;804.0;3985.0;0.33;1.54;-9.63;9.75794035645;
23;4095.0;4095.0;0.28;1.59;-9.51;9.64606655586;
23;4095.0;4095.0;0.37;1.47;-9.88;9.99560903597;
23;4095.0;4095.0;0.29;1.49;-9.46;9.58101247259;
23;0.0;0.0;0.26;1.45;-9.7;9.81122316533;
23;4095.0;4095.0;0.28;1.45;-9.74;9.85131970855;
23;0.0;0.0;0.33;1.48;-9.69;9.80792536676;
23;3548.0;4095.0;0.37;1.53;-9.82;9.9453607275;
23;4095.0;4095.0;0.39;1.5;-9.89;10.0107042709;
23;2478.0;1828.0;0.26;1.55;-9.64;9.76727700027;
23;4095.0;0.0;0.33;1.41;-9.95;10.0548247125;
23;2004.0;1270.0;0.35;1.42;-9.84;9.94809026899;
23;0.0;3447.0;0.3;1.44;-9.65;9.76145993179;
23;4095.0;4095.0;0.23;1.51;-9.48;9.60226015061;
23;0.0;0.0;0.36;1.5;-9.67;9.79226735746;
23;2491.0;1838.0;0.25;1.66;-9.47;9.61764004317;
23;4095.0;4095.0;0.41;1.48;-10.0;10.1172377653;
23;0.0;0.0;0.4;1.48;-9.92;10.0377686764;
23;0.0;30.0;0.32;1.46;-9.63;9.74530143197;
23;4095.0;3674.0;0.33;1.44;-9.81;9.9206149003;
23;1889.0;1863.0;0.26;1.46;-9.74;9.85224847433;
23;2182.0;1525.0;0.2;1.53;-9.64;9.76270966484;
23;0.0;0.0;0.29;1.53;-9.57;9.69587025491;
23;2264.0;1665.0;0.36;1.53;-9.75;9.87587970765;
23;4095.0;4095.0;0.44;1.42;-9.96;10.0703326658;
23;4095.0;0.0;0.41;1.41;-9.99;10.0973412342;
23;1746.0;0.0;0.35;1.43;-9.74;9.85063449733;
23;0.0;0.0;0.27;1.51;-9.62;9.74152965401;
23;0.0;0.0;0.36;1.43;-9.79;9.90043433391;
23;4095.0;4095.0;0.39;1.37;-9.52;9.62597527526;
23;0.0;815.0;0.38;1.32;-9.77;9.86608838395;
23;2234.0;0.0;0.44;1.23;-10.25;10.3329085934;
23;0.0;0.0;0.51;1.56;-10.65;10.7757227136;
23;0.0;0.0;0.15;1.87;-9.45;9.63441228099;
23;4095.0;0.0;0.25;1.77;-9.48;9.64706172884;
23;2086.0;1362.0;0.3;1.66;-9.54;9.68799256812;
23;0.0;0.0;0.59;0.76;-9.4;9.4491110693;
23;4095.0;4095.0;0.41;1.0;-9.83;9.88923657316;
23;1118.0;0.0;0.35;1.08;-9.83;9.8953423387;
23;2355.0;1750.0;0.29;1.19;-9.75;9.82663217995;
23;1447.0;0.0;0.11;1.55;-9.74;9.86317393135;
23;0.0;0.0;0.78;1.51;-10.3;10.4392767949;
23;4095.0;4095.0;0.77;1.44;-10.22;10.3496328437;
23;4095.0;4095.0;0.71;1.39;-9.89;10.0124073029;
23;0.0;0.0;0.62;0.84;-9.77;9.82562466208;
23;0.0;0.0;-0.02;1.14;-11.35;11.4071249664;
23;0.0;3819.0;-0.43;1.5;-10.95;11.0606238522;
23;0.0;0.0;-0.58;1.61;-10.79;10.9248615552;
23;4095.0;734.0;-0.41;2.23;-5.74;6.17159622788;
23;925.0;0.0;3.87;-0.19;-10.73;11.4081505951;
23;2249.0;1603.0;4.24;-0.41;-11.25;12.0294721414;
23;443.0;0.0;4.02;-0.12;-11.72;12.3908514639;
23;4095.0;4095.0;-1.19;2.61;-11.1;11.4646500165;
23;0.0;0.0;-0.94;2.37;-11.67;11.9452668451;
23;2376.0;1786.0;-1.25;2.12;-11.74;11.9951865346;
23;0.0;0.0;-1.48;2.25;-11.09;11.4123179065;
23;0.0;0.0;2.4;-0.52;-12.38;12.6212043799;
23;1.0;0.0;2.97;-0.01;-7.68;8.23428199663;
23;1415.0;12.0;2.57;0.31;-6.78;7.25736866915;
23;4095.0;4095.0;2.48;0.42;-6.63;7.0911000557;
23;2299.0;1625.0;2.3;0.67;-11.88;12.1191295067;
23;3100.0;134.0;-2.02;3.2;-9.52;10.2445497705;
23;2484.0;1776.0;-1.97;3.15;-9.56;10.2565588771;
23;0.0;0.0;-1.82;3.0;-9.7;10.3151539009;
23;4095.0;0.0;0.77;1.15;-10.87;10.9577506816;
23;2284.0;1639.0;-0.08;2.64;-9.26;9.62930942488;
23;0.0;0.0;0.22;2.33;-10.74;10.9920380276;
23;3786.0;4095.0;0.4;2.19;-11.56;11.7724126669;
23;4095.0;4095.0;0.55;2.12;-10.78;11.0002409065;
23;1916.0;1814.0;2.12;-1.1;-8.71;9.0315281099;
23;0.0;0.0;2.03;-1.31;-8.46;8.7982157282;
23;4059.0;4095.0;1.95;-1.33;-8.33;8.65796165388;
23;4095.0;4095.0;1.68;-1.15;-8.11;8.3616385954;
23;0.0;0.0;0.18;1.3;-10.46;10.5420111933;
23;2269.0;1638.0;-0.83;3.54;-10.2;10.828688748;
23;2081.0;1391.0;-0.86;3.82;-10.16;10.8884158627;
23;2201.0;1584.0;-0.66;3.98;-10.41;11.1644122102;
23;4095.0;3855.0;0.28;2.35;-10.59;10.8512211294;
23;2298.0;1657.0;0.35;2.16;-10.47;10.6962142836;
23;0.0;0.0;0.62;1.33;-10.27;10.374304796;
23;27.0;186.0;0.71;-0.08;-9.94;9.9656459901;
23;0.0;0.0;0.69;-0.13;-10.11;10.1343524707;
23;4095.0;4095.0;0.73;-0.11;-10.26;10.2865251664;
23;4095.0;4095.0;0.73;-0.03;-10.25;10.2760060335;
23;2266.0;4071.0;1.24;0.7;-9.35;9.45780629956;
23;0.0;0.0;1.81;0.81;-9.19;9.40150519864;
23;0.0;0.0;1.68;0.9;-8.67;8.87700963163;
23;3428.0;4082.0;1.75;0.51;-9.94;10.105750838;
23;3607.0;4081.0;0.28;0.86;-9.19;9.23439765226;
23;0.0;0.0;0.11;0.98;-9.42;9.47147823732;
23;4095.0;4095.0;0.18;0.87;-10.05;10.0891922372;
23;4095.0;4095.0;0.19;0.71;-11.11;11.1342848895;
23;3785.0;4095.0;1.08;0.62;-9.89;9.96809410068;
23;0.0;0.0;0.84;0.88;-9.05;9.1314018639;
23;455.0;0.0;0.79;0.85;-8.66;8.73740235997;
23;1896.0;546.0;0.97;0.69;-9.11;9.18744251683;
23;0.0;0.0;-0.06;0.05;-9.43;9.4303234303;
23;1252.0;0.0;0.17;-0.5;-10.12;10.1337702757;
23;3549.0;4095.0;0.31;-0.54;-9.83;9.84970050306;
23;1898.0;0.0;-0.03;-0.67;-9.33;9.35407397875;
23;3045.0;2115.0;-0.23;-0.62;-9.51;9.5329638623;
23;2985.0;2409.0;-0.08;-0.62;-9.9;9.91971773792;
23;3423.0;3512.0;0.11;-0.84;-10.45;10.4842834758;
23;3227.0;3243.0;-0.32;-0.08;-9.5;9.505724591;
23;3409.0;3089.0;-0.44;0.12;-9.7;9.71071573057;
23;3079.0;2301.0;-0.41;0.05;-9.89;9.89862111609;
23;3032.0;2130.0;-0.23;0.39;-9.68;9.69058305779;
23;3136.0;2452.0;0.05;0.18;-9.29;9.29187817398;
23;3270.0;3355.0;-0.04;0.31;-8.97;8.9754442787;
23;3142.0;2459.0;0.3;-0.08;-10.23;10.2347105479;
23;3206.0;2343.0;0.04;0.01;-10.39;10.3900818091;
23;3150.0;2391.0;0.08;0.01;-10.6;10.6003065993;
23;2917.0;2266.0;0.13;-0.08;-10.56;10.5611031621;
23;3119.0;2405.0;-0.15;0.24;-9.42;9.42425063334;
23;2990.0;2017.0;-0.26;0.56;-8.92;8.94134218113;
23;3456.0;3458.0;-0.1;0.47;-9.23;9.24249966189;
23;3119.0;2392.0;0.08;0.31;-9.63;9.63532044096;
23;3155.0;2433.0;0.24;0.17;-10.09;10.0942855121;
23;3039.0;2151.0;-0.14;0.19;-10.3;10.3027035287;
23;2973.0;1973.0;-0.32;0.38;-9.65;9.66277910334;
23;2926.0;2313.0;-0.39;0.46;-9.48;9.49916312103;
23;3157.0;2234.0;-0.33;0.45;-9.57;9.58625578628;
23;3109.0;3218.0;-0.4;-0.04;-9.47;9.47852836679;
23;3208.0;3206.0;0.04;0.2;-10.54;10.5419732498;
23;3348.0;2743.0;0.39;0.39;-9.87;9.88539832278;
23;3086.0;2328.0;0.48;0.48;-9.68;9.7037724623;
23;3099.0;2272.0;0.36;0.49;-9.71;9.72901844998;
23;3190.0;3199.0;0.13;0.28;-9.5;9.50501446606;
23;2900.0;2184.0;-0.6;0.27;-10.38;10.4008316975;
23;3367.0;2834.0;0.0;0.53;-10.27;10.2836666613;
23;2947.0;1961.0;-0.23;0.18;-10.19;10.1941846167;
23;3188.0;2442.0;-0.82;0.16;-10.17;10.2042589148;
23;2965.0;2160.0;-0.77;0.22;-10.28;10.3111444564;
23;3269.0;3346.0;-0.75;0.23;-10.18;10.2101811933;
23;3457.0;3563.0;-0.07;0.21;-9.59;9.59255440433;
23;3435.0;3391.0;-0.39;0.38;-9.67;9.6853187867;
23;3046.0;2230.0;-0.53;0.33;-9.72;9.74003080077;
23;3130.0;2379.0;-0.82;0.26;-10.11;10.146531427;
23;2912.0;1880.0;-0.66;0.33;-10.21;10.2366303049;
23;3401.0;3568.0;-0.06;0.63;-10.34;10.3593484351;
23;3427.0;3155.0;-0.04;0.19;-9.68;9.68194711822;
23;3161.0;2442.0;-0.28;0.1;-9.56;9.56462231351;
23;3383.0;3533.0;-0.13;0.16;-9.56;9.56222254499;
23;3269.0;2473.0;-0.02;0.54;-10.16;10.1743599307;
23;3142.0;2452.0;0.02;0.58;-10.24;10.2564321282;
23;2870.0;1850.0;-0.01;0.55;-10.15;10.1648954741;
23;3096.0;2278.0;-0.38;0.22;-9.71;9.7199228392;
23;2829.0;1858.0;-0.57;0.52;-9.76;9.79044942789;
23;3449.0;2963.0;-0.55;0.64;-10.08;10.115260748;
23;3433.0;3600.0;-0.84;0.5;-9.79;9.83868385507;
23;3476.0;3506.0;-0.18;0.46;-9.69;9.70258213055;
23;3032.0;2210.0;-0.52;0.29;-10.15;10.1674480574;
23;3448.0;3594.0;-0.13;0.09;-9.68;9.68129123619;
23;3254.0;3327.0;-0.07;0.29;-10.07;10.0744180973;
23;3437.0;3173.0;0.07;0.35;-10.06;10.0663300164;
23;3093.0;2336.0;0.17;0.3;-9.96;9.96596708805;
23;3024.0;2112.0;-0.26;0.07;-9.71;9.71373254728;
23;2956.0;2453.0;-0.3;-0.12;-9.57;9.5754529919;
23;3370.0;2793.0;-0.35;-0.13;-9.58;9.58727281348;
23;3162.0;2435.0;-0.05;-0.03;-9.86;9.86017241229;
23;3390.0;3605.0;0.04;-0.04;-9.91;9.91016145176;
23;3121.0;2378.0;-0.37;-0.25;-9.8;9.81016819428;
23;3120.0;2189.0;-0.41;-0.31;-9.69;9.70362303472;
23;3064.0;2101.0;-0.39;-0.31;-9.61;9.6229049668;
23;3343.0;3493.0;-0.39;-0.2;-9.54;9.55006282702;
23;3177.0;3147.0;-0.37;-0.17;-10.11;10.1181964796;
23;3020.0;2120.0;-0.37;-0.17;-10.11;10.1181964796;
23;3122.0;2406.0;-0.48;-0.16;-9.92;9.93289484491;
23;3131.0;2359.0;-0.74;-0.26;-10.19;10.2201418777;
23;3403.0;3565.0;-0.78;-0.41;-10.29;10.3276618845;
23;3059.0;2246.0;-0.77;-0.45;-10.16;10.1990685849;
23;3120.0;2414.0;-0.44;-0.35;-9.81;9.82609790303;
23;3128.0;2429.0;-0.38;-0.1;-9.91;9.91778705156;
23;3351.0;3481.0;-0.39;-0.38;-9.67;9.6853187867;
23;3056.0;2128.0;-0.47;-0.48;-9.62;9.6434278138;
23;3395.0;2936.0;-0.65;-0.55;-9.46;9.49824194259;
23;3061.0;2257.0;-0.41;-0.32;-9.6;9.61407821895;
23;3208.0;3214.0;-0.46;-0.26;-9.83;9.84419118059;
23;3075.0;2825.0;-0.3;-0.31;-9.88;9.88941353165;
23;3262.0;2439.0;-0.21;-0.34;-9.95;9.95802189192;
23;2832.0;1948.0;-0.16;-0.34;-9.8;9.80720143568;
23;2831.0;1914.0;0.29;0.26;-10.06;10.0675369381;
23;3404.0;3603.0;0.73;0.27;-10.11;10.1399161732;
23;3056.0;2139.0;0.7;0.15;-10.16;10.185190229;
23;3106.0;2358.0;-0.01;-0.54;-9.62;9.63514919449;
23;3475.0;3465.0;1.13;-0.57;-9.18;9.26683333183;
23;3082.0;2314.0;1.1;-0.6;-9.34;9.42367232028;
23;3511.0;2231.0;1.65;-0.19;-9.85;9.98904900378;
23;2945.0;1955.0;1.22;-0.43;-10.14;10.2221768719;
23;3379.0;3540.0;1.38;-0.31;-9.93;10.0302243245;
23;3018.0;2110.0;1.29;-0.31;-9.77;9.85967037989;
23;3134.0;2357.0;0.6;-0.3;-9.5;9.52365476065;
23;3025.0;2701.0;0.59;-0.34;-9.64;9.6640209023;
23;2986.0;2558.0;0.75;-0.1;-9.99;10.0186126784;
23;3424.0;3047.0;0.84;-0.06;-9.98;10.015468037;
23;2928.0;1928.0;0.47;-0.31;-9.85;9.86607824822;
23;2823.0;1888.0;0.56;0.0;-9.63;9.64626870868;
23;2925.0;1907.0;0.32;-0.14;-9.66;9.6663126372;
23;3482.0;3404.0;0.28;-0.13;-9.75;9.75488595525;
23;3036.0;2212.0;0.55;0.06;-9.82;9.83557319123;
23;3012.0;2119.0;0.15;-0.05;-9.75;9.751281967;
23;3134.0;2437.0;0.37;0.16;-9.7;9.70837267517;
23;3135.0;2439.0;0.21;0.2;-10.06;10.0641790525;
23;3010.0;2115.0;-0.31;0.42;-9.58;9.5942117967;
23;3024.0;2114.0;-0.92;0.69;-10.03;10.095711961;
23;3136.0;2385.0;-1.0;0.63;-9.77;9.84122959797;
23;2860.0;2073.0;-0.84;0.66;-9.67;9.72882829533;
23;3485.0;3607.0;-0.84;0.97;-9.97;10.0522335826;
23;3014.0;2114.0;-1.89;1.81;-10.29;10.6175467976;
23;3139.0;2458.0;-1.68;1.87;-10.32;10.6217559754;
23;3013.0;2072.0;-1.47;1.93;-9.63;9.93089623347;
23;2841.0;1985.0;-1.31;1.95;-9.37;9.65999482402;
23;3002.0;2127.0;-1.73;3.28;-9.22;9.93779150516;
23;3129.0;2195.0;-2.2;3.34;-8.56;9.44823793096;
23;3021.0;2097.0;-2.42;3.47;-8.75;9.71904316278;
23;3096.0;2933.0;-2.61;3.74;-9.12;10.1967690961;
23;3297.0;2496.0;-3.31;4.5;-10.63;12.0084553545;
23;2906.0;2310.0;-3.2;5.45;-7.9;10.1169412374;
23;3439.0;3125.0;-3.08;5.56;-7.4;9.75499871861;
23;3084.0;2333.0;-3.4;5.97;-7.49;10.1637099526;
23;3076.0;2843.0;-3.08;7.18;-6.35;10.0678349212;
23;3123.0;2428.0;-2.72;7.49;-5.59;9.73378651913;
23;2881.0;2205.0;-2.68;7.6;-5.54;9.77926377597;
23;3014.0;1819.0;-2.51;8.11;-4.37;9.54825114877;
23;3130.0;2211.0;-1.98;8.78;-3.93;9.8210844615;
23;3111.0;2355.0;-2.23;8.89;-3.9;9.96067266805;
23;3165.0;3126.0;-1.5;8.86;-3.1;9.50576667082;
23;3288.0;3398.0;-1.58;9.2;-2.31;9.61626226764;
23;3155.0;2140.0;-1.54;9.3;-2.27;9.6961074664;
23;3218.0;2354.0;-1.56;9.13;-2.19;9.51769930183;
23;3254.0;3339.0;-1.53;8.94;-2.07;9.30319300026;
23;3012.0;2112.0;-1.46;8.95;-1.13;9.13843531465;
23;3047.0;2243.0;-0.82;8.81;-0.84;8.88786251019;
23;3175.0;2447.0;-0.88;8.73;-0.62;8.79611846214;
23;3071.0;2846.0;-1.07;8.7;-0.58;8.78471968819;
23;3475.0;3369.0;-1.43;9.13;-0.95;9.29001076426;
23;3000.0;2131.0;-1.47;9.35;-0.91;9.50849620077;
23;3196.0;2325.0;-1.21;9.46;-0.81;9.57140533046;
23;3139.0;2402.0;-0.86;9.28;-0.45;9.33062162988;
23;3088.0;2348.0;-1.55;9.59;-0.86;9.75244584707;
23;3031.0;2112.0;-0.84;9.44;-0.29;9.48173507329;
23;3171.0;1934.0;-0.99;9.6;-0.44;9.66093680758;
23;2935.0;1944.0;-1.12;9.68;-0.62;9.76428184763;
23;3163.0;2384.0;-1.43;9.7;-0.92;9.84790840737;
23;3474.0;3438.0;-1.02;9.85;-0.85;9.93908446488;
23;3097.0;2324.0;-1.08;9.77;-0.84;9.86533831148;
23;3112.0;2245.0;-0.88;9.39;-0.65;9.45351786374;
23;3012.0;2080.0;-0.83;9.38;-0.6;9.43574586347;
23;3064.0;2290.0;-1.01;9.56;-0.72;9.64012966718;
23;3227.0;2361.0;-0.89;9.33;-0.62;9.39283769688;
23;3133.0;2393.0;-1.0;9.38;-0.78;9.4653473259;
23;3429.0;3644.0;-0.65;9.41;-0.62;9.45277736964;
23;3304.0;3432.0;-0.83;9.63;-0.73;9.69322959596;
23;3043.0;2229.0;-0.83;9.57;-0.67;9.62926269244;
23;3115.0;2394.0;-0.87;9.46;-0.72;9.5271664203;
23;3065.0;2179.0;-0.67;9.45;-0.58;9.49145931878;
23;3160.0;3117.0;-0.65;9.45;-0.63;9.49325550062;
23;3192.0;2304.0;-0.55;9.55;-0.59;9.58400229549;
23;3118.0;2394.0;-0.66;9.57;-0.58;9.61024973661;
23;3140.0;2408.0;-0.83;9.52;-0.68;9.58027661396;
23;3306.0;3440.0;-0.79;9.84;-0.85;9.90818853272;
23;3031.0;2116.0;-0.8;9.77;-0.76;9.83211574383;
23;3399.0;2873.0;-0.75;9.58;-0.64;9.63060226569;
23;2918.0;2362.0;-0.85;9.81;-0.74;9.87452277328;
23;2908.0;2309.0;-0.48;9.71;-0.48;9.73369919404;
23;3477.0;2357.0;-0.56;9.74;-0.58;9.7733105957;
23;3094.0;2272.0;-0.74;9.73;-0.65;9.77972392248;
23;3094.0;2268.0;-0.91;9.68;-0.63;9.74306933158;
23;3097.0;2181.0;-1.24;8.94;-0.9;9.07034729214;
23;3121.0;2422.0;-1.36;8.76;-0.86;8.90655938059;
23;2917.0;1912.0;-1.26;8.64;-1.04;8.79311093982;
23;3134.0;3046.0;-1.18;8.28;-1.18;8.44649039542;
23;3139.0;2458.0;-1.25;7.75;-2.31;8.18297623118;
23;3316.0;2590.0;-1.66;8.54;-4.49;9.79016343071;
23;3153.0;2281.0;-1.54;8.67;-4.7;9.98150790212;
23;3144.0;2384.0;-0.75;9.01;-6.99;11.4281538317;
23;3122.0;2331.0;-1.08;7.88;-8.33;11.5173651501;
23;2960.0;1958.0;-0.92;7.5;-8.34;11.2539770748;
23;3437.0;3639.0;-0.82;7.16;-8.31;10.9997318149;
23;2975.0;2540.0;-1.45;5.06;-9.64;10.9834284265;
23;2817.0;1884.0;-1.0;3.88;-9.36;10.1815519446;
23;3435.0;3616.0;-1.2;3.64;-9.35;10.1050531913;
23;3024.0;2188.0;-1.27;2.99;-9.03;9.59655667414;
23;3115.0;2329.0;-1.45;2.54;-9.4;9.84449592412;
23;3096.0;2370.0;-0.48;3.28;-9.93;10.46870097;
23;3055.0;2163.0;-0.81;3.03;-9.93;10.4135440653;
23;3031.0;2202.0;-1.45;2.38;-9.31;9.71817884174;
23;2889.0;1861.0;-1.63;2.58;-8.85;9.36139946803;
23;2841.0;1982.0;-1.97;3.87;-10.61;11.4642880285;
23;2929.0;2361.0;-1.7;2.92;-8.21;8.87809101102;
23;3481.0;2276.0;-1.99;3.31;-9.3;10.070064548;
23;3140.0;2452.0;-2.22;2.9;-8.8;9.52776993845;
23;3033.0;2223.0;-3.23;4.43;-8.64;10.2326633874;
23;3120.0;2433.0;-3.49;3.98;-8.26;9.81061160173;
23;3138.0;2406.0;-3.8;3.69;-8.58;10.0832782368;
23;2857.0;2078.0;-3.01;2.79;-7.92;8.9202354229;
23;3434.0;3631.0;-2.77;3.37;-7.75;8.89338518226;
23;3110.0;2394.0;-1.88;5.92;-7.36;9.63070090907;
23;3084.0;2144.0;-2.17;6.23;-7.69;10.1320234899;
23;3016.0;2690.0;-2.17;6.53;-7.71;10.3341134114;
23;2982.0;2545.0;-2.38;7.12;-7.59;10.67552809;
23;2886.0;2222.0;-3.2;3.96;-6.74;8.44684556506;
23;3075.0;2311.0;-3.48;5.06;-6.97;9.28950483072;
23;3099.0;2439.0;-3.12;6.78;-7.58;10.6376313153;
23;3383.0;3566.0;-3.15;6.89;-7.84;10.9023025091;
23;3070.0;2889.0;-3.79;7.95;-8.26;12.0745269058;
23;3005.0;2162.0;-3.35;6.51;-7.35;10.3742517802;
23;3113.0;2319.0;-3.37;6.52;-7.22;10.2954213124;
23;2818.0;1857.0;-3.16;6.95;-7.56;10.7443799263;
23;3360.0;3525.0;-3.45;7.74;-7.79;11.5106124946;
23;3204.0;2454.0;-2.86;5.47;-7.57;9.76756878655;
23;3009.0;2128.0;-2.05;6.5;-7.53;10.1564462289;
23;2995.0;2017.0;-2.21;5.52;-7.41;9.50066313475;
23;3444.0;3553.0;-2.25;5.09;-7.23;9.12378759069;
23;2999.0;2118.0;-3.53;2.34;-7.54;8.64801133209;
23;3139.0;2465.0;-3.07;4.48;-7.64;9.37362789959;
23;2887.0;1850.0;-3.33;3.63;-7.58;9.04003318578;
23;3487.0;3599.0;-2.9;3.61;-7.46;8.78030181714;
23;3048.0;2112.0;-3.04;3.89;-7.25;8.77132829166;
23;3090.0;2877.0;-2.38;5.7;-6.95;9.29822025981;
23;2854.0;1823.0;-3.04;5.58;-6.9;9.38019189569;
23;3467.0;3314.0;-3.07;6.8;-7.18;10.3545786974;
23;3478.0;2590.0;-2.47;5.72;-7.28;9.58215528991;
23;3494.0;3459.0;-3.04;5.54;-7.19;9.57231946813;
23;3480.0;3612.0;-3.02;7.46;-6.96;10.6401879683;
23;3026.0;2122.0;-3.11;5.06;-7.31;9.41869417701;
23;3236.0;2381.0;-3.16;6.24;-6.88;9.81109575939;
23;3091.0;2255.0;-3.94;7.67;-7.03;11.1253494327;
23;2908.0;1893.0;-4.06;8.49;-7.25;11.8796548771;
23;3369.0;3536.0;-2.6;6.82;-7.03;10.1337702757;
23;3272.0;2450.0;-3.48;8.02;-7.23;11.3447653127;
23;3080.0;2301.0;-3.62;8.05;-7.28;11.4413854056;
23;3134.0;2388.0;-2.92;6.79;-7.18;10.3045087219;
23;2911.0;2404.0;-2.49;6.2;-7.07;9.72753822917;
23;3137.0;2448.0;-3.67;5.93;-7.07;9.93069483974;
23;3132.0;2377.0;-3.19;5.64;-7.15;9.64925903891;
23;3133.0;2435.0;-2.9;6.15;-7.2;9.90315606259;
23;3055.0;2782.0;-3.16;6.12;-7.22;9.9783966648;
23;2834.0;1838.0;-3.71;5.82;-6.52;9.49457213359;
23;3384.0;2830.0;-3.88;5.85;-6.4;9.49931050129;
23;3134.0;2440.0;-4.18;5.77;-6.36;9.55064919259;
23;2819.0;1842.0;-4.9;5.72;-6.47;9.92921447044;
23;3466.0;3611.0;-4.02;5.49;-7.24;9.93569826434;
23;3029.0;2166.0;-4.12;5.75;-7.39;10.2298093824;
23;3413.0;3612.0;-2.07;5.62;-8.02;10.009480506;
23;3086.0;2172.0;-1.65;6.14;-8.07;10.2736069615;
23;3419.0;3008.0;-1.73;6.02;-7.69;9.91813490531;
23;3023.0;2187.0;-2.97;5.13;-6.96;9.14217698363;
23;3311.0;3428.0;-4.58;5.65;-6.87;10.0047888533;
23;3176.0;2259.0;-4.5;5.8;-6.85;10.040542814;
23;3225.0;2309.0;-3.54;5.98;-6.71;9.66002587988;
23;3418.0;3127.0;-2.86;5.77;-7.96;10.2388524748;
23;3072.0;2295.0;-2.63;5.89;-8.11;10.3624852231;
23;3166.0;2268.0;-2.44;5.89;-7.94;10.182794312;
23;3444.0;3628.0;-1.6;5.91;-7.84;9.94754743643;
23;3133.0;2449.0;-2.81;5.67;-7.21;9.59317986905;
23;2948.0;2433.0;-2.56;5.31;-7.0;9.1514862181;
23;3427.0;3532.0;-3.42;5.27;-7.19;9.54805739405;
23;3124.0;2410.0;-3.54;5.42;-7.19;9.67492118831;
23;3192.0;3177.0;-4.21;5.51;-6.94;9.81059631215;
23;3247.0;3306.0;-3.39;5.44;-6.9;9.41783945499;
23;3202.0;2302.0;-3.58;5.47;-6.97;9.55605567167;
23;3067.0;2280.0;-3.67;5.38;-7.15;9.67139079967;
23;3148.0;2427.0;-3.43;5.66;-7.54;10.0325520183;
23;3483.0;3590.0;-2.49;6.18;-7.26;9.85393829897;
23;3031.0;2212.0;-2.59;6.04;-7.17;9.7261811622;
23;3081.0;2199.0;-2.72;6.01;-7.15;9.72836060187;
23;3112.0;2373.0;-3.29;5.64;-7.14;9.6753966327;
23;2853.0;1836.0;-3.65;5.47;-7.11;9.6848076904;
23;2958.0;2489.0;-4.32;5.03;-7.55;10.0481739635;
23;3373.0;2701.0;-4.25;4.85;-7.63;9.99009008968;
23;3136.0;2364.0;-4.45;4.72;-7.71;10.0759614926;
23;3141.0;2408.0;-4.34;4.23;-7.6;9.72051953344;
23;2882.0;2223.0;-4.83;3.68;-8.22;10.2195743551;
23;3453.0;3138.0;-5.2;3.46;-8.02;10.1652348719;
23;3112.0;2368.0;-5.34;3.22;-7.79;9.97838163231;
23;3001.0;1995.0;-4.88;3.39;-8.28;10.1914130522;
23;3017.0;2107.0;-4.4;2.79;-8.48;9.9526127223;
23;2844.0;1822.0;-3.05;3.42;-9.11;10.1975977563;
23;3389.0;2735.0;-2.9;3.42;-9.1;10.1447720526;
23;3360.0;2779.0;-2.31;3.07;-8.45;9.28242963884;
23;3472.0;3401.0;-3.58;2.35;-8.29;9.33075559641;
23;3254.0;2413.0;-4.48;2.08;-8.9;10.178742555;
23;3306.0;2598.0;-4.14;3.44;-10.79;12.0580802784;
23;3138.0;2207.0;-3.34;2.61;-8.81;9.77669678368;
23;3138.0;2438.0;-3.65;2.35;-9.01;10.0012549213;
23;3338.0;3524.0;-3.53;2.35;-8.93;9.88576248956;
23;3435.0;3094.0;-2.94;2.43;-9.0;9.77489130374;
23;3100.0;2371.0;-1.68;3.07;-9.82;10.4249556354;
23;2912.0;2346.0;-1.7;3.12;-10.24;10.8389113845;
23;3104.0;2956.0;-1.7;3.07;-10.28;10.8624720943;
23;2857.0;2084.0;-1.08;2.99;-9.72;10.2266759018;
23;3133.0;2315.0;-1.48;2.45;-9.61;10.0272129727;
23;3117.0;2992.0;-2.12;1.77;-9.18;9.58643312187;
23;3461.0;3338.0;-3.31;0.25;-9.26;9.83698124426;
23;3103.0;2942.0;-1.92;1.02;-8.96;9.22;
23;3387.0;2163.0;-1.65;1.02;-8.91;9.11871701502;
23;3200.0;2459.0;-1.51;2.26;-8.64;9.05744445194;
23;2914.0;1923.0;-1.59;0.89;-9.12;9.30024730854;
23;3488.0;2697.0;-1.41;1.7;-11.07;11.2881796584;
23;3312.0;2314.0;-1.67;1.39;-11.72;11.9197063722;
23;3053.0;2140.0;0.43;2.67;-10.47;10.8136349115;
23;3259.0;2462.0;-0.74;1.4;-10.2;10.3221896902;
23;3113.0;2399.0;-0.83;1.25;-10.13;10.2405224476;
23;3103.0;2192.0;-0.93;1.07;-10.16;10.2584306792;
23;3341.0;3535.0;-1.37;0.5;-10.28;10.3829331116;
23;2835.0;1993.0;-1.4;0.24;-9.75;9.85292342404;
23;3491.0;3428.0;-1.35;0.3;-9.79;9.88719373736;
23;3043.0;2225.0;-1.17;0.69;-9.64;9.73522470208;
23;3366.0;2726.0;-1.04;0.91;-9.63;9.72864841589;
23;3033.0;2224.0;0.0;1.63;-10.37;10.4973234684;
23;2951.0;2459.0;0.28;2.07;-9.57;9.79531520677;
23;3281.0;2480.0;0.3;2.05;-9.58;9.80147437889;
23;3393.0;3614.0;0.45;1.01;-9.89;9.9516179589;
23;3109.0;2960.0;-0.07;0.63;-9.91;9.93025175914;
23;3007.0;2129.0;-0.37;0.68;-9.57;9.60126033394;
23;3127.0;2438.0;-0.7;0.86;-9.21;9.27651335363;
23;3119.0;2404.0;-1.91;1.45;-8.34;8.67791449601;
23;3178.0;2244.0;-0.28;0.76;-10.03;10.0626487567;
23;3170.0;3216.0;0.76;0.46;-10.66;10.6969528371;
23;3416.0;3610.0;1.05;0.48;-10.8;10.861533041;
23;3167.0;2320.0;1.61;1.54;-9.55;9.8064366617;
23;3274.0;3351.0;-0.24;1.87;-10.48;10.6482345955;
23;3006.0;2119.0;-0.76;1.84;-10.44;10.6281136614;
23;3068.0;2292.0;-1.36;1.79;-10.15;10.3959703732;
23;3132.0;2376.0;-1.96;1.34;-10.02;10.2974559965;
23;3297.0;2566.0;-0.36;-0.5;-8.76;8.78163993796;
23;3127.0;2433.0;-0.05;-0.51;-8.79;8.80492475834;
23;3107.0;2279.0;0.45;-0.42;-8.99;9.01104877359;
23;2985.0;1981.0;0.91;-0.18;-9.27;9.31629754785;
23;2920.0;2466.0;2.2;1.56;-9.84;10.2029015481;
23;3086.0;2338.0;1.2;2.7;-9.95;10.3794267664;
23;3192.0;2467.0;0.38;3.04;-9.18;9.67772700586;
23;2962.0;2476.0;-0.96;0.85;-11.39;11.4619457336;
23;3135.0;2449.0;-1.9;-0.66;-11.0;11.1823789955;
23;3127.0;2994.0;-1.77;-0.88;-11.04;11.2155650772;
23;3377.0;3554.0;-1.77;-1.01;-10.82;11.0102406877;
23;3149.0;2460.0;0.31;0.06;-9.69;9.69514311395;
23;3100.0;2371.0;1.61;1.27;-10.01;10.2178813851;
23;2989.0;2581.0;2.05;1.54;-10.34;10.6531544624;
23;3004.0;2025.0;2.51;1.84;-10.5;10.9515158768;
23;3297.0;3399.0;2.77;2.47;-9.94;10.6102497614;
23;3089.0;2869.0;-0.37;1.28;-11.23;11.308766511;
23;3353.0;2687.0;-0.59;1.1;-11.34;11.4084924508;
23;3474.0;3537.0;-1.4;0.45;-11.19;11.286212828;
23;2864.0;1835.0;-1.74;0.26;-11.0;11.1398025117;
23;3360.0;3487.0;-0.97;-0.94;-9.89;9.98181346249;
23;3103.0;2354.0;-0.73;-0.86;-10.11;10.1727380778;
23;2838.0;1858.0;-0.2;-0.54;-10.07;10.0864513086;
23;2887.0;2147.0;0.17;-0.08;-9.88;9.88178627577;
23;3165.0;2438.0;2.04;1.87;-10.07;10.4433423768;
23;3340.0;2717.0;2.18;2.96;-9.09;9.80520779994;
23;3100.0;2352.0;2.12;3.01;-9.14;9.85363384747;
23;3175.0;2450.0;2.26;3.0;-9.26;9.99275737722;
23;3274.0;3321.0;2.07;2.2;-10.55;10.9739418624;
23;3023.0;2062.0;-1.29;-0.51;-10.87;10.9581522165;
23;3380.0;3533.0;-1.53;-0.72;-10.62;10.753776081;
23;3053.0;2241.0;-1.62;-0.59;-10.25;10.3939886473;
23;3446.0;3248.0;-1.85;-1.16;-9.8;10.0403237;
23;3026.0;2199.0;-0.41;-1.34;-9.77;9.86998480242;
23;3460.0;3346.0;1.65;0.08;-10.11;10.2440714562;
23;3120.0;2388.0;1.72;0.81;-9.58;9.76682650609;
23;3088.0;2260.0;1.65;1.17;-9.55;9.76185945402;
24;3083.0;2324.0;1.88;2.03;-10.15;10.5203517051;
24;3099.0;2906.0;-0.66;3.32;-11.49;11.9782344275;
24;3213.0;2348.0;-0.74;3.18;-11.61;12.0603523995;
24;3478.0;3453.0;-0.5;0.19;-11.34;11.35260763;
24;3404.0;3556.0;0.35;-1.32;-10.1;10.1919036495;
24;3072.0;2300.0;0.41;-1.5;-9.9;10.0213821402;
24;3092.0;2357.0;1.5;-1.5;-8.43;8.69280737161;
24;3100.0;2371.0;1.4;-0.13;-9.38;9.4847930921;
24;3252.0;1845.0;1.05;0.81;-9.68;9.77041452549;
24;2914.0;2306.0;-0.67;3.35;-10.54;11.0798465693;
24;3096.0;2894.0;-1.09;3.57;-10.75;11.3796089564;
24;3040.0;2118.0;-0.68;3.01;-10.95;11.3765108887;
24;3054.0;2277.0;0.87;0.02;-11.04;11.0742448953;
24;3461.0;3381.0;1.77;-2.03;-9.45;9.8263065289;
24;3086.0;2325.0;1.8;-2.03;-9.2;9.59170996225;
24;3138.0;2439.0;1.6;-2.01;-8.52;8.89890442695;
24;2921.0;2327.0;1.12;-1.47;-7.69;7.90894430376;
24;3029.0;2075.0;-0.88;2.65;-10.64;11.0002954506;
24;3465.0;3607.0;-1.08;3.13;-10.83;11.3248487849;
24;3130.0;2381.0;-1.21;3.29;-10.99;11.5355233951;
23;3102.0;2364.0;-0.69;2.99;-11.27;11.6802868115;
23;3484.0;3485.0;0.94;0.06;-10.52;10.5620831279;
23;3078.0;2295.0;1.53;-0.78;-10.38;10.5211073562;
23;3111.0;2389.0;1.15;-1.36;-7.95;8.14706081971;
23;3438.0;2165.0;-0.04;0.52;-9.61;9.62414152016;
23;3413.0;2873.0;-0.22;0.77;-9.7;9.73300056509;
23;3424.0;3048.0;-0.4;1.04;-9.79;9.85320759956;
23;3018.0;2178.0;0.08;2.03;-12.63;12.792349276;
23;2863.0;2114.0;0.25;1.91;-12.48;12.6277868211;
23;3464.0;3566.0;0.5;1.48;-11.44;11.5461681956;
23;3013.0;2133.0;0.51;1.41;-10.91;11.0125519295;
23;3132.0;2364.0;0.52;1.31;-10.3;10.3959848018;
23;3077.0;2214.0;0.65;1.06;-9.24;9.32328804661;
23;3121.0;2990.0;0.91;0.65;-8.85;8.92037555263;
23;3173.0;2260.0;1.56;-0.12;-9.28;9.41097231959;
23;3019.0;2117.0;1.35;-0.4;-7.92;8.04418423459;
23;3465.0;3388.0;0.22;0.41;-10.1;10.1107121411;
23;3046.0;2135.0;0.1;0.58;-10.36;10.3767046792;
23;3137.0;2454.0;-0.42;1.01;-10.76;10.8154565322;
23;3091.0;2264.0;-0.67;1.21;-10.78;10.8683669426;
23;3009.0;2640.0;-1.15;2.04;-10.67;10.9239644818;
23;2934.0;1835.0;0.32;1.04;-10.25;10.3075942877;
23;2994.0;2019.0;0.68;0.75;-10.19;10.2401660143;
23;2931.0;2377.0;1.34;0.17;-9.08;9.17991830029;
23;3268.0;2482.0;0.52;0.57;-9.76;9.79044942789;
23;3116.0;2397.0;0.35;0.71;-9.72;9.75217924364;
23;3254.0;2062.0;-0.69;1.41;-9.87;9.9940532318;
23;3075.0;2222.0;-0.14;1.09;-9.96;10.0204441019;
23;3071.0;2279.0;0.07;0.96;-10.06;10.1059437956;
23;3138.0;2454.0;0.33;0.79;-10.21;10.2458332994;
23;3090.0;2343.0;0.48;0.75;-9.62;9.66112312312;
23;3031.0;2119.0;0.39;0.83;-10.04;10.081795475;
23;3032.0;2134.0;0.2;0.92;-10.02;10.0641343393;
23;3421.0;3604.0;0.07;0.97;-9.84;9.88794215193;
23;3456.0;3249.0;0.02;0.99;-9.79;9.83994918686;
23;3121.0;2341.0;-0.06;0.89;-9.45;9.49200716392;
23;3097.0;2317.0;0.12;0.8;-9.7;9.73367351004;
23;2932.0;2402.0;0.12;0.83;-9.75;9.78600020437;
23;3455.0;3275.0;0.13;0.79;-9.79;9.82268293289;
23;3478.0;3569.0;0.38;0.79;-10.24;10.2774559109;
23;2821.0;1841.0;0.06;1.2;-9.79;9.86345274232;
23;3478.0;3567.0;0.08;1.2;-9.76;9.83381919704;
23;3030.0;2179.0;0.08;1.14;-9.85;9.91607281135;
23;3491.0;3510.0;0.03;1.07;-9.59;9.64955439386;
23;2916.0;2368.0;0.18;0.69;-9.98;10.0054435184;
23;2998.0;2025.0;0.15;0.66;-10.01;10.0328560241;
23;3097.0;2914.0;0.04;0.7;-9.79;9.8150751398;
23;3069.0;2153.0;0.05;0.79;-9.75;9.78208055579;
24;2997.0;2060.0;0.04;0.93;-9.64;9.6848386667;
24;3040.0;2236.0;0.15;1.14;-9.83;9.89701975344;
24;2843.0;1876.0;0.18;1.11;-10.0;10.0630263837;
24;3491.0;3531.0;0.2;1.11;-10.08;10.1429039234;
24;3456.0;3263.0;0.06;1.0;-9.31;9.36374390936;
24;3154.0;3085.0;0.46;0.58;-10.19;10.2168537231;
24;3435.0;2817.0;0.45;0.58;-10.09;10.1166694124;
24;3016.0;2113.0;0.38;0.65;-9.91;9.93856126409;
24;3363.0;2755.0;0.11;1.05;-9.25;9.31005370554;
24;3126.0;2214.0;0.02;1.18;-9.88;9.9502361781;
24;3100.0;2289.0;0.0;1.16;-9.84;9.90813806928;
24;3041.0;2142.0;0.01;1.21;-9.85;9.9240465537;
24;3494.0;3516.0;0.28;1.11;-9.98;10.0454417524;
24;2814.0;1891.0;0.61;0.54;-10.14;10.1726741814;
24;3373.0;2788.0;0.53;0.55;-9.99;10.0191566511;
24;3059.0;2272.0;0.48;0.66;-9.75;9.78409423503;
24;3217.0;2437.0;0.36;0.79;-9.39;9.43004771992;
24;3078.0;2324.0;-0.13;0.99;-8.65;8.70743934805;
24;2912.0;1900.0;1.47;0.06;-12.09;12.179187165;
24;3157.0;2470.0;1.39;0.39;-10.18;10.2818578088;
24;2838.0;1836.0;0.71;1.15;-7.18;7.30609334734;
24;3297.0;3366.0;0.17;1.83;-5.49;5.78946456937;
24;3152.0;2773.0;2.89;-2.59;-12.74;13.3179502927;
24;3148.0;2280.0;2.91;-2.75;-13.32;13.9087382605;
24;3125.0;2358.0;0.74;-1.14;-10.68;10.7661320817;
24;3150.0;2507.0;0.92;-1.2;-7.23;7.38642674099;
24;3209.0;3020.0;0.92;-1.2;-7.23;7.38642674099;
24;3246.0;3149.0;1.09;-2.57;-6.1;6.70842753557;
24;3092.0;2247.0;2.26;-4.47;-13.32;14.2306324526;
24;3445.0;3347.0;1.88;-3.56;-11.14;11.8451509066;
24;3272.0;2479.0;1.25;-2.75;-9.34;9.81634351477;
24;3130.0;2442.0;-1.0;-0.92;-6.51;6.65030074508;
24;3133.0;2466.0;-0.82;0.19;-8.17;8.21324539996;
24;3082.0;2287.0;0.08;-0.13;-9.42;9.42123664919;
24;3149.0;2458.0;0.07;-0.26;-10.15;10.1535708005;
24;3172.0;2456.0;0.13;-0.99;-11.42;11.4635683799;
24;3228.0;2231.0;1.13;-2.15;-10.48;10.7577785811;
24;3070.0;2218.0;-0.35;-0.94;-6.86;6.93294309799;
24;3194.0;2550.0;-0.8;-0.6;-5.9;5.98414572015;
24;3113.0;2322.0;-1.34;-0.38;-10.19;10.2847508477;
24;3169.0;2476.0;-0.68;-0.69;-14.0;14.0334778298;
24;3134.0;2404.0;-0.76;-0.71;-14.19;14.2280638177;
24;3122.0;2384.0;-1.16;2.54;-8.85;9.28007004284;
24;3103.0;2336.0;0.73;0.38;-10.19;10.2231795445;
24;3214.0;2510.0;0.26;0.14;-8.81;8.81494753246;
24;3129.0;2362.0;-0.87;-1.45;-5.4;5.65856872363;
24;3086.0;2227.0;-3.33;-0.29;-8.58;9.20811598537;
24;3247.0;2545.0;-2.1;1.5;-13.03;13.2831058115;
24;3433.0;2325.0;-0.36;4.5;-15.3;15.9521033096;
24;3144.0;2415.0;-2.12;3.0;-6.57;7.52723720896;
24;2854.0;2065.0;-2.27;3.99;-7.3;8.62339840202;
24;3373.0;2751.0;-3.27;3.96;-6.15;8.0123030397;
24;3045.0;2236.0;-1.22;6.42;-6.58;9.27368319493;
24;3105.0;2358.0;-0.62;7.36;-7.79;10.7349010242;
24;3094.0;2263.0;-2.19;5.03;-8.23;9.89089985795;
24;3071.0;2330.0;-4.3;2.0;-8.19;9.46393681298;
24;3101.0;2356.0;-4.49;0.96;-8.12;9.32824206375;
24;3042.0;2284.0;-5.42;1.77;-7.48;9.40530169638;
24;3090.0;2325.0;-2.33;5.77;-8.16;10.2619393879;
24;3094.0;2340.0;-3.78;4.09;-7.94;9.69845864042;
24;3121.0;2372.0;-3.42;4.45;-8.08;9.83795202265;
24;3147.0;2398.0;-3.33;4.52;-7.98;9.75703336061;
24;3116.0;2365.0;-3.94;3.99;-8.03;9.79411047518;
24;3113.0;2356.0;-3.65;4.3;-7.97;9.76388242453;
24;3172.0;2393.0;-3.8;4.15;-8.02;9.79708630155;
24;3193.0;2366.0;-3.89;4.07;-7.95;9.74163743936;
24;3132.0;2359.0;-3.8;4.15;-8.01;9.78890187917;
24;3107.0;2352.0;-3.72;4.17;-7.92;9.69297168055;
24;3148.0;2401.0;-3.73;4.25;-7.88;9.698958707;
24;3144.0;2396.0;-3.76;4.17;-7.94;9.72471593415;
24;3113.0;2360.0;-3.86;4.15;-7.93;9.74715343062;
24;3125.0;2373.0;-3.76;4.09;-8.1;9.82220443689;
24;3117.0;2358.0;-3.89;4.14;-8.03;9.83628995099;
24;3132.0;2358.0;-3.72;4.07;-7.84;9.58482655033;
24;3110.0;2353.0;-3.78;4.15;-8.06;9.82214335061;
24;3130.0;2383.0;-3.75;4.17;-8.04;9.80270370867;
24;3134.0;2383.0;-3.82;4.15;-8.07;9.84580113551;
24;3115.0;2364.0;-3.78;4.11;-7.93;9.69873187587;
24;3296.0;2365.0;-3.79;4.13;-7.91;9.69479757396;
24;3129.0;2375.0;-3.81;4.1;-8.0;9.76350859067;
24;3106.0;2354.0;-3.8;4.14;-7.91;9.70297377096;
24;3133.0;2387.0;-3.84;4.15;-7.97;9.77184731768;
24;3124.0;2363.0;-3.78;4.15;-8.05;9.81393906645;
24;3131.0;2370.0;-3.77;4.2;-8.07;9.84773070306;
24;3120.0;2371.0;-3.74;4.16;-7.95;9.72088987696;
24;3116.0;2368.0;-3.75;4.17;-7.97;9.74537326119;
24;3114.0;2358.0;-3.88;4.23;-7.98;9.82993896217;
24;3123.0;2378.0;-3.9;4.1;-7.99;9.79081712627;
24;3120.0;2373.0;-3.9;4.11;-7.91;9.72986125286;
24;3111.0;2352.0;-3.91;4.16;-7.99;9.82007128284;
24;3137.0;2389.0;-3.89;4.16;-8.12;9.91827101868;
24;3174.0;2383.0;-3.73;4.17;-8.08;9.82792958868;
24;3111.0;2363.0;-3.84;4.04;-8.06;9.799530601;
24;3137.0;2384.0;-3.92;4.13;-7.98;9.80324946128;
24;3127.0;2368.0;-3.95;4.14;-7.88;9.73840335989;
24;3134.0;2381.0;-3.87;4.14;-8.06;9.85292342404;
24;3115.0;2352.0;-3.84;4.17;-7.97;9.78035786666;
24;3136.0;2389.0;-3.81;4.12;-7.93;9.71470020124;
24;3121.0;2374.0;-3.88;4.07;-8.06;9.82765994528;
24;3118.0;2373.0;-3.87;4.13;-7.96;9.76705687503;
24;3115.0;2355.0;-3.91;4.09;-7.98;9.78246390231;
24;3132.0;2380.0;-3.89;4.1;-8.08;9.86045130813;
24;3184.0;2389.0;-3.88;4.14;-7.99;9.79969897497;
24;3272.0;2373.0;-3.86;4.15;-8.01;9.8123493619;
24;3128.0;2388.0;-3.89;4.14;-8.01;9.81996945005;
24;3122.0;2362.0;-3.88;4.14;-7.99;9.79969897497;
24;3120.0;2370.0;-3.88;4.15;-8.01;9.82023421309;
24;3130.0;2373.0;-3.87;4.07;-8.0;9.77454858293;
24;3114.0;2352.0;-3.88;4.11;-7.96;9.76258674737;
24;3118.0;2352.0;-3.93;4.09;-7.96;9.77418027253;
24;3128.0;2369.0;-3.89;4.1;-8.04;9.82770064664;
24;3119.0;2367.0;-3.92;4.08;-7.96;9.76598177348;
24;3112.0;2354.0;-3.91;4.1;-8.08;9.86835852612;
24;3130.0;2376.0;-3.91;4.13;-8.04;9.84817749637;
24;3124.0;2367.0;-3.89;4.13;-8.01;9.81575773947;
24;3145.0;2402.0;-3.89;4.14;-8.0;9.81181430725;
24;3120.0;2365.0;-3.89;4.06;-8.07;9.83567994599;
24;3123.0;2373.0;-3.88;4.07;-7.99;9.77033264531;
24;3109.0;2346.0;-3.87;4.12;-8.07;9.85272551125;
24;3136.0;2391.0;-3.91;4.14;-8.09;9.89321990052;
24;3123.0;2375.0;-3.93;4.11;-7.99;9.80699240338;
24;3121.0;2369.0;-3.86;4.09;-8.01;9.78712419457;
24;3130.0;2369.0;-3.89;4.16;-8.02;9.83656952398;
24;3101.0;2351.0;-3.89;4.11;-7.93;9.74213015721;
24;3117.0;2348.0;-3.9;4.15;-7.99;9.81186017022;
24;3145.0;2400.0;-3.88;4.12;-8.05;9.84028962988;
24;3114.0;2365.0;-3.87;4.14;-7.97;9.77943761164;
24;3158.0;2372.0;-3.91;4.1;-7.97;9.778496817;
24;3124.0;2369.0;-3.94;4.07;-8.01;9.81063708431;
24;3124.0;2373.0;-3.92;4.06;-8.06;9.83939022501;
24;3139.0;2368.0;-3.9;4.16;-7.98;9.80795595422;
24;3105.0;2357.0;-3.89;4.06;-8.03;9.80288732976;
24;3125.0;2359.0;-3.85;4.11;-7.98;9.76703639801;
24;3176.0;2393.0;-3.89;4.12;-7.99;9.79523353474;
24;3124.0;2368.0;-3.92;4.14;-8.09;9.897176365;
24;3137.0;2384.0;-3.93;4.11;-7.98;9.79884687093;
24;3121.0;2368.0;-3.93;4.09;-8.03;9.83127153526;
24;3126.0;2370.0;-3.88;4.15;-8.05;9.85288790152;
24;3153.0;2374.0;-3.84;4.14;-8.02;9.80844534062;
24;3128.0;2371.0;-3.9;4.12;-8.05;9.8481927276;
24;3116.0;2368.0;-3.85;4.07;-7.95;9.72573390547;
24;3128.0;2375.0;-3.9;4.1;-7.95;9.75820167859;
24;3129.0;2366.0;-3.91;4.07;-8.08;9.85593222379;
24;3122.0;2350.0;-3.96;4.13;-8.08;9.90075249665;
23;3109.0;2350.0;-3.9;4.04;-8.03;9.79859683832;
23;3128.0;2365.0;-3.88;4.09;-8.02;9.80320865839;
23;3143.0;2356.0;-3.89;4.1;-8.02;9.81134547348;
23;3140.0;2392.0;-3.86;4.08;-7.97;9.75022563841;
23;3115.0;2353.0;-3.88;4.09;-7.98;9.77051175732;
23;3120.0;2360.0;-3.89;4.11;-8.08;9.86461352512;
23;3130.0;2375.0;-3.88;4.1;-7.98;9.77470204149;
23;3105.0;2350.0;-3.91;4.1;-8.03;9.82746152371;
23;3126.0;2368.0;-3.89;4.05;-8.02;9.79055667467;
23;3118.0;2356.0;-3.91;4.05;-8.02;9.79852029645;
23;3146.0;2399.0;-3.87;4.07;-8.01;9.78273479146;
23;3129.0;2364.0;-3.92;4.05;-7.97;9.76164945078;
23;3128.0;2365.0;-3.92;4.09;-8.08;9.86817612328;
23;3133.0;2367.0;-3.91;4.08;-8.08;9.8600659227;
23;3128.0;2376.0;-3.88;4.02;-7.96;9.72503984568;
