24;3300.0;1322.0;-0.06;-0.01;0.01;0.0616441400297;0;-20;
24;3135.0;1321.0;-0.05;-0.04;-0.03;0.0707106781187;0;-40;
24;2966.0;1321.0;-0.03;-0.03;0.03;0.0519615242271;0;-60;
24;2959.0;1322.0;-0.02;-0.03;0.03;0.0469041575982;0;-80;
24;3008.0;1322.0;-0.02;-0.06;0.08;0.101980390272;0;-100;
24;2864.0;1321.0;-0.06;0.01;-0.1;0.117046999107;0;-120;
24;2858.0;1321.0;-0.04;-0.02;-0.01;0.0458257569496;0;-140;
24;2870.0;1321.0;-0.01;0.0;0.03;0.0316227766017;0;-160;
24;2832.0;1323.0;-0.05;0.01;0.0;0.0509901951359;0;-180;
24;2867.0;1323.0;-0.04;-0.01;-0.03;0.0509901951359;0;-200;
24;3175.0;1322.0;-0.04;0.0;0.03;0.05;0;-220;
24;3164.0;1322.0;-0.04;-0.02;-0.05;0.067082039325;0;-240;
24;3031.0;1321.0;-0.06;-0.07;-0.01;0.092736184955;0;-260;
24;2779.0;1320.0;-0.05;0.02;-0.05;0.0734846922835;0;-280;
24;2945.0;1321.0;-0.04;-0.02;-0.06;0.0748331477355;0;-300;
24;2873.0;1321.0;-0.08;0.01;-0.08;0.113578166916;0;-320;
24;2762.0;1322.0;-0.05;0.02;-0.01;0.0547722557505;0;-340;
24;3193.0;1323.0;-0.06;-0.01;0.02;0.0640312423743;0;-360;
24;3104.0;1322.0;-0.05;-0.06;0.03;0.0836660026534;0;-380;
24;2829.0;1322.0;-0.05;-0.03;0.05;0.0768114574787;0;-400;
24;3165.0;1321.0;-0.04;-0.01;-0.03;0.0509901951359;0;-420;
24;3091.0;1322.0;-0.07;-0.02;-0.06;0.0943398113206;0;-440;
24;2815.0;1321.0;-0.06;0.03;0.0;0.067082039325;0;-460;
24;3190.0;1322.0;-0.04;0.0;0.02;0.04472135955;0;-480;
24;3194.0;1322.0;-0.03;-0.04;0.02;0.0538516480713;0;-500;
24;2826.0;1322.0;-0.03;-0.04;0.02;0.0538516480713;0;-520;
24;3140.0;1321.0;-0.02;-0.01;0.06;0.0640312423743;0;-540;
24;2892.0;1322.0;-0.08;0.0;0.04;0.0894427191;0;-560;
24;2945.0;1321.0;-0.03;-0.03;0.06;0.0734846922835;0;-580;
24;2740.0;1321.0;-0.03;0.0;-0.04;0.05;0;-600;
24;2774.0;1322.0;-0.04;-0.03;-0.06;0.0781024967591;0;-620;
24;3188.0;1322.0;-0.04;-0.02;0.0;0.04472135955;0;-640;
24;2721.0;1321.0;-0.03;-0.02;0.07;0.0787400787401;0;-660;
24;2833.0;1321.0;-0.07;0.0;0.03;0.0761577310586;0;-680;
24;2954.0;1322.0;-0.04;0.01;0.0;0.0412310562562;0;-700;
24;2950.0;1322.0;0.01;-0.02;0.0;0.022360679775;0;-720;
24;3122.0;1322.0;0.0;-0.02;-0.06;0.0632455532034;0;-740;
24;3030.0;1321.0;-0.02;-0.03;-0.01;0.0374165738677;0;-760;
24;2825.0;1321.0;-0.04;0.01;-0.11;0.117473401245;0;-780;
24;3090.0;1321.0;-0.05;-0.04;0.04;0.0754983443527;0;-800;
24;3193.0;1323.0;-0.02;0.0;-0.09;0.0921954445729;0;-820;
24;2859.0;1322.0;-0.05;0.03;0.09;0.107238052948;0;-840;
24;3160.0;1322.0;-0.03;0.0;0.06;0.067082039325;0;-860;
24;3011.0;1322.0;-0.04;-0.03;0.03;0.0583095189485;0;-880;
24;2776.0;1321.0;-0.06;-0.04;0.06;0.0938083151965;0;-900;
24;2803.0;1322.0;-0.02;-0.02;-0.01;0.03;0;-920;
24;2837.0;1322.0;0.0;-0.09;-0.03;0.0948683298051;0;-940;
24;2821.0;1321.0;-0.04;0.01;-0.06;0.0728010988928;0;-960;
24;3197.0;1323.0;-0.01;-0.04;-0.02;0.0458257569496;0;-980;
24;2802.0;1322.0;-0.06;0.01;-0.08;0.100498756211;0;-1000;
24;3214.0;1323.0;-0.02;-0.07;0.06;0.0943398113206;0;-1020;
24;2832.0;1321.0;-0.02;-0.03;0.06;0.07;0;-1040;
24;3306.0;1320.0;-0.02;-0.01;-0.22;0.221133443875;0;-1060;
24;3096.0;1321.0;-0.05;0.03;-0.21;0.217944947177;0;-1080;
24;3068.0;1321.0;-0.04;-0.01;-0.06;0.0728010988928;0;-1100;
24;3198.0;1321.0;-0.01;-0.04;0.07;0.0812403840464;0;-1120;
24;2890.0;1321.0;-0.04;0.01;0.01;0.0424264068712;0;-1140;
24;3190.0;1322.0;-0.02;-0.02;-0.06;0.0663324958071;0;-1160;
24;2784.0;1322.0;0.03;-0.04;0.02;0.0538516480713;0;-1180;
24;2841.0;1321.0;-0.01;0.01;0.0;0.0141421356237;0;-1200;
24;2843.0;1322.0;-0.03;-0.02;-0.05;0.0616441400297;0;-1220;
24;3109.0;1323.0;-0.04;-0.05;0.01;0.0648074069841;0;-1240;
24;2874.0;1321.0;-0.04;-0.05;0.01;0.0648074069841;0;-1260;
24;2919.0;1321.0;0.0;-0.02;0.02;0.0282842712475;0;-1280;
24;2823.0;1322.0;-0.06;0.0;0.0;0.06;0;-1300;
24;3226.0;1324.0;0.0;0.0;0.01;0.01;0;-1320;
24;3231.0;1323.0;0.02;-0.08;-0.07;0.108166538264;0;-1340;
24;3196.0;1323.0;0.0;-0.01;-0.11;0.110453610172;0;-1360;
24;3242.0;1321.0;-0.04;0.0;0.01;0.0412310562562;0;-1380;
24;2806.0;1322.0;-0.06;0.03;0.04;0.0781024967591;0;-1400;
24;2914.0;1321.0;0.0;-0.01;0.09;0.0905538513814;0;-1420;
24;2940.0;1322.0;-0.04;0.04;-0.11;0.123693168769;0;-1440;
24;3077.0;1322.0;-0.01;0.0;0.06;0.060827625303;0;-1460;
24;3409.0;1321.0;-0.04;0.0;-0.1;0.107703296143;0;-1480;
24;2869.0;1322.0;-0.03;-0.04;-0.06;0.0781024967591;0;-1500;
24;3157.0;1323.0;-0.07;0.0;-0.06;0.0921954445729;0;-1520;
24;3067.0;1323.0;-0.04;-0.03;-0.02;0.0538516480713;0;-1540;
24;2942.0;1322.0;-0.03;-0.06;0.08;0.104403065089;0;-1560;
24;2737.0;1322.0;-0.04;0.0;0.02;0.04472135955;0;-1580;
24;2820.0;1322.0;-0.06;-0.03;0.13;0.146287388383;0;-1600;
24;2777.0;1322.0;-0.05;-0.04;0.14;0.153948043183;0;-1620;
24;3222.0;1321.0;-0.01;-0.01;0.09;0.0911043357914;0;-1640;
24;2992.0;1322.0;0.0;0.0;-0.11;0.11;0;-1660;
24;2767.0;1322.0;-0.02;0.0;-0.03;0.0360555127546;0;-1680;
24;2823.0;1321.0;-0.01;0.0;0.03;0.0316227766017;0;-1700;
24;3201.0;1324.0;-0.05;-0.02;0.03;0.0616441400297;0;-1720;
24;2826.0;1322.0;0.01;-0.04;0.0;0.0412310562562;0;-1740;
24;3204.0;1323.0;0.0;-0.02;0.04;0.04472135955;0;-1760;
24;2844.0;1322.0;-0.05;-0.02;0.01;0.0547722557505;0;-1780;
24;3139.0;1322.0;-0.04;-0.03;-0.04;0.0640312423743;0;-1800;
24;2843.0;1322.0;-0.03;-0.02;-0.05;0.0616441400297;0;-1820;
24;2760.0;1321.0;-0.02;-0.03;0.01;0.0374165738677;0;-1840;
24;2833.0;1321.0;-0.05;-0.03;0.01;0.059160797831;0;-1860;
24;3169.0;1323.0;-0.04;-0.04;0.04;0.0692820323028;0;-1880;
24;3161.0;1321.0;-0.04;0.0;0.07;0.080622577483;0;-1900;
24;3212.0;1321.0;-0.03;-0.01;0.09;0.0953939201417;0;-1920;
24;3096.0;1322.0;-0.04;-0.06;0.1;0.123288280059;0;-1940;
24;3061.0;1321.0;0.0;0.0;-0.02;0.02;0;-1960;
24;2786.0;1323.0;-0.03;-0.02;0.04;0.0538516480713;0;-1980;
24;2820.0;1320.0;-0.07;-0.02;0.03;0.0787400787401;0;-2000;
24;3095.0;1322.0;-0.05;-0.02;0.02;0.0574456264654;0;-2020;
24;2828.0;1321.0;-0.04;-0.01;-0.05;0.0648074069841;0;-2040;
24;2838.0;1321.0;-0.07;-0.03;-0.04;0.0860232526704;0;-2060;
24;2796.0;1321.0;-0.05;-0.02;0.0;0.0538516480713;0;-2080;
24;3207.0;1322.0;-0.03;0.0;-0.02;0.0360555127546;0;-2100;
24;2866.0;1323.0;0.0;-0.03;0.04;0.05;0;-2120;
24;2960.0;1322.0;-0.03;0.0;0.04;0.05;0;-2140;
24;2947.0;1322.0;-0.03;0.0;0.0;0.03;0;-2160;
24;2777.0;1322.0;-0.03;-0.01;-0.05;0.059160797831;0;-2180;
24;2817.0;1320.0;-0.04;-0.03;-0.08;0.0943398113206;0;-2200;
24;3179.0;1323.0;-0.03;-0.03;0.04;0.0583095189485;0;-2220;
24;2867.0;1321.0;-0.04;-0.02;0.06;0.0748331477355;0;-2240;
24;2884.0;1322.0;-0.05;-0.05;0.05;0.0866025403784;0;-2260;
24;2731.0;1321.0;-0.06;0.02;0.01;0.0640312423743;0;-2280;
24;3246.0;1323.0;0.0;-0.05;0.06;0.0781024967591;0;-2300;
24;2900.0;1322.0;-0.05;-0.01;-0.04;0.0648074069841;0;-2320;
24;3105.0;1322.0;-0.01;-0.04;-0.01;0.0424264068712;0;-2340;
24;2783.0;1321.0;-0.03;0.0;0.02;0.0360555127546;0;-2360;
24;2956.0;1321.0;-0.04;0.0;0.0;0.04;0;-2380;
24;2873.0;1322.0;-0.01;0.0;-0.1;0.100498756211;0;-2400;
24;3228.0;1321.0;-0.07;0.0;-0.02;0.0728010988928;0;-2420;
24;3227.0;1322.0;-0.04;-0.06;0.09;0.115325625947;0;-2440;
24;3151.0;1321.0;0.0;-0.01;-0.05;0.0509901951359;0;-2460;
24;2862.0;1321.0;-0.02;0.01;-0.14;0.141774468788;0;-2480;
24;3125.0;1320.0;-0.02;0.01;-0.12;0.122065556157;0;-2500;
24;2952.0;1322.0;-0.02;-0.01;0.0;0.022360679775;0;-2520;
24;3083.0;1323.0;-0.03;0.01;0.0;0.0316227766017;0;-2540;
24;2813.0;1321.0;-0.01;0.01;0.04;0.0424264068712;0;-2560;
24;3183.0;1323.0;-0.01;-0.02;0.0;0.022360679775;0;-2580;
24;2995.0;1322.0;-0.08;0.0;-0.07;0.106301458127;0;-2600;
24;2876.0;1321.0;-0.04;-0.02;0.04;0.06;0;-2620;
24;2892.0;1322.0;-0.05;-0.02;0.0;0.0538516480713;0;-2640;
24;2752.0;1322.0;0.0;-0.07;0.0;0.07;0;-2660;
24;2875.0;1320.0;-0.01;-0.04;-0.02;0.0458257569496;0;-2680;
24;2762.0;1322.0;-0.06;-0.02;0.0;0.0632455532034;0;-2700;
24;2825.0;1320.0;-0.06;0.0;0.0;0.06;0;-2720;
24;2855.0;1321.0;-0.02;0.0;0.0;0.02;0;-2740;
24;2741.0;1322.0;0.0;-0.04;-0.04;0.0565685424949;0;-2760;
24;2985.0;1321.0;0.0;-0.04;-0.03;0.05;0;-2780;
24;3082.0;1323.0;-0.01;-0.02;-0.07;0.0734846922835;0;-2800;
24;2867.0;1322.0;-0.02;0.0;-0.11;0.111803398875;0;-2820;
24;2842.0;1320.0;-0.01;-0.04;0.01;0.0424264068712;0;-2840;
24;2998.0;1322.0;-0.05;-0.01;0.03;0.059160797831;0;-2860;
24;2761.0;1322.0;-0.01;-0.01;0.02;0.0244948974278;0;-2880;
24;2737.0;1321.0;-0.04;0.01;-0.03;0.0509901951359;0;-2900;
24;3211.0;1322.0;0.01;-0.04;-0.11;0.117473401245;0;-2920;
24;3189.0;1322.0;-0.01;0.0;-0.11;0.110453610172;0;-2940;
24;2754.0;1321.0;-0.01;-0.01;0.01;0.0173205080757;0;-2960;
24;3073.0;1320.0;-0.04;0.0;0.04;0.0565685424949;0;-2980;
24;2815.0;1321.0;0.0;-0.04;0.06;0.0721110255093;0;-3000;
24;2879.0;1320.0;-0.01;-0.03;0.1;0.104880884817;0;-3020;
24;2823.0;1322.0;-0.02;0.04;0.01;0.0458257569496;0;-3040;
24;2744.0;1321.0;-0.06;0.04;-0.15;0.166433169771;0;-3060;
24;2822.0;1321.0;-0.02;0.0;-0.06;0.0632455532034;0;-3080;
24;3139.0;1322.0;-0.04;-0.01;-0.02;0.0458257569496;0;-3100;
24;3166.0;1323.0;-0.03;-0.04;0.09;0.10295630141;0;-3120;
24;2716.0;1322.0;-0.07;0.02;0.01;0.0734846922835;0;-3140;
24;2924.0;1321.0;-0.02;0.01;-0.06;0.0640312423743;0;-3160;
24;2808.0;1321.0;-0.01;0.04;-0.02;0.0458257569496;0;-3180;
24;3031.0;1322.0;-0.04;0.0;0.07;0.080622577483;0;-3200;
24;2720.0;1321.0;-0.07;0.02;-0.02;0.0754983443527;0;-3220;
24;2847.0;1322.0;0.0;0.02;0.03;0.0360555127546;0;-3240;
24;2758.0;1323.0;0.0;-0.01;-0.06;0.060827625303;0;-3260;
24;2749.0;1322.0;-0.01;-0.08;0.02;0.0830662386292;0;-3280;
24;2857.0;1321.0;-0.05;-0.04;0.06;0.0877496438739;0;-3300;
24;3102.0;1321.0;-0.08;0.01;0.0;0.080622577483;0;-3320;
24;2834.0;1322.0;-0.07;0.03;-0.02;0.0787400787401;0;-3340;
24;2728.0;1322.0;-0.05;-0.02;-0.03;0.0616441400297;0;-3360;
24;2830.0;1321.0;-0.04;0.0;0.0;0.04;0;-3380;
24;3213.0;1322.0;0.0;-0.01;0.02;0.022360679775;0;-3400;
24;3220.0;1321.0;-0.01;-0.01;-0.06;0.0616441400297;0;-3420;
24;2783.0;1321.0;-0.01;0.02;-0.1;0.10246950766;0;-3440;
24;2838.0;1321.0;0.01;0.0;-0.06;0.060827625303;0;-3460;
24;2958.0;1323.0;-0.02;0.04;-0.09;0.100498756211;0;-3480;
24;2809.0;1321.0;-0.04;-0.08;0.07;0.113578166916;0;-3500;
24;2828.0;1321.0;-0.02;-0.03;0.02;0.0412310562562;0;-3520;
24;3207.0;1322.0;-0.08;0.02;-0.04;0.0916515138991;0;-3540;
24;2857.0;1321.0;-0.02;-0.04;0.05;0.067082039325;0;-3560;
24;2865.0;1322.0;-0.05;0.05;-0.02;0.0734846922835;0;-3580;
24;2767.0;1322.0;0.01;-0.03;0.0;0.0316227766017;0;-3600;
24;2751.0;1321.0;-0.03;-0.04;0.04;0.0640312423743;0;-3620;
24;3202.0;1322.0;-0.01;0.0;-0.01;0.0141421356237;0;-3640;
24;2836.0;1320.0;0.0;-0.06;0.03;0.067082039325;0;-3660;
24;3023.0;1320.0;-0.05;0.01;-0.08;0.0948683298051;0;-3680;
24;2816.0;1321.0;-0.01;-0.05;0.01;0.0519615242271;0;-3700;
24;3044.0;1322.0;-0.03;-0.06;0.1;0.120415945788;0;-3720;
24;2984.0;1320.0;-0.04;0.05;0.0;0.0640312423743;0;-3740;
24;2761.0;1321.0;0.0;-0.07;0.05;0.0860232526704;0;-3760;
24;3112.0;1321.0;-0.04;0.01;0.0;0.0412310562562;0;-3780;
24;2851.0;1321.0;-0.08;0.01;-0.03;0.0860232526704;0;-3800;
24;3146.0;1321.0;-0.01;0.03;0.02;0.0374165738677;0;-3820;
24;2840.0;1321.0;-0.03;-0.01;0.05;0.059160797831;0;-3840;
24;3037.0;1321.0;-0.01;-0.02;0.01;0.0244948974278;0;-3860;
24;2860.0;1320.0;-0.05;0.05;-0.1;0.122474487139;0;-3880;
24;2842.0;1320.0;-0.01;0.0;-0.03;0.0316227766017;0;-3900;
24;3178.0;1320.0;-0.08;0.0;0.05;0.0943398113206;0;-3920;
24;2868.0;1321.0;-0.04;-0.01;0.08;0.09;0;-3940;
24;3050.0;1321.0;0.0;-0.02;-0.05;0.0538516480713;0;-3960;
24;2862.0;1322.0;0.0;0.0;-0.04;0.04;0;-3980;
24;2794.0;1322.0;-0.03;0.01;0.04;0.0509901951359;0;-4000;
24;3100.0;1323.0;-0.02;-0.01;-0.06;0.0640312423743;0;-4020;
24;2940.0;1321.0;0.03;-0.25;-0.04;0.25495097568;0;-4040;
24;2900.0;1322.0;-0.05;0.26;-0.11;0.286705423737;0;-4060;
24;2944.0;1322.0;-0.06;-0.08;0.17;0.197230829233;0;-4080;
24;2845.0;1323.0;-0.06;-0.05;0.08;0.111803398875;0;-4100;
24;3159.0;1322.0;-0.06;-0.05;0.08;0.111803398875;0;-4120;
24;2873.0;1322.0;0.0;-0.02;0.02;0.0282842712475;0;-4140;
24;3012.0;1321.0;-0.05;-0.03;0.02;0.0616441400297;0;-4160;
24;2813.0;1322.0;-0.01;0.03;0.01;0.0331662479036;0;-4180;
24;2894.0;1322.0;0.0;0.0;-0.07;0.07;0;-4200;
24;3236.0;1323.0;0.0;-0.01;-0.05;0.0509901951359;0;-4220;
24;3188.0;1322.0;-0.04;0.0;0.0;0.04;0;-4240;
24;3055.0;1323.0;-0.01;0.05;-0.05;0.0714142842854;0;-4260;
24;2923.0;1322.0;0.0;0.04;-0.01;0.0412310562562;0;-4280;
24;2952.0;1322.0;-0.04;0.0;-0.02;0.04472135955;0;-4300;
24;3233.0;1322.0;-0.07;0.0;-0.08;0.106301458127;0;-4320;
24;2870.0;1322.0;-0.05;-0.05;-0.02;0.0734846922835;0;-4340;
24;3183.0;1324.0;-0.08;-0.01;0.0;0.080622577483;0;-4360;
24;2834.0;1321.0;-0.05;-0.01;0.06;0.0787400787401;0;-4380;
24;3191.0;1322.0;-0.04;-0.05;0.22;0.229128784748;0;-4400;
24;2847.0;1322.0;-0.01;0.0;-0.1;0.100498756211;0;-4420;
24;2927.0;1320.0;-0.01;0.0;-0.27;0.270185121722;0;-4440;
24;3143.0;1321.0;0.04;-0.01;-0.17;0.174928556845;0;-4460;
24;2803.0;1322.0;-0.02;0.0;0.08;0.0824621125124;0;-4480;
24;3240.0;1322.0;-0.08;0.03;0.0;0.0854400374532;0;-4500;
24;3233.0;1322.0;-0.02;-0.01;0.11;0.112249721603;0;-4520;
24;3195.0;1321.0;-0.03;0.0;-0.07;0.0761577310586;0;-4540;
24;2861.0;1320.0;-0.04;-0.02;0.0;0.04472135955;0;-4560;
24;2816.0;1321.0;-0.04;0.0;0.01;0.0412310562562;0;-4580;
24;2917.0;1321.0;0.01;0.0;-0.02;0.022360679775;0;-4600;
24;3186.0;1322.0;-0.05;0.02;0.01;0.0547722557505;0;-4620;
24;3033.0;1322.0;-0.01;-0.04;0.0;0.0412310562562;0;-4640;
24;3157.0;1322.0;-0.06;-0.04;0.05;0.0877496438739;0;-4660;
24;3200.0;1323.0;-0.01;0.0;-0.06;0.060827625303;0;-4680;
24;2790.0;1321.0;-0.03;0.01;-0.06;0.0678232998313;0;-4700;
24;2870.0;1320.0;-0.04;-0.02;-0.04;0.06;0;-4720;
24;2947.0;1323.0;-0.02;0.0;-0.01;0.022360679775;0;-4740;
24;2838.0;1322.0;-0.03;0.0;-0.01;0.0316227766017;0;-4760;
24;3011.0;1323.0;-0.03;-0.03;0.01;0.0435889894354;0;-4780;
24;3009.0;1324.0;-0.02;0.0;-0.01;0.022360679775;0;-4800;
24;3051.0;1323.0;-0.06;-0.04;0.0;0.0721110255093;0;-4820;
24;2887.0;1321.0;-0.02;-0.01;-0.03;0.0374165738677;0;-4840;
24;2832.0;1323.0;0.0;-0.06;0.0;0.06;0;-4860;
24;2945.0;1321.0;0.02;0.01;0.0;0.022360679775;0;-4880;
24;2776.0;1322.0;-0.03;0.03;-0.07;0.0818535277187;0;-4900;
24;3207.0;1323.0;-0.01;0.0;-0.03;0.0316227766017;0;-4920;
24;2907.0;1323.0;0.02;-0.03;0.02;0.0412310562562;0;-4940;
24;3159.0;1322.0;-0.02;0.03;-0.02;0.0412310562562;0;-4960;
24;2962.0;1322.0;-0.03;-0.01;-0.01;0.0331662479036;0;-4980;
24;2824.0;1322.0;-0.07;-0.04;0.0;0.080622577483;0;-5000;
24;3207.0;1323.0;-0.05;-0.03;0.0;0.0583095189485;0;-5020;
24;3198.0;1323.0;0.02;0.0;-0.04;0.04472135955;0;-5040;
24;3015.0;1323.0;0.01;-0.02;0.0;0.022360679775;0;-5060;
24;2925.0;1321.0;0.0;0.03;-0.05;0.0583095189485;0;-5080;
24;2801.0;1322.0;0.0;0.02;-0.11;0.111803398875;0;-5100;
24;3230.0;1322.0;0.0;-0.02;0.03;0.0360555127546;0;-5120;
24;2853.0;1323.0;-0.01;-0.04;0.04;0.0574456264654;0;-5140;
24;2832.0;1321.0;-0.03;-0.07;0.06;0.0969535971483;0;-5160;
24;3022.0;1321.0;-0.04;-0.02;-0.03;0.0538516480713;0;-5180;
24;2764.0;1321.0;-0.04;-0.06;-0.06;0.0938083151965;0;-5200;
24;2813.0;1322.0;-0.03;0.0;0.03;0.0424264068712;0;-5220;
24;3141.0;1323.0;-0.01;0.0;0.06;0.060827625303;0;-5240;
24;3165.0;1322.0;-0.01;-0.01;-0.06;0.0616441400297;0;-5260;
24;2779.0;1321.0;0.0;0.0;-0.06;0.06;0;-5280;
24;3217.0;1322.0;-0.08;-0.01;0.05;0.0948683298051;0;-5300;
24;2829.0;1321.0;-0.08;-0.01;0.05;0.0948683298051;0;-5320;
24;3017.0;1322.0;-0.02;-0.04;0.05;0.067082039325;0;-5340;
24;3141.0;1323.0;-0.02;0.04;-0.01;0.0458257569496;0;-5360;
24;2900.0;1320.0;0.01;-0.03;-0.09;0.0953939201417;0;-5380;
24;2958.0;1322.0;-0.01;0.04;-0.1;0.108166538264;0;-5400;
24;3174.0;1323.0;0.0;0.0;-0.03;0.03;0;-5420;
24;2794.0;1321.0;-0.01;-0.02;0.09;0.092736184955;0;-5440;
24;3082.0;1321.0;-0.04;0.0;0.07;0.080622577483;0;-5460;
24;2833.0;1322.0;-0.01;-0.02;-0.06;0.0640312423743;0;-5480;
24;3156.0;1321.0;-0.01;-0.03;0.03;0.0435889894354;0;-5500;
24;2862.0;1321.0;-0.02;0.03;-0.03;0.0469041575982;0;-5520;
24;2816.0;1321.0;-0.04;-0.06;0.18;0.193907194297;0;-5540;
24;2908.0;1321.0;0.0;0.0;-0.23;0.23;0;-5560;
24;2829.0;1321.0;-0.06;-0.07;0.17;0.193390796058;0;-5580;
24;2919.0;1323.0;0.01;-0.04;-0.05;0.0648074069841;0;-5600;
24;3133.0;1320.0;-0.06;0.0;-0.05;0.0781024967591;0;-5620;
24;3116.0;1323.0;0.04;0.0;-0.06;0.0721110255093;0;-5640;
24;2884.0;1322.0;0.02;0.01;0.0;0.022360679775;0;-5660;
24;3198.0;1322.0;0.02;0.0;0.25;0.25079872408;0;-5680;
24;2838.0;1321.0;0.02;0.0;0.25;0.25079872408;0;-5700;
24;2868.0;1320.0;0.13;-0.05;-0.14;0.197484176581;0;-5720;
24;2817.0;1320.0;-0.01;-0.07;0.05;0.0866025403784;0;-5740;
24;2859.0;1321.0;-0.01;0.04;-0.11;0.117473401245;0;-5760;
24;3038.0;1321.0;-0.01;0.0;-0.18;0.180277563773;0;-5780;
24;3163.0;1322.0;0.01;-0.03;0.09;0.0953939201417;0;-5800;
24;2850.0;1321.0;0.02;0.0;0.02;0.0282842712475;0;-5820;
24;2758.0;1321.0;0.01;-0.01;-0.05;0.0519615242271;0;-5840;
24;3128.0;1322.0;0.01;0.0;-0.07;0.0707106781187;0;-5860;
24;2836.0;1321.0;-0.01;-0.04;0.09;0.0989949493661;0;-5880;
24;2868.0;1321.0;0.02;-0.02;0.03;0.0412310562562;0;-5900;
24;3221.0;1321.0;0.05;0.0;-0.04;0.0640312423743;0;-5920;
24;2816.0;1319.0;-0.01;-0.01;0.02;0.0244948974278;0;-5940;
24;2961.0;1320.0;0.04;-0.03;0.0;0.05;0;-5960;
24;2802.0;1320.0;-0.07;0.04;0.02;0.0830662386292;0;-5980;
24;3131.0;1321.0;0.02;0.02;-0.2;0.201990098767;0;-6000;
24;2837.0;1320.0;0.06;0.03;-0.01;0.0678232998313;0;-6020;
24;3126.0;1322.0;0.0;-0.03;0.08;0.0854400374532;0;-6040;
24;2842.0;1321.0;-0.05;-0.03;0.0;0.0583095189485;0;-6060;
24;2877.0;1321.0;0.0;0.0;-0.1;0.1;0;-6080;
24;3077.0;1321.0;-0.02;-0.01;-0.07;0.0734846922835;0;-6100;
24;2810.0;1321.0;0.01;-0.03;-0.02;0.0374165738677;0;-6120;
24;3213.0;1323.0;0.0;0.01;-0.01;0.0141421356237;0;-6140;
24;2835.0;1321.0;0.02;0.02;0.0;0.0282842712475;0;-6160;
24;3189.0;1322.0;0.02;-0.02;0.0;0.0282842712475;0;-6180;
24;2831.0;1320.0;0.01;-0.04;0.0;0.0412310562562;0;-6200;
24;3210.0;1322.0;-0.03;-0.02;0.0;0.0360555127546;0;-6220;
24;3204.0;1321.0;-0.03;0.0;0.0;0.03;0;-6240;
24;2833.0;1322.0;0.0;-0.04;0.1;0.107703296143;0;-6260;
24;2865.0;1321.0;0.02;0.05;-0.15;0.159373774505;0;-6280;
24;3204.0;1321.0;-0.04;0.04;-0.01;0.0574456264654;0;-6300;
24;2855.0;1321.0;0.08;-0.04;0.0;0.0894427191;0;-6320;
24;3000.0;1320.0;0.05;0.0;-0.03;0.0583095189485;0;-6340;
24;3156.0;1322.0;0.04;-0.03;0.01;0.0509901951359;0;-6360;
24;2856.0;1320.0;0.0;-0.03;0.0;0.03;0;-6380;
24;2974.0;1320.0;0.01;-0.03;-0.03;0.0435889894354;0;-6400;
24;2937.0;1321.0;-0.02;0.02;-0.04;0.0489897948557;0;-6420;
24;2931.0;1320.0;0.0;-0.06;0.11;0.125299640861;0;-6440;
24;2887.0;1321.0;-0.01;-0.01;0.02;0.0244948974278;0;-6460;
24;3108.0;1320.0;0.0;-0.05;0.0;0.05;0;-6480;
24;2834.0;1322.0;0.07;-0.03;0.03;0.0818535277187;0;-6500;
24;2798.0;1320.0;0.03;-0.03;0.01;0.0435889894354;0;-6520;
24;3154.0;1320.0;0.03;0.0;-0.02;0.0360555127546;0;-6540;
24;2866.0;1319.0;0.01;0.03;-0.01;0.0331662479036;0;-6560;
24;2896.0;1319.0;-0.01;-0.06;0.07;0.092736184955;0;-6580;
24;2960.0;1321.0;-0.03;-0.08;0.08;0.117046999107;0;-6600;
24;3140.0;1323.0;0.03;-0.06;0.1;0.120415945788;0;-6620;
24;2914.0;1321.0;0.03;-0.05;0.07;0.0911043357914;0;-6640;
24;3205.0;1322.0;0.03;-0.05;0.0;0.0583095189485;0;-6660;
24;3179.0;1322.0;0.01;0.06;0.0;0.060827625303;0;-6680;
24;2979.0;1320.0;0.06;-0.04;0.0;0.0721110255093;0;-6700;
24;3181.0;1322.0;0.07;0.02;-0.05;0.0883176086633;0;-6720;
24;2938.0;1322.0;0.05;0.0;-0.04;0.0640312423743;0;-6740;
24;2880.0;1320.0;0.0;0.0;-0.07;0.07;0;-6760;
24;3187.0;1321.0;0.04;0.07;-0.18;0.197230829233;0;-6780;
24;2947.0;1319.0;0.05;-0.04;-0.16;0.172336879396;0;-6800;
24;2728.0;1312.0;-0.16;0.36;0.06;0.398497176903;0;-6820;
24;3090.0;1316.0;-0.16;0.04;0.16;0.229782505862;0;-6840;
24;3060.0;1317.0;0.1;-0.1;-0.25;0.287228132327;0;-6860;
24;2860.0;1319.0;0.0;0.0;0.0;0.0;0;-6880;
24;2807.0;1322.0;-0.03;0.0;-0.06;0.067082039325;0;-6900;
24;2931.0;1321.0;0.02;0.01;0.05;0.0547722557505;0;-6920;
24;3030.0;1323.0;-0.01;0.04;0.08;0.09;0;-6940;
24;3018.0;1322.0;-0.01;0.0;0.06;0.060827625303;0;-6960;
24;3199.0;1323.0;0.01;0.02;-0.1;0.10246950766;0;-6980;
24;2907.0;1323.0;0.05;0.02;-0.18;0.187882942281;0;-7000;
24;3196.0;1324.0;0.04;0.01;-0.15;0.155563491861;0;-7020;
24;2866.0;1323.0;0.04;0.0;-0.16;0.164924225025;0;-7040;
24;3117.0;1323.0;0.01;-0.07;0.06;0.092736184955;0;-7060;
24;2889.0;1323.0;0.03;0.1;-0.01;0.104880884817;0;-7080;
24;2878.0;1323.0;-0.01;-0.11;0.06;0.1256980509;0;-7100;
24;2814.0;1323.0;0.02;0.05;-0.05;0.0734846922835;0;-7120;
24;2851.0;1323.0;0.03;-0.01;-0.05;0.059160797831;0;-7140;
24;2939.0;1323.0;0.05;0.04;-0.06;0.0877496438739;0;-7160;
24;3151.0;1323.0;0.0;0.04;-0.02;0.04472135955;0;-7180;
24;2896.0;1323.0;0.06;0.07;-0.11;0.143527000944;0;-7200;
24;3169.0;1323.0;0.0;-0.06;0.02;0.0632455532034;0;-7220;
24;2815.0;1322.0;0.04;-0.06;0.06;0.0938083151965;0;-7240;
24;3144.0;1323.0;0.05;-0.09;-0.03;0.107238052948;0;-7260;
24;3001.0;1323.0;-0.06;-0.08;0.11;0.148660687473;0;-7280;
24;2889.0;1323.0;0.0;-0.02;-0.02;0.0282842712475;0;-7300;
24;2873.0;1323.0;0.11;0.15;-0.09;0.206639783198;0;-7320;
24;2773.0;1323.0;0.0;-0.06;0.06;0.0848528137424;0;-7340;
24;2880.0;1324.0;0.0;-0.05;0.05;0.0707106781187;0;-7360;
24;2928.0;1322.0;0.02;-0.02;-0.08;0.0848528137424;0;-7380;
24;2862.0;1322.0;-0.02;-0.01;0.0;0.022360679775;0;-7400;
24;2866.0;1323.0;0.0;-0.02;0.01;0.022360679775;0;-7420;
24;2958.0;1323.0;-0.01;-0.01;-0.04;0.0424264068712;0;-7440;
24;2868.0;1323.0;-0.01;-0.02;0.01;0.0244948974278;0;-7460;
24;2865.0;1323.0;-0.03;-0.1;0.12;0.159059737206;0;-7480;
24;2934.0;1324.0;0.0;-0.01;0.11;0.110453610172;0;-7500;
24;2770.0;1323.0;0.07;0.0;-0.16;0.174642491966;0;-7520;
24;2935.0;1323.0;0.05;0.0;-0.11;0.120830459736;0;-7540;
24;2784.0;1323.0;0.0;-0.01;0.03;0.0316227766017;0;-7560;
24;2855.0;1323.0;-0.01;0.0;-0.01;0.0141421356237;0;-7580;
24;3171.0;1323.0;0.01;-0.02;0.05;0.0547722557505;0;-7600;
24;2886.0;1323.0;-0.01;-0.05;-0.01;0.0519615242271;0;-7620;
24;2851.0;1322.0;0.03;-0.03;0.05;0.065574385243;0;-7640;
24;3001.0;1324.0;0.0;-0.01;0.02;0.022360679775;0;-7660;
24;3022.0;1323.0;0.06;0.0;0.03;0.067082039325;0;-7680;
24;3218.0;1324.0;0.02;0.04;-0.06;0.0748331477355;0;-7700;
24;2873.0;1322.0;0.03;-0.02;0.03;0.0469041575982;0;-7720;
24;2916.0;1324.0;-0.02;-0.03;0.03;0.0469041575982;0;-7740;
24;2809.0;1323.0;-0.03;0.03;-0.07;0.0818535277187;0;-7760;
24;3125.0;1324.0;0.05;0.06;-0.13;0.151657508881;0;-7780;
24;3127.0;1322.0;0.0;0.02;-0.02;0.0282842712475;0;-7800;
24;3150.0;1322.0;0.04;0.06;-0.02;0.0748331477355;0;-7820;
24;2851.0;1321.0;0.04;0.04;0.0;0.0565685424949;0;-7840;
24;3089.0;1323.0;0.01;-0.05;-0.01;0.0519615242271;0;-7860;
24;2897.0;1322.0;0.03;-0.04;-0.11;0.120830459736;0;-7880;
24;2762.0;1322.0;0.08;0.06;0.0;0.1;0;-7900;
24;2876.0;1322.0;0.04;0.11;-0.01;0.117473401245;0;-7920;
24;2887.0;1323.0;-0.05;-0.03;0.0;0.0583095189485;0;-7940;
24;2879.0;1322.0;0.02;0.11;-0.21;0.237907545067;0;-7960;
24;3186.0;1324.0;-0.04;-0.03;-0.02;0.0538516480713;0;-7980;
24;2766.0;1323.0;-0.02;-0.07;-0.01;0.0734846922835;0;-8000;
24;3183.0;1324.0;0.04;0.05;0.03;0.0707106781187;0;-8020;
24;3182.0;1323.0;0.05;0.03;0.03;0.065574385243;0;-8040;
24;2875.0;1322.0;-0.04;-0.08;-0.03;0.0943398113206;0;-8060;
24;3172.0;1323.0;0.02;0.05;-0.04;0.067082039325;0;-8080;
24;2878.0;1323.0;0.0;-0.02;0.08;0.0824621125124;0;-8100;
24;2762.0;1323.0;0.09;0.12;-0.05;0.158113883008;0;-8120;
24;2854.0;1322.0;-0.03;0.05;-0.02;0.0616441400297;0;-8140;
24;3142.0;1324.0;0.0;0.04;0.01;0.0412310562562;0;-8160;
24;2886.0;1323.0;0.03;-0.02;0.05;0.0616441400297;0;-8180;
24;3187.0;1325.0;-0.01;-0.05;-0.02;0.0547722557505;0;-8200;
24;2793.0;1323.0;0.01;-0.1;0.0;0.100498756211;0;-8220;
24;3170.0;1323.0;0.0;0.04;0.02;0.04472135955;0;-8240;
24;3123.0;1324.0;0.01;0.1;0.0;0.100498756211;0;-8260;
24;3040.0;1322.0;0.06;-0.01;-0.11;0.1256980509;0;-8280;
24;2987.0;1322.0;0.06;-0.03;-0.07;0.0969535971483;0;-8300;
24;3217.0;1324.0;-0.01;0.03;0.07;0.0768114574787;0;-8320;
24;2837.0;1323.0;0.05;-0.11;0.02;0.122474487139;0;-8340;
24;2801.0;1323.0;0.0;-0.15;0.06;0.161554944214;0;-8360;
24;2961.0;1324.0;0.07;0.05;0.0;0.0860232526704;0;-8380;
24;2941.0;1322.0;0.03;-0.07;-0.06;0.0969535971483;0;-8400;
24;3037.0;1324.0;0.06;-0.01;-0.09;0.108627804912;0;-8420;
24;2958.0;1323.0;0.01;0.0;0.06;0.060827625303;0;-8440;
24;2933.0;1324.0;0.0;-0.1;-0.04;0.107703296143;0;-8460;
24;2854.0;1322.0;0.05;-0.03;0.04;0.0707106781187;0;-8480;
24;3135.0;1324.0;-0.04;-0.01;-0.01;0.0424264068712;0;-8500;
24;2919.0;1324.0;0.0;0.0;0.03;0.03;0;-8520;
24;2959.0;1323.0;0.04;-0.01;-0.04;0.0574456264654;0;-8540;
24;2770.0;1323.0;0.04;-0.03;0.0;0.05;0;-8560;
24;2918.0;1323.0;0.02;-0.02;-0.06;0.0663324958071;0;-8580;
24;2851.0;1322.0;-0.01;0.01;-0.04;0.0424264068712;0;-8600;
24;2921.0;1323.0;0.02;-0.04;0.04;0.06;0;-8620;
24;3042.0;1324.0;0.03;-0.04;0.03;0.0583095189485;0;-8640;
24;3176.0;1324.0;0.02;-0.01;-0.01;0.0244948974278;0;-8660;
24;2865.0;1322.0;0.02;0.0;-0.07;0.0728010988928;0;-8680;
24;3189.0;1323.0;0.0;-0.02;-0.06;0.0632455532034;0;-8700;
24;2805.0;1322.0;0.02;0.0;-0.01;0.022360679775;0;-8720;
24;2839.0;1324.0;0.0;0.0;0.02;0.02;0;-8740;
24;2840.0;1323.0;0.0;-0.02;0.02;0.0282842712475;0;-8760;
24;2887.0;1323.0;0.02;-0.02;0.05;0.0574456264654;0;-8780;
24;2864.0;1324.0;0.0;-0.01;-0.1;0.100498756211;0;-8800;
24;2791.0;1322.0;0.01;-0.01;0.0;0.0141421356237;0;-8820;
24;3166.0;1323.0;0.0;-0.01;0.0;0.01;0;-8840;
24;2786.0;1322.0;0.01;0.0;0.0;0.01;0;-8860;
24;2850.0;1323.0;0.0;0.0;0.0;0.0;0;-8880;
24;3019.0;1323.0;0.03;-0.05;-0.07;0.0911043357914;0;-8900;
24;2895.0;1323.0;0.03;-0.02;0.04;0.0538516480713;0;-8920;
24;3177.0;1323.0;0.02;-0.02;0.1;0.103923048454;0;-8940;
24;2868.0;1324.0;-0.01;-0.01;0.05;0.0519615242271;0;-8960;
24;2881.0;1324.0;-0.05;0.04;-0.04;0.0754983443527;0;-8980;
24;2774.0;1323.0;0.02;-0.02;-0.02;0.0346410161514;0;-9000;
24;2996.0;1322.0;0.04;0.0;0.0;0.04;0;-9020;
24;2845.0;1324.0;-0.03;-0.05;0.04;0.0707106781187;0;-9040;
24;2971.0;1323.0;0.0;-0.05;-0.01;0.0509901951359;0;-9060;
24;3183.0;1324.0;0.04;0.01;0.02;0.0458257569496;0;-9080;
24;2850.0;1322.0;0.02;0.01;0.05;0.0547722557505;0;-9100;
24;3231.0;1323.0;0.07;-0.09;-0.04;0.120830459736;0;-9120;
24;2767.0;1324.0;0.02;-0.08;-0.02;0.0848528137424;0;-9140;
24;3085.0;1324.0;0.06;-0.02;-0.04;0.0748331477355;0;-9160;
24;3158.0;1323.0;0.02;-0.02;0.04;0.0489897948557;0;-9180;
24;2799.0;1323.0;0.03;-0.02;0.04;0.0538516480713;0;-9200;
24;3175.0;1324.0;0.01;-0.01;-0.05;0.0519615242271;0;-9220;
24;2877.0;1322.0;0.0;-0.06;0.02;0.0632455532034;0;-9240;
24;3050.0;1322.0;0.05;0.01;-0.02;0.0547722557505;0;-9260;
24;3023.0;1322.0;0.0;-0.04;-0.1;0.107703296143;0;-9280;
24;2878.0;1322.0;0.0;0.0;-0.08;0.08;0;-9300;
24;2871.0;1324.0;0.05;0.05;-0.03;0.0768114574787;0;-9320;
24;2780.0;1324.0;0.03;-0.04;0.03;0.0583095189485;0;-9340;
24;2753.0;1324.0;0.02;-0.04;-0.08;0.0916515138991;0;-9360;
24;2784.0;1323.0;0.02;-0.03;-0.07;0.0787400787401;0;-9380;
24;3209.0;1324.0;0.0;0.02;-0.07;0.0728010988928;0;-9400;
24;2865.0;1322.0;0.05;0.0;0.05;0.0707106781187;0;-9420;
24;3180.0;1323.0;0.01;-0.01;-0.09;0.0911043357914;0;-9440;
24;2856.0;1323.0;0.06;0.05;0.02;0.080622577483;0;-9460;
24;3070.0;1324.0;-0.02;0.08;-0.04;0.0916515138991;0;-9480;
24;2765.0;1322.0;0.05;0.0;-0.16;0.167630546142;0;-9500;
24;2983.0;1325.0;0.0;-0.11;-0.14;0.178044938148;0;-9520;
24;2971.0;1322.0;0.01;0.05;0.04;0.0648074069841;0;-9540;
24;3157.0;1322.0;-0.01;0.0;0.17;0.170293863659;0;-9560;
24;2979.0;1322.0;0.02;-0.04;0.31;0.313209195267;0;-9580;
24;3073.0;1323.0;0.12;-0.07;-0.22;0.260192236625;0;-9600;
24;2889.0;1323.0;-0.02;0.07;-0.03;0.0787400787401;0;-9620;
24;2834.0;1323.0;0.04;-0.03;0.08;0.0943398113206;0;-9640;
24;2785.0;1324.0;-0.03;0.03;-0.14;0.146287388383;0;-9660;
24;3256.0;1325.0;0.04;-0.01;-0.06;0.0728010988928;0;-9680;
24;3256.0;1323.0;0.0;0.0;0.01;0.01;0;-9700;
24;3001.0;1324.0;0.01;-0.03;-0.04;0.0509901951359;0;-9720;
24;3080.0;1323.0;-0.04;-0.02;0.18;0.18547236991;0;-9740;
24;2999.0;1324.0;0.02;0.04;-0.13;0.137477270849;0;-9760;
24;2733.0;1323.0;0.12;-0.06;-0.18;0.224499443206;0;-9780;
24;2986.0;1323.0;0.01;-0.04;-0.08;0.09;0;-9800;
24;2853.0;1323.0;-0.01;0.0;0.03;0.0316227766017;0;-9820;
24;3185.0;1325.0;0.11;-0.01;-0.13;0.170587221092;0;-9840;
24;2841.0;1323.0;0.02;0.01;-0.13;0.131909059583;0;-9860;
24;3073.0;1324.0;0.0;-0.06;0.17;0.180277563773;0;-9880;
24;2886.0;1323.0;-0.03;0.02;0.0;0.0360555127546;0;-9900;
24;3016.0;1324.0;0.03;-0.02;-0.08;0.0877496438739;0;-9920;
24;2841.0;1323.0;0.02;-0.02;-0.02;0.0346410161514;0;-9940;
24;3048.0;1323.0;0.0;0.0;0.0;0.0;0;-9960;
24;2807.0;1324.0;0.03;-0.02;0.03;0.0469041575982;0;-9980;
24;3205.0;1325.0;0.03;-0.01;0.02;0.0374165738677;0;-10000;
24;2837.0;1324.0;0.0;0.02;0.0;0.02;0;-10020;
24;3185.0;1325.0;0.0;-0.04;0.0;0.04;0;-10040;
24;3030.0;1325.0;-0.03;0.02;-0.05;0.0616441400297;0;-10060;
24;2907.0;1323.0;-0.01;0.02;-0.05;0.0547722557505;0;-10080;
24;2752.0;1324.0;0.0;-0.05;0.01;0.0509901951359;0;-10100;
24;3173.0;1325.0;0.0;-0.01;0.01;0.0141421356237;0;-10120;
24;2760.0;1323.0;0.01;0.0;0.06;0.060827625303;0;-10140;
24;3137.0;1324.0;0.03;-0.03;0.04;0.0583095189485;0;-10160;
24;2849.0;1324.0;0.01;0.01;-0.03;0.0331662479036;0;-10180;
24;3209.0;1326.0;0.03;-0.04;-0.12;0.13;0;-10200;
24;3106.0;1325.0;0.0;0.0;0.11;0.11;0;-10220;
24;2797.0;1324.0;-0.03;0.0;0.11;0.11401754251;0;-10240;
24;3239.0;1323.0;0.01;0.0;0.09;0.0905538513814;0;-10260;
24;2857.0;1322.0;0.01;0.01;0.05;0.0519615242271;0;-10280;
24;2834.0;1323.0;-0.02;0.02;0.05;0.0574456264654;0;-10300;
24;2805.0;1323.0;0.04;-0.04;-0.05;0.0754983443527;0;-10320;
24;3193.0;1325.0;0.0;0.0;0.0;0.0;0;-10340;
24;3210.0;1325.0;0.01;0.0;0.04;0.0412310562562;0;-10360;
24;3042.0;1323.0;-0.01;-0.01;0.07;0.0714142842854;0;-10380;
24;3213.0;1324.0;0.02;0.0;-0.05;0.0538516480713;0;-10400;
24;2907.0;1323.0;0.05;-0.02;0.0;0.0538516480713;0;-10420;
24;2810.0;1323.0;0.01;0.0;0.0;0.01;0;-10440;
24;2879.0;1323.0;-0.05;-0.03;-0.01;0.059160797831;0;-10460;
24;2749.0;1323.0;0.0;0.02;-0.09;0.0921954445729;0;-10480;
24;3179.0;1323.0;0.02;0.0;0.07;0.0728010988928;0;-10500;
24;3157.0;1324.0;0.02;0.0;-0.07;0.0728010988928;0;-10520;
24;2867.0;1322.0;0.0;0.0;0.0;0.0;0;-10540;
24;2977.0;1322.0;-0.03;0.08;-0.12;0.147309198627;0;-10560;
24;3154.0;1323.0;-0.24;0.43;0.36;0.61;0;-10580;
24;3199.0;1321.0;0.08;-0.04;-0.34;0.351567916625;0;-10600;
24;2860.0;1322.0;0.05;0.0;-0.19;0.196468827044;0;-10620;
24;2907.0;1322.0;0.01;0.04;0.15;0.155563491861;0;-10640;
24;2891.0;1323.0;0.0;0.0;-0.09;0.09;0;-10660;
24;3166.0;1325.0;0.03;0.01;-0.01;0.0331662479036;0;-10680;
24;2857.0;1324.0;-0.02;-0.02;-0.03;0.0412310562562;0;-10700;
24;2798.0;1323.0;0.04;-0.02;0.0;0.04472135955;0;-10720;
24;3017.0;1325.0;0.01;0.0;0.04;0.0412310562562;0;-10740;
24;2802.0;1324.0;0.01;-0.04;0.03;0.0509901951359;0;-10760;
24;3044.0;1325.0;0.06;0.01;-0.04;0.0728010988928;0;-10780;
24;2946.0;1324.0;0.05;0.0;-0.02;0.0538516480713;0;-10800;
24;2878.0;1326.0;0.01;-0.04;-0.08;0.09;0;-10820;
24;3023.0;1324.0;0.0;-0.03;0.08;0.0854400374532;0;-10840;
24;2837.0;1325.0;-0.01;0.02;0.01;0.0244948974278;0;-10860;
24;3044.0;1326.0;0.01;0.01;-0.09;0.0911043357914;0;-10880;
24;3102.0;1326.0;0.02;-0.05;0.04;0.067082039325;0;-10900;
24;2927.0;1325.0;0.02;-0.05;0.09;0.104880884817;0;-10920;
24;3190.0;1325.0;-0.03;0.05;0.05;0.0768114574787;0;-10940;
24;2758.0;1324.0;0.0;0.03;-0.04;0.05;0;-10960;
24;3174.0;1326.0;0.0;-0.01;0.05;0.0509901951359;0;-10980;
24;2858.0;1324.0;-0.01;0.01;0.0;0.0141421356237;0;-11000;
24;2905.0;1325.0;0.01;0.0;-0.11;0.110453610172;0;-11020;
24;2892.0;1324.0;-0.01;-0.05;-0.07;0.0866025403784;0;-11040;
24;3056.0;1326.0;0.0;0.1;-0.02;0.101980390272;0;-11060;
24;3029.0;1326.0;0.0;-0.17;0.0;0.17;0;-11080;
24;2863.0;1326.0;0.0;-0.03;-0.06;0.067082039325;0;-11100;
24;3151.0;1327.0;0.0;0.0;-0.02;0.02;0;-11120;
24;2910.0;1324.0;-0.02;-0.11;0.0;0.111803398875;0;-11140;
24;3004.0;1325.0;0.05;-0.03;-0.07;0.0911043357914;0;-11160;
24;3221.0;1326.0;0.0;-0.04;-0.08;0.0894427191;0;-11180;
24;3044.0;1325.0;0.03;-0.14;0.07;0.159373774505;0;-11200;
24;3141.0;1325.0;-0.04;-0.04;0.08;0.0979795897113;0;-11220;
24;2859.0;1325.0;0.05;0.0;-0.01;0.0509901951359;0;-11240;
24;2860.0;1324.0;-0.02;0.13;-0.07;0.148996644258;0;-11260;
24;3040.0;1326.0;0.03;-0.09;-0.15;0.177482393493;0;-11280;
24;2853.0;1324.0;0.06;-0.11;-0.02;0.126885775404;0;-11300;
24;3042.0;1325.0;0.07;0.18;-0.07;0.205426385842;0;-11320;
24;3139.0;1326.0;0.02;-0.01;0.11;0.112249721603;0;-11340;
24;2898.0;1325.0;0.02;-0.03;0.22;0.222934968096;0;-11360;
24;2827.0;1325.0;-0.01;0.06;0.03;0.0678232998313;0;-11380;
24;2839.0;1325.0;0.0;0.02;-0.04;0.04472135955;0;-11400;
24;3167.0;1328.0;0.0;0.03;-0.12;0.123693168769;0;-11420;
24;2903.0;1326.0;0.05;-0.01;0.0;0.0509901951359;0;-11440;
24;2881.0;1326.0;0.02;-0.06;-0.04;0.0748331477355;0;-11460;
24;2917.0;1323.0;-0.05;0.03;-0.12;0.133416640641;0;-11480;
24;2869.0;1324.0;-0.04;-0.01;0.32;0.322645316098;0;-11500;
24;3202.0;1324.0;0.05;0.04;-0.15;0.163095064303;0;-11520;
24;2925.0;1324.0;0.1;-0.03;-0.27;0.289482296523;0;-11540;
24;2900.0;1324.0;0.01;0.07;-0.22;0.231084400166;0;-11560;
24;2836.0;1325.0;0.0;-0.12;0.27;0.295465734054;0;-11580;
24;3142.0;1325.0;-0.04;0.06;0.04;0.0824621125124;0;-11600;
24;2804.0;1324.0;0.09;-0.04;-0.11;0.147648230602;0;-11620;
24;3233.0;1326.0;0.09;-0.02;-0.07;0.115758369028;0;-11640;
24;2835.0;1324.0;0.03;-0.02;0.04;0.0538516480713;0;-11660;
24;3202.0;1326.0;-0.01;-0.01;0.01;0.0173205080757;0;-11680;
24;2878.0;1325.0;0.0;-0.02;-0.07;0.0728010988928;0;-11700;
24;3160.0;1324.0;0.0;0.0;-0.03;0.03;0;-11720;
24;2829.0;1325.0;0.06;0.0;0.08;0.1;0;-11740;
24;3162.0;1325.0;0.04;-0.04;0.0;0.0565685424949;0;-11760;
24;2846.0;1325.0;0.0;0.0;0.03;0.03;0;-11780;
24;3189.0;1325.0;0.02;-0.05;0.04;0.067082039325;0;-11800;
24;2836.0;1325.0;-0.02;0.04;-0.03;0.0538516480713;0;-11820;
24;3163.0;1326.0;0.03;-0.07;-0.01;0.0768114574787;0;-11840;
24;2848.0;1326.0;0.0;0.03;-0.03;0.0424264068712;0;-11860;
24;2760.0;1325.0;-0.01;0.05;0.0;0.0509901951359;0;-11880;
24;3231.0;1326.0;-0.01;-0.04;0.0;0.0412310562562;0;-11900;
24;3013.0;1326.0;0.0;0.0;0.01;0.01;0;-11920;
24;2834.0;1324.0;0.04;-0.04;0.0;0.0565685424949;0;-11940;
24;2997.0;1325.0;0.03;0.0;0.0;0.03;0;-11960;
24;2848.0;1324.0;0.0;0.0;-0.09;0.09;0;-11980;
24;3141.0;1326.0;0.01;0.0;-0.07;0.0707106781187;0;-12000;
24;3093.0;1326.0;0.01;-0.01;-0.04;0.0424264068712;0;-12020;
24;2984.0;1325.0;0.02;-0.03;-0.04;0.0538516480713;0;-12040;
24;3061.0;1325.0;0.01;-0.03;-0.08;0.0860232526704;0;-12060;
24;2873.0;1325.0;0.0;-0.01;0.0;0.01;0;-12080;
24;2870.0;1324.0;0.02;-0.01;0.08;0.0830662386292;0;-12100;
24;3059.0;1324.0;0.02;0.0;-0.14;0.141421356237;0;-12120;
24;2795.0;1325.0;0.0;-0.01;0.05;0.0509901951359;0;-12140;
24;3228.0;1326.0;-0.01;-0.02;0.05;0.0547722557505;0;-12160;
24;2854.0;1325.0;0.02;-0.04;0.04;0.06;0;-12180;
24;2839.0;1324.0;0.0;-0.03;0.02;0.0360555127546;0;-12200;
24;3011.0;1326.0;0.0;-0.04;-0.01;0.0412310562562;0;-12220;
24;2959.0;1325.0;0.0;-0.03;0.0;0.03;0;-12240;
24;2808.0;1324.0;0.04;-0.03;0.01;0.0509901951359;0;-12260;
24;2859.0;1326.0;0.02;-0.03;-0.03;0.0469041575982;0;-12280;
24;2783.0;1324.0;0.02;-0.04;-0.06;0.0748331477355;0;-12300;
24;2730.0;1325.0;-0.03;0.0;0.08;0.0854400374532;0;-12320;
24;3112.0;1324.0;0.03;0.0;-0.1;0.104403065089;0;-12340;
24;3090.0;1326.0;0.02;-0.02;0.06;0.0663324958071;0;-12360;
24;2736.0;1324.0;-0.01;-0.04;0.01;0.0424264068712;0;-12380;
24;2838.0;1324.0;0.01;0.01;0.02;0.0244948974278;0;-12400;
24;3157.0;1325.0;0.05;0.0;0.0;0.05;0;-12420;
24;2979.0;1325.0;-0.02;-0.04;0.09;0.100498756211;0;-12440;
24;3108.0;1326.0;0.0;-0.04;0.03;0.05;0;-12460;
24;2845.0;1325.0;0.0;0.1;-0.1;0.141421356237;0;-12480;
24;2829.0;1325.0;0.03;-0.03;-0.06;0.0734846922835;0;-12500;
24;3104.0;1325.0;0.0;-0.05;0.09;0.10295630141;0;-12520;
24;3032.0;1323.0;0.0;-0.03;0.03;0.0424264068712;0;-12540;
24;3148.0;1324.0;0.03;0.04;0.04;0.0640312423743;0;-12560;
24;2897.0;1325.0;0.02;-0.07;0.09;0.115758369028;0;-12580;
24;2926.0;1326.0;0.0;-0.01;0.04;0.0412310562562;0;-12600;
24;3120.0;1326.0;0.0;0.01;-0.05;0.0509901951359;0;-12620;
24;2895.0;1325.0;0.01;-0.04;0.0;0.0412310562562;0;-12640;
24;2865.0;1326.0;0.01;-0.04;-0.01;0.0424264068712;0;-12660;
24;3116.0;1326.0;0.01;0.03;0.01;0.0331662479036;0;-12680;
24;2805.0;1325.0;0.0;0.0;-0.02;0.02;0;-12700;
24;2886.0;1325.0;0.05;-0.05;0.11;0.130766968306;0;-12720;
24;3140.0;1326.0;0.01;0.05;-0.04;0.0648074069841;0;-12740;
24;3144.0;1326.0;-0.03;0.03;0.01;0.0435889894354;0;-12760;
24;2893.0;1325.0;0.05;-0.07;-0.05;0.0994987437107;0;-12780;
24;2820.0;1325.0;0.02;0.03;-0.13;0.134907375632;0;-12800;
24;3131.0;1326.0;0.0;-0.07;0.0;0.07;0;-12820;
24;2905.0;1324.0;0.03;-0.04;0.04;0.0640312423743;0;-12840;
24;2927.0;1324.0;0.0;0.04;-0.03;0.05;0;-12860;
24;3145.0;1326.0;0.02;-0.07;0.04;0.0830662386292;0;-12880;
24;2885.0;1325.0;-0.02;0.01;-0.05;0.0547722557505;0;-12900;
24;2925.0;1326.0;-0.01;0.02;0.05;0.0547722557505;0;-12920;
24;2946.0;1324.0;0.02;0.05;-0.11;0.122474487139;0;-12940;
24;3020.0;1325.0;-0.02;-0.02;0.02;0.0346410161514;0;-12960;
24;2869.0;1326.0;-0.04;0.0;-0.02;0.04472135955;0;-12980;
24;2836.0;1324.0;-0.01;-0.01;-0.06;0.0616441400297;0;-13000;
24;2865.0;1325.0;-0.05;0.02;-0.06;0.080622577483;0;-13020;
24;2859.0;1324.0;0.03;-0.08;0.13;0.155563491861;0;-13040;
24;2903.0;1326.0;0.0;0.01;-0.04;0.0412310562562;0;-13060;
24;3083.0;1326.0;-0.01;-0.03;0.0;0.0316227766017;0;-13080;
24;3353.0;1326.0;0.0;0.01;0.0;0.01;0;-13100;
24;2850.0;1325.0;0.01;-0.09;0.0;0.0905538513814;0;-13120;
24;2777.0;1326.0;-0.04;-0.04;0.06;0.0824621125124;0;-13140;
24;3159.0;1326.0;-0.01;0.0;0.02;0.022360679775;0;-13160;
24;2866.0;1325.0;-0.03;0.0;0.03;0.0424264068712;0;-13180;
24;2899.0;1325.0;0.03;-0.04;-0.06;0.0781024967591;0;-13200;
24;2861.0;1325.0;0.03;0.0;-0.02;0.0360555127546;0;-13220;
24;2940.0;1326.0;0.0;-0.03;-0.1;0.104403065089;0;-13240;
24;2929.0;1324.0;0.0;-0.03;0.05;0.0583095189485;0;-13260;
24;2923.0;1326.0;0.06;0.0;-0.02;0.0632455532034;0;-13280;
24;3109.0;1324.0;0.0;-0.02;0.08;0.0824621125124;0;-13300;
24;3078.0;1326.0;0.0;-0.01;0.06;0.060827625303;0;-13320;
24;2846.0;1325.0;0.08;0.0;-0.12;0.144222051019;0;-13340;
24;2880.0;1325.0;0.0;-0.01;0.08;0.080622577483;0;-13360;
24;3029.0;1325.0;0.02;0.0;-0.01;0.022360679775;0;-13380;
24;2967.0;1326.0;0.04;0.0;-0.02;0.04472135955;0;-13400;
24;3142.0;1325.0;0.05;-0.02;0.05;0.0734846922835;0;-13420;
24;2903.0;1324.0;0.02;-0.04;0.1;0.109544511501;0;-13440;
24;2852.0;1324.0;0.05;0.06;-0.12;0.143178210633;0;-13460;
24;3073.0;1325.0;0.0;-0.04;0.06;0.0721110255093;0;-13480;
24;3179.0;1326.0;0.06;-0.02;0.01;0.0640312423743;0;-13500;
24;3173.0;1326.0;0.06;0.04;-0.07;0.100498756211;0;-13520;
24;2837.0;1325.0;0.01;-0.06;0.06;0.0854400374532;0;-13540;
24;2844.0;1325.0;0.05;-0.02;-0.01;0.0547722557505;0;-13560;
24;2975.0;1324.0;0.04;0.02;-0.03;0.0538516480713;0;-13580;
24;2875.0;1326.0;0.0;-0.04;0.01;0.0412310562562;0;-13600;
24;2859.0;1324.0;0.0;-0.04;-0.01;0.0412310562562;0;-13620;
24;3158.0;1326.0;0.0;0.02;0.0;0.02;0;-13640;
24;3117.0;1326.0;0.02;-0.06;0.01;0.0640312423743;0;-13660;
24;2940.0;1324.0;-0.03;0.03;-0.01;0.0435889894354;0;-13680;
24;2895.0;1325.0;0.05;-0.03;0.06;0.0836660026534;0;-13700;
24;3104.0;1325.0;-0.02;-0.02;0.04;0.0489897948557;0;-13720;
24;3028.0;1325.0;0.01;0.01;-0.02;0.0244948974278;0;-13740;
24;2949.0;1325.0;0.04;-0.03;-0.06;0.0781024967591;0;-13760;
24;3050.0;1325.0;0.03;0.04;-0.02;0.0538516480713;0;-13780;
24;2885.0;1325.0;-0.01;0.05;-0.08;0.0948683298051;0;-13800;
24;2896.0;1326.0;-0.01;0.03;-0.08;0.0860232526704;0;-13820;
24;3043.0;1326.0;0.01;-0.02;-0.04;0.0458257569496;0;-13840;
24;3122.0;1326.0;0.03;-0.05;0.01;0.059160797831;0;-13860;
24;2882.0;1325.0;0.03;0.0;0.07;0.0761577310586;0;-13880;
24;2832.0;1325.0;0.0;0.01;0.04;0.0412310562562;0;-13900;
24;2883.0;1325.0;0.02;-0.04;0.08;0.0916515138991;0;-13920;
24;2843.0;1325.0;0.03;0.01;-0.01;0.0331662479036;0;-13940;
24;2943.0;1324.0;0.01;-0.04;-0.01;0.0424264068712;0;-13960;
24;2868.0;1325.0;0.04;-0.08;0.03;0.0943398113206;0;-13980;
24;3053.0;1327.0;0.05;-0.07;0.08;0.117473401245;0;-14000;
24;2878.0;1324.0;0.04;-0.03;0.0;0.05;0;-14020;
24;2878.0;1325.0;0.04;-0.03;0.03;0.0583095189485;0;-14040;
24;3074.0;1326.0;0.0;-0.04;0.01;0.0412310562562;0;-14060;
24;3164.0;1326.0;0.1;-0.03;0.0;0.104403065089;0;-14080;
24;3173.0;1326.0;0.03;0.0;-0.09;0.0948683298051;0;-14100;
24;3122.0;1327.0;0.0;-0.01;0.04;0.0412310562562;0;-14120;
24;3097.0;1325.0;0.06;0.04;-0.16;0.175499287748;0;-14140;
24;2955.0;1325.0;0.1;-0.01;-0.03;0.104880884817;0;-14160;
24;2907.0;1325.0;-0.01;-0.01;0.04;0.0424264068712;0;-14180;
24;3180.0;1326.0;0.07;0.02;0.01;0.0734846922835;0;-14200;
24;3052.0;1325.0;0.07;-0.01;0.07;0.0994987437107;0;-14220;
24;2882.0;1325.0;0.03;0.06;-0.07;0.0969535971483;0;-14240;
24;3002.0;1324.0;0.04;-0.08;0.06;0.107703296143;0;-14260;
24;2871.0;1324.0;0.05;-0.02;-0.02;0.0574456264654;0;-14280;
24;3132.0;1326.0;0.06;0.04;-0.16;0.175499287748;0;-14300;
24;2834.0;1324.0;0.03;-0.01;-0.06;0.0678232998313;0;-14320;
24;3177.0;1326.0;0.03;0.04;0.01;0.0509901951359;0;-14340;
24;3042.0;1325.0;0.04;-0.01;0.04;0.0574456264654;0;-14360;
24;2872.0;1324.0;0.01;-0.01;0.0;0.0141421356237;0;-14380;
24;2775.0;1325.0;-0.01;0.01;0.0;0.0141421356237;0;-14400;
24;2961.0;1326.0;0.07;-0.04;0.0;0.080622577483;0;-14420;
24;2891.0;1327.0;0.0;0.03;0.03;0.0424264068712;0;-14440;
24;3032.0;1325.0;0.04;-0.01;-0.02;0.0458257569496;0;-14460;
24;2955.0;1325.0;0.02;0.0;-0.07;0.0728010988928;0;-14480;
24;3094.0;1326.0;0.02;-0.04;0.03;0.0538516480713;0;-14500;
24;3149.0;1325.0;0.06;-0.02;-0.04;0.0748331477355;0;-14520;
24;2898.0;1324.0;0.04;0.0;0.0;0.04;0;-14540;
24;2892.0;1324.0;0.02;-0.03;0.0;0.0360555127546;0;-14560;
24;3160.0;1325.0;0.05;-0.04;0.08;0.10246950766;0;-14580;
24;3178.0;1325.0;0.07;-0.04;-0.01;0.0812403840464;0;-14600;
24;2854.0;1326.0;-0.03;0.05;0.05;0.0768114574787;0;-14620;
24;2848.0;1324.0;0.0;-0.06;-0.06;0.0848528137424;0;-14640;
24;2789.0;1325.0;0.07;-0.03;-0.02;0.0787400787401;0;-14660;
24;2907.0;1325.0;-0.01;0.0;-0.06;0.060827625303;0;-14680;
24;2843.0;1324.0;0.01;-0.04;0.02;0.0458257569496;0;-14700;
24;2776.0;1325.0;-0.03;0.01;0.03;0.0435889894354;0;-14720;
24;2917.0;1324.0;-0.02;-0.02;-0.03;0.0412310562562;0;-14740;
24;3165.0;1326.0;-0.01;-0.04;-0.03;0.0509901951359;0;-14760;
24;2939.0;1324.0;0.02;0.0;-0.02;0.0282842712475;0;-14780;
24;3209.0;1326.0;0.0;0.0;-0.08;0.08;0;-14800;
24;3209.0;1326.0;-0.01;0.0;0.0;0.01;0;-14820;
24;3220.0;1326.0;0.0;0.01;0.09;0.0905538513814;0;-14840;
24;2821.0;1325.0;0.03;-0.04;0.07;0.0860232526704;0;-14860;
24;2766.0;1326.0;0.0;0.0;0.09;0.09;0;-14880;
24;3113.0;1326.0;0.01;-0.04;0.03;0.0509901951359;0;-14900;
24;3197.0;1327.0;0.03;-0.03;0.02;0.0469041575982;0;-14920;
24;2857.0;1325.0;0.02;-0.03;-0.03;0.0469041575982;0;-14940;
24;2792.0;1325.0;0.0;0.01;-0.08;0.080622577483;0;-14960;
24;3147.0;1325.0;0.04;-0.04;0.03;0.0640312423743;0;-14980;
24;2809.0;1325.0;0.03;0.01;-0.05;0.059160797831;0;-15000;
24;2743.0;1324.0;0.07;-0.06;0.03;0.0969535971483;0;-15020;
24;2795.0;1326.0;0.04;-0.03;0.0;0.05;0;-15040;
24;3171.0;1325.0;0.05;-0.04;-0.03;0.0707106781187;0;-15060;
24;3158.0;1326.0;0.04;-0.02;0.03;0.0538516480713;0;-15080;
24;3109.0;1326.0;0.05;-0.01;-0.04;0.0648074069841;0;-15100;
24;3215.0;1326.0;0.04;0.01;-0.01;0.0424264068712;0;-15120;
24;2899.0;1325.0;0.03;0.0;-0.02;0.0360555127546;0;-15140;
24;2831.0;1325.0;0.05;-0.03;-0.01;0.059160797831;0;-15160;
