26;3128.0;2351.0;-0.07;2.72;-9.47;9.85313148192;9.85313148192;
26;3157.0;2390.0;-0.1;2.71;-9.46;9.84102128846;19.6941527704;
26;3145.0;2377.0;-0.06;2.76;-9.45;9.84498349415;29.5391362645;
26;3141.0;2376.0;-0.11;2.67;-9.45;9.82056515685;39.3597014214;
26;3307.0;2370.0;-0.05;2.7;-9.29;9.67453358049;49.0342350019;
26;3319.0;2368.0;-0.07;2.67;-9.31;9.68555109428;58.7197860962;
26;3125.0;2363.0;-0.1;2.73;-9.36;9.75051280703;68.4702989032;
26;3165.0;2394.0;-0.09;2.73;-9.38;9.76961616442;78.2399150676;
26;3146.0;2377.0;-0.08;2.72;-9.45;9.83398698392;88.0739020515;
26;3143.0;2375.0;-0.06;2.72;-9.38;9.76659613171;97.8404981832;
26;3157.0;2394.0;-0.03;2.72;-9.36;9.74725089448;107.587749078;
26;3148.0;2368.0;-0.08;2.74;-9.41;9.80112748616;117.388876564;
26;3143.0;2371.0;-0.09;2.69;-9.52;9.89315925274;127.282035817;
26;3154.0;2372.0;-0.04;2.71;-9.41;9.79253797542;137.074573792;
26;3135.0;2357.0;-0.02;2.74;-9.37;9.76242285501;146.836996647;
26;3155.0;2390.0;-0.04;2.68;-9.41;9.78427820537;156.621274852;
26;3141.0;2365.0;-0.09;2.67;-9.47;9.83960873206;166.460883584;
26;3165.0;2402.0;-0.07;2.7;-9.51;9.88610135493;176.346984939;
26;3136.0;2354.0;-0.12;2.7;-9.51;9.88658181577;186.233566755;
26;3132.0;2354.0;-0.08;2.7;-9.4;9.7804089894;196.013975745;
26;3140.0;2368.0;-0.1;2.66;-9.39;9.76000512295;205.773980868;
26;3136.0;2361.0;-0.11;2.69;-9.36;9.73949690692;215.513477774;
26;3148.0;2371.0;-0.09;2.72;-9.35;9.73801827889;225.251496053;
26;3144.0;2371.0;-0.08;2.68;-9.41;9.78452349376;235.036019547;
26;3168.0;2372.0;-0.08;2.69;-9.49;9.864208027;244.900227574;
26;3137.0;2361.0;-0.08;2.74;-9.32;9.7147516695;254.614979244;
26;3166.0;2396.0;-0.08;2.75;-9.42;9.81352637944;264.428505623;
26;3163.0;2399.0;-0.06;2.74;-9.35;9.74339263296;274.171898256;
26;3153.0;2381.0;-0.06;2.75;-9.35;9.7462095196;283.918107776;
26;3145.0;2362.0;-0.12;2.78;-9.39;9.7936152671;293.711723043;
26;3143.0;2375.0;-0.07;2.77;-9.34;9.74235084566;303.454073888;
26;3187.0;2391.0;-0.07;2.7;-9.47;9.8476291563;313.301703045;
26;3161.0;2398.0;-0.02;2.65;-9.41;9.77604214394;323.077745189;
26;3135.0;2365.0;-0.15;2.8;-9.34;9.75182547014;332.829570659;
26;3153.0;2373.0;-0.05;2.83;-9.27;9.69248678101;342.52205744;
26;3185.0;2396.0;-0.02;2.86;-9.35;9.77765309264;352.299710532;
26;3157.0;2391.0;0.0;2.83;-9.39;9.80719123909;362.106901771;
26;3143.0;2379.0;-0.06;2.76;-9.36;9.7586269526;371.865528724;
26;3170.0;2370.0;-0.03;2.8;-9.35;9.76029712662;381.625825851;
26;3157.0;2357.0;-0.06;2.74;-9.39;9.78178409085;391.407609942;
26;3138.0;2366.0;-0.11;2.74;-9.51;9.89746432173;401.305074263;
26;3138.0;2372.0;-0.1;2.8;-9.48;9.88536291696;411.19043718;
26;3140.0;2375.0;-0.1;2.74;-9.4;9.79171078004;420.98214796;
26;3185.0;2394.0;-0.1;2.73;-9.32;9.71212129249;430.694269253;
26;3154.0;2380.0;-0.08;2.73;-9.3;9.69274470932;440.387013962;
26;3130.0;2369.0;-0.06;2.85;-9.32;9.7462043894;450.133218351;
26;3156.0;2364.0;-0.04;2.85;-9.37;9.79392668954;459.927145041;
26;3162.0;2391.0;-0.04;2.86;-9.43;9.85424274107;469.781387782;
26;3141.0;2366.0;-0.11;2.82;-9.35;9.76662684861;479.548014631;
26;3148.0;2376.0;-0.11;2.74;-9.43;9.82062116162;489.368635792;
26;3153.0;2368.0;-0.15;2.81;-9.48;9.88883208473;499.257467877;
26;3146.0;2377.0;-0.11;2.75;-9.48;9.87142340293;509.12889128;
26;3148.0;2374.0;-0.13;2.75;-9.37;9.76607904944;518.894970329;
26;3230.0;2367.0;-0.12;2.73;-9.35;9.74113956373;528.636109893;
26;3161.0;2396.0;-0.11;2.81;-9.4;9.81163594922;538.447745842;
26;3140.0;2362.0;-0.1;2.74;-9.31;9.70534388881;548.153089731;
26;3155.0;2375.0;-0.1;2.73;-9.38;9.76971340419;557.922803135;
26;3148.0;2367.0;-0.08;2.74;-9.33;9.72434573635;567.647148872;
26;3135.0;2360.0;-0.09;2.74;-9.32;9.71483916491;577.361988037;
26;3152.0;2361.0;-0.11;2.75;-9.38;9.77542837936;587.137416416;
26;3139.0;2363.0;-0.05;2.82;-9.39;9.80443777072;596.941854187;
26;3149.0;2382.0;-0.1;2.79;-9.48;9.88253509986;606.824389287;
26;3163.0;2399.0;-0.12;2.81;-9.43;9.84049795488;616.664887241;
26;3148.0;2371.0;-0.11;2.76;-9.36;9.75906245497;626.423949696;
26;3132.0;2362.0;-0.11;2.75;-9.39;9.78502427181;636.208973968;
26;3145.0;2369.0;-0.14;2.72;-9.4;9.78662352397;645.995597492;
26;3158.0;2373.0;-0.11;2.74;-9.39;9.78221856227;655.777816054;
26;3141.0;2360.0;-0.1;2.78;-9.37;9.7742160811;665.552032136;
26;3141.0;2366.0;-0.1;2.79;-9.29;9.7004226712;675.252454807;
26;3148.0;2368.0;-0.09;2.76;-9.45;9.84521203428;685.097666841;
26;3148.0;2377.0;-0.09;2.76;-9.42;9.81641991767;694.914086759;
26;3160.0;2359.0;-0.11;2.76;-9.37;9.76865395026;704.682740709;
26;3127.0;2354.0;-0.11;2.76;-9.28;9.68236024944;714.365100958;
26;3169.0;2371.0;-0.13;2.78;-9.37;9.77456904421;724.139670003;
26;3148.0;2373.0;-0.18;2.76;-9.39;9.78887634001;733.928546343;
26;3154.0;2387.0;-0.04;2.89;-9.6;10.0256520985;743.954198441;
26;3138.0;2358.0;-0.18;2.69;-9.37;9.75014871681;753.704347158;
26;3195.0;2392.0;-0.1;2.74;-9.28;9.67656964012;763.380916798;
26;3151.0;2381.0;-0.1;2.74;-9.28;9.67656964012;773.057486438;
26;3152.0;2390.0;-0.21;2.71;-9.52;9.90043433391;782.957920772;
26;3134.0;2360.0;-0.23;2.6;-9.29;9.6497150217;792.607635794;
26;3177.0;2372.0;-0.15;2.63;-9.32;9.68513293662;802.29276873;
26;3186.0;2380.0;-0.05;2.77;-9.3;9.70388581961;811.99665455;
26;3148.0;2375.0;-0.01;2.82;-9.45;9.86179496846;821.858449519;
26;3285.0;2372.0;-0.07;2.77;-9.5;9.89584761402;831.754297133;
26;3161.0;2385.0;-0.06;2.85;-9.18;9.61241384877;841.366710981;
26;3146.0;2381.0;-0.13;2.75;-9.63;10.015802514;851.382513495;
26;3154.0;2384.0;-0.13;2.76;-9.47;9.86485681599;861.247370311;
26;3136.0;2373.0;-0.06;2.83;-9.31;9.7308067497;870.978177061;
26;3144.0;2374.0;-0.11;2.71;-9.38;9.76425112336;880.742428184;
26;3162.0;2398.0;-0.11;2.71;-9.39;9.77385798956;890.516286174;
26;3178.0;2392.0;-0.05;2.78;-9.49;9.88893320839;900.405219382;
26;3145.0;2369.0;-0.07;2.73;-9.48;9.86550556231;910.270724945;
26;3160.0;2373.0;-0.07;2.81;-9.42;9.83043234044;920.101157285;
26;3134.0;2355.0;-0.07;2.69;-9.34;9.71990740697;929.821064692;
26;3148.0;2373.0;-0.08;2.7;-9.37;9.75157935926;939.572644051;
26;3164.0;2400.0;-0.08;2.71;-9.36;9.74474730303;949.317391354;
26;3155.0;2376.0;-0.07;2.83;-9.46;9.87448226491;959.191873619;
26;3209.0;2392.0;-0.12;2.74;-9.47;9.85915310765;969.051026727;
26;3151.0;2381.0;-0.11;2.74;-9.39;9.78221856227;978.833245289;
26;3143.0;2368.0;-0.08;2.79;-9.33;9.7385522538;988.571797543;
26;3148.0;2381.0;-0.12;2.77;-9.45;9.84833996164;998.420137505;
26;3161.0;2394.0;-0.13;2.76;-9.38;9.77849170373;1008.19862921;
26;3164.0;2395.0;0.4;2.39;-10.2;10.4838971761;1018.68252638;
26;3147.0;2370.0;0.13;2.62;-10.35;10.6772562019;1029.35978259;
26;3164.0;2393.0;-0.44;2.55;-9.89;10.2229252174;1039.5827078;
26;3149.0;2379.0;-0.36;2.35;-9.25;9.55063348684;1049.13334129;
26;3142.0;2366.0;0.19;3.08;-8.9;9.41979299136;1058.55313428;
26;3139.0;2368.0;-0.12;2.82;-9.69;10.0927151946;1068.64584948;
26;3146.0;2376.0;-0.1;3.39;-9.65;10.2286167198;1078.8744662;
26;3156.0;2390.0;0.06;2.93;-9.45;9.89398807357;1088.76845427;
26;3151.0;2378.0;-0.14;2.66;-9.5;9.86636711257;1098.63482138;
26;3137.0;2374.0;0.08;2.51;-9.05;9.3919646507;1108.02678603;
26;3136.0;2352.0;-0.12;2.89;-9.32;9.75852960235;1117.78531564;
26;3155.0;2378.0;0.0;2.8;-9.35;9.76025102136;1127.54556666;
26;3151.0;2371.0;-0.13;2.92;-9.41;9.85349684122;1137.3990635;
26;3155.0;2387.0;-0.28;2.89;-9.3;9.74271522729;1147.14177873;
26;3159.0;2375.0;-0.09;2.45;-9.38;9.69510185609;1156.83688058;
26;3149.0;2380.0;-0.05;2.52;-9.45;9.78035786666;1166.61723845;
26;3145.0;2370.0;-0.08;2.62;-9.51;9.86462873098;1176.48186718;
26;3157.0;2394.0;-0.16;2.65;-9.35;9.71959875715;1186.20146594;
26;3147.0;2374.0;-0.13;2.82;-9.42;9.83390563306;1196.03537157;
26;3167.0;2401.0;-0.11;2.85;-9.37;9.79446272135;1205.82983429;
26;3152.0;2381.0;-0.11;2.86;-9.37;9.79737720005;1215.62721149;
26;3149.0;2380.0;-0.09;2.83;-9.36;9.77888541706;1225.40609691;
26;3151.0;2377.0;-0.11;2.84;-9.33;9.75328662554;1235.15938353;
26;3247.0;2404.0;-0.11;2.79;-9.34;9.7484255139;1244.90780905;
26;3135.0;2362.0;-0.1;2.77;-9.43;9.82892669624;1254.73673574;
26;3147.0;2383.0;-0.08;2.76;-9.38;9.77795479638;1264.51469054;
26;3162.0;2398.0;-0.07;2.74;-9.31;9.7050811434;1274.21977168;
26;3174.0;2367.0;-0.09;2.73;-9.44;9.82723765867;1284.04700934;
26;3133.0;2363.0;-0.11;2.72;-9.38;9.76703127875;1293.81404062;
26;3146.0;2373.0;-0.1;2.76;-9.43;9.82611316849;1303.64015379;
26;3137.0;2369.0;-0.1;2.75;-9.37;9.76572577948;1313.40587957;
26;3151.0;2387.0;-0.14;2.77;-9.32;9.72393438892;1323.12981396;
26;3156.0;2376.0;-0.12;2.8;-9.34;9.75141015443;1332.88122411;
26;3147.0;2380.0;-0.15;2.77;-9.4;9.80078568279;1342.68200979;
26;3148.0;2378.0;-0.11;2.81;-9.36;9.77332082764;1352.45533062;
26;3145.0;2374.0;-0.07;2.8;-9.44;9.84675073311;1362.30208136;
26;3179.0;2379.0;-0.08;2.79;-9.45;9.85357803034;1372.15565939;
26;3139.0;2364.0;-0.09;2.8;-9.41;9.8181566498;1381.97381604;
26;3145.0;2364.0;-0.16;2.72;-9.33;9.71971707407;1391.69353311;
26;3152.0;2367.0;-0.18;2.69;-9.28;9.66368977151;1401.35722288;
26;3195.0;2395.0;-0.08;2.78;-9.44;9.84115846839;1411.19838135;
26;3143.0;2376.0;-0.08;2.84;-9.33;9.75299441197;1420.95137576;
26;3139.0;2358.0;-0.12;2.82;-9.42;9.833778521;1430.78515428;
26;3148.0;2379.0;-0.08;2.76;-9.31;9.71082385794;1440.49597814;
26;3138.0;2352.0;-0.05;2.78;-9.37;9.77383241109;1450.26981055;
26;3260.0;2381.0;-0.07;2.8;-9.45;9.85633806238;1460.12614861;
26;3291.0;2369.0;0.0;2.48;-8.92;9.25833678368;1469.3844854;
26;3153.0;2379.0;0.0;2.83;-9.41;9.82634214751;1479.21082755;
26;3141.0;2372.0;-0.03;2.82;-9.44;9.85225354932;1489.06308109;
26;3134.0;2357.0;-0.11;2.74;-9.37;9.76302207311;1498.82610317;
26;3141.0;2382.0;0.0;2.89;-9.51;9.93942654281;1508.76552971;
26;3152.0;2383.0;-0.06;2.85;-9.31;9.73664213166;1518.50217184;
26;3160.0;2394.0;-0.04;2.8;-9.23;9.64543933681;1528.14761118;
26;3134.0;2363.0;-0.11;2.73;-9.41;9.7986274549;1537.94623863;
26;3160.0;2397.0;-0.07;2.85;-9.35;9.77496291553;1547.72120155;
26;3165.0;2392.0;-0.11;2.8;-9.47;9.87587970765;1557.59708126;
26;3156.0;2375.0;-0.09;2.67;-9.47;9.83960873206;1567.43668999;
26;3147.0;2367.0;-0.11;2.71;-9.45;9.83151565121;1577.26820564;
26;3168.0;2361.0;-0.1;2.74;-9.41;9.80131113678;1587.06951678;
26;3153.0;2386.0;-0.08;2.7;-9.4;9.7804089894;1596.84992577;
26;3153.0;2375.0;-0.09;2.66;-9.34;9.71181239522;1606.56173816;
26;3174.0;2373.0;-0.09;2.7;-9.37;9.75166652424;1616.31340469;
26;3145.0;2373.0;-0.03;2.75;-9.41;9.80364728048;1626.11705197;
26;3160.0;2374.0;-0.08;2.77;-9.39;9.79037282232;1635.90742479;
26;3152.0;2380.0;-0.08;2.75;-9.3;9.69839677473;1645.60582156;
26;3157.0;2391.0;-0.07;2.82;-9.45;9.86203832886;1655.46785989;
26;3149.0;2381.0;-0.1;2.76;-9.32;9.7205966895;1665.18845658;
26;3149.0;2373.0;-0.08;2.72;-9.39;9.77634389739;1674.96480048;
26;3149.0;2378.0;-0.1;2.74;-9.46;9.84932484996;1684.81412533;
26;3140.0;2369.0;-0.13;2.44;-8.49;8.83462506279;1693.64875039;
26;3138.0;2355.0;0.3;2.29;-8.81;9.10770003898;1702.75645043;
26;3136.0;2363.0;-0.11;2.96;-9.39;9.84610582921;1712.60255626;
26;3154.0;2390.0;-0.11;2.54;-9.1;9.4484760676;1722.05103233;
26;3161.0;2364.0;-0.02;3.37;-9.44;10.0235173467;1732.07454967;
26;3197.0;2397.0;-0.28;2.64;-9.43;9.79657593244;1741.87112561;
26;3164.0;2379.0;-0.41;2.58;-9.47;9.82371620111;1751.69484181;
26;3156.0;2363.0;-0.16;2.62;-9.63;9.98132756701;1761.67616938;
26;3163.0;2396.0;-0.23;2.63;-9.43;9.79258392867;1771.4687533;
26;3144.0;2374.0;-0.01;2.59;-9.34;9.6924609878;1781.16121429;
26;3145.0;2376.0;-0.09;2.64;-9.25;9.6197817023;1790.78099599;
26;3164.0;2394.0;0.07;2.88;-9.27;9.70732712954;1800.48832312;
26;3151.0;2379.0;0.12;2.92;-9.38;9.8247239147;1810.31304704;
26;3144.0;2373.0;-0.02;2.87;-9.11;9.55140827313;1819.86445531;
26;3150.0;2372.0;-0.07;2.61;-9.58;9.92942092974;1829.79387624;
26;3135.0;2359.0;-0.06;2.63;-9.62;9.97320911242;1839.76708535;
26;3139.0;2376.0;-0.18;2.53;-9.31;9.64932121965;1849.41640657;
26;3141.0;2364.0;-0.12;2.71;-9.46;9.84124483996;1859.25765141;
26;3169.0;2399.0;-0.15;2.74;-9.46;9.84995939078;1869.1076108;
26;3140.0;2371.0;-0.11;2.69;-9.43;9.80678846514;1878.91439927;
26;3168.0;2392.0;-0.09;2.64;-9.5;9.86041074195;1888.77481001;
26;3147.0;2383.0;-0.11;2.64;-9.41;9.77393472456;1898.54874474;
26;3145.0;2365.0;-0.07;2.73;-9.4;9.78865670049;1908.33740144;
26;3153.0;2373.0;-0.12;2.68;-9.37;9.74647115627;1918.08387259;
26;3156.0;2393.0;-0.12;2.73;-9.38;9.76993858732;1927.85381118;
26;3167.0;2398.0;-0.08;2.67;-9.42;9.79140950017;1937.64522068;
26;3145.0;2378.0;-0.07;2.76;-9.36;9.7586935601;1947.40391424;
26;3166.0;2396.0;-0.05;2.74;-9.35;9.74333618429;1957.14725042;
26;3146.0;2380.0;-0.08;2.76;-9.31;9.71082385794;1966.85807428;
26;3143.0;2373.0;-0.12;2.73;-9.46;9.84677104436;1976.70484533;
26;3136.0;2365.0;-0.07;2.69;-9.46;9.83527325497;1986.54011858;
26;3153.0;2378.0;-0.08;2.7;-9.49;9.86693974847;1996.40705833;
26;3155.0;2387.0;-0.09;2.71;-9.31;9.69681906606;2006.1038774;
26;3133.0;2365.0;-0.05;2.73;-9.4;9.78853410884;2015.8924115;
26;3156.0;2389.0;-0.05;2.74;-9.33;9.72414520665;2025.61655671;
26;3188.0;2400.0;-0.05;2.76;-9.37;9.76816257031;2035.38471928;
26;3127.0;2353.0;-0.05;2.71;-9.38;9.76375952182;2045.1484788;
26;3172.0;2370.0;-0.03;2.81;-9.28;9.69615387667;2054.84463268;
26;3171.0;2400.0;-0.1;2.78;-9.4;9.80297913902;2064.64761182;
26;3164.0;2394.0;-0.08;2.72;-9.5;9.88204432291;2074.52965614;
26;3149.0;2394.0;-0.11;2.71;-9.59;9.96615773506;2084.49581388;
26;3160.0;2396.0;-0.09;2.76;-9.47;9.86441077815;2094.36022466;
26;3152.0;2386.0;-0.07;2.8;-9.38;9.78924409748;2104.14946875;
26;3133.0;2367.0;-0.05;2.76;-9.37;9.76816257031;2113.91763132;
26;3141.0;2367.0;-0.06;2.73;-9.31;9.70219562779;2123.61982695;
26;3146.0;2382.0;-0.02;2.69;-9.32;9.70045875204;2133.3202857;
26;3130.0;2356.0;-0.07;2.67;-9.37;9.74323868126;2143.06352438;
26;3152.0;2386.0;-0.07;2.67;-9.39;9.76247407167;2152.82599846;
26;3143.0;2370.0;-0.04;2.7;-9.27;9.65528352769;2162.48128198;
26;3143.0;2363.0;0.0;2.68;-9.21;9.59200187656;2172.07328386;
26;3171.0;2391.0;0.27;1.82;-9.2;9.38217991727;2181.45546378;
26;3137.0;2371.0;-0.16;2.66;-9.47;9.83778938583;2191.29325316;
26;3140.0;2355.0;0.03;2.49;-9.47;9.79193035106;2201.08518351;
26;3165.0;2401.0;-0.17;2.69;-9.52;9.89421042833;2210.97939394;
26;3140.0;2364.0;-0.05;2.57;-9.27;9.61978689993;2220.59918084;
26;3167.0;2395.0;-0.13;2.61;-9.4;9.75648502279;2230.35566587;
26;3148.0;2376.0;-0.16;2.63;-9.6;9.95502385733;2240.31068972;
26;3140.0;2371.0;-0.04;2.85;-9.24;9.66962770741;2249.98031743;
26;3160.0;2397.0;-0.05;2.63;-9.34;9.70334993701;2259.68366737;
26;3151.0;2379.0;-0.21;2.89;-9.46;9.89382635789;2269.57749372;
26;3140.0;2371.0;-0.07;2.73;-9.37;9.7598514333;2279.33734516;
26;3146.0;2368.0;-0.56;3.26;-9.52;10.0782736617;2289.41561882;
26;3142.0;2370.0;-0.19;3.05;-9.41;9.89377076751;2299.30938959;
26;3126.0;2357.0;-0.06;2.81;-9.24;9.65801739489;2308.96740698;
26;3140.0;2371.0;-0.14;2.84;-9.58;9.99307760402;2318.96048459;
26;3152.0;2390.0;-0.2;2.8;-9.55;9.95401928871;2328.91450387;
26;3181.0;2393.0;-0.08;2.74;-9.31;9.7051584222;2338.6196623;
26;3150.0;2376.0;-0.11;2.77;-9.33;9.73313413038;2348.35279643;
26;3167.0;2400.0;-0.1;2.74;-9.47;9.85892996222;2358.21172639;
26;3150.0;2380.0;-0.06;2.81;-9.4;9.8112027805;2368.02292917;
26;3133.0;2355.0;-0.17;2.73;-9.48;9.86672184669;2377.88965102;
26;3180.0;2359.0;-0.17;2.66;-9.19;9.5687303233;2387.45838134;
26;3168.0;2396.0;-0.2;2.65;-9.29;9.66263939097;2397.12102073;
26;3165.0;2357.0;-0.08;2.72;-9.22;9.6131784546;2406.73419919;
26;3131.0;2361.0;-0.18;2.81;-9.43;9.84141250025;2416.57561169;
26;3163.0;2397.0;-0.16;2.77;-9.49;9.88729487777;2426.46290656;
26;3145.0;2371.0;-0.18;2.74;-9.44;9.83125627781;2436.29416284;
26;3131.0;2369.0;-0.06;2.75;-9.19;9.59282023182;2445.88698307;
26;3174.0;2393.0;-0.2;2.92;-9.48;9.92153213975;2455.80851521;
26;3165.0;2381.0;-0.03;2.69;-9.46;9.83506990316;2465.64358512;
26;3152.0;2389.0;-0.11;2.78;-9.27;9.6785019502;2475.32208707;
26;3150.0;2381.0;-0.13;2.75;-9.25;9.651005129;2484.9730922;
26;3155.0;2386.0;-0.15;2.71;-9.38;9.76478366376;2494.73787586;
26;3141.0;2374.0;-0.14;2.66;-9.43;9.79898464128;2504.5368605;
26;3144.0;2371.0;-0.11;2.71;-9.38;9.76425112336;2514.30111162;
26;3134.0;2368.0;-0.13;2.71;-9.36;9.74528603993;2524.04639766;
26;3165.0;2399.0;-0.11;2.72;-9.37;9.75742793978;2533.8038256;
26;3152.0;2367.0;-0.06;2.74;-9.39;9.78178409085;2543.58560969;
26;3146.0;2363.0;-0.04;2.76;-9.45;9.84488191905;2553.43049161;
26;3148.0;2373.0;-0.14;2.71;-9.37;9.75502947202;2563.18552109;
26;3160.0;2380.0;-0.13;2.74;-9.48;9.86888544872;2573.05440653;
26;3239.0;2396.0;-0.16;2.66;-9.44;9.80891431301;2582.86332085;
26;3181.0;2373.0;-0.1;2.72;-9.39;9.77652801356;2592.63984886;
26;3157.0;2379.0;-0.09;2.74;-9.35;9.74362355595;2602.38347242;
26;3140.0;2363.0;-0.09;2.74;-9.37;9.76281721636;2612.14628963;
26;3134.0;2355.0;-0.14;2.7;-9.44;9.81953155706;2621.96582119;
26;3137.0;2363.0;-0.12;2.73;-9.4;9.78914194401;2631.75496313;
26;3149.0;2376.0;-0.11;2.78;-9.37;9.774323506;2641.52928664;
26;3172.0;2376.0;-0.15;2.74;-9.34;9.73476758839;2651.26405423;
26;3136.0;2358.0;-0.15;2.7;-9.39;9.77162217853;2661.03567641;
26;3120.0;2349.0;-0.13;2.67;-9.2;9.58049059287;2670.616167;
26;3142.0;2384.0;-0.08;2.7;-9.18;9.5691587927;2680.18532579;
26;3153.0;2377.0;-0.08;2.7;-9.18;9.5691587927;2689.75448459;
26;3151.0;2388.0;0.27;2.54;-9.59;9.92434380702;2699.67882839;
26;3135.0;2376.0;-0.55;2.65;-9.6;9.97421676123;2709.65304515;
26;3137.0;2366.0;-0.01;3.46;-9.14;9.77298828404;2719.42603344;
26;3160.0;2384.0;-0.01;3.46;-9.14;9.77298828404;2729.19902172;
26;3151.0;2381.0;-0.44;3.82;-9.37;10.1283216774;2739.3273434;
26;3139.0;2368.0;-0.5;1.84;-9.84;10.023033473;2749.35037687;
26;3223.0;2368.0;0.0;2.24;-9.31;9.57568274328;2758.92605962;
26;3137.0;2359.0;-0.02;2.52;-8.92;9.26915314363;2768.19521276;
26;3154.0;2380.0;0.12;2.35;-8.53;8.84860440974;2777.04381717;
26;3161.0;2395.0;-0.27;1.95;-8.34;8.56918899313;2785.61300616;
26;3161.0;2397.0;-0.28;1.89;-8.63;8.83897052829;2794.45197669;
26;3144.0;2369.0;-0.08;1.94;-9.89;10.0787945708;2804.53077126;
26;3141.0;2372.0;-0.49;2.69;-9.38;9.77039405551;2814.30116532;
26;3150.0;2369.0;-0.25;2.77;-9.35;9.75489108089;2824.0560564;
26;3151.0;2374.0;-0.11;2.68;-9.14;9.5254448715;2833.58150127;
26;3145.0;2374.0;0.01;2.34;-10.04;10.3090882235;2843.89058949;
26;3164.0;2395.0;0.03;2.2;-9.62;9.86839905962;2853.75898855;
26;3136.0;2369.0;0.45;0.66;-7.33;7.37339813112;2861.13238668;
26;3151.0;2379.0;0.52;2.39;-14.34;14.5470993672;2875.67948605;
26;3164.0;2399.0;-2.61;4.1;-12.74;13.6356041304;2889.31509018;
26;3138.0;2355.0;0.1;3.18;-9.92;10.4177156805;2899.73280586;
26;3131.0;2363.0;-0.38;2.37;-9.7;9.99256223398;2909.7253681;
26;3154.0;2384.0;-0.16;2.4;-9.48;9.78038854034;2919.50575664;
26;3134.0;2353.0;-0.03;2.61;-9.24;9.60159361773;2929.10735025;
26;3325.0;2375.0;-0.46;3.14;-9.83;10.3295740474;2939.4369243;
26;3136.0;2364.0;-0.27;2.82;-9.46;9.87506455675;2949.31198886;
26;3143.0;2372.0;-0.27;2.78;-9.34;9.74868709109;2959.06067595;
26;3139.0;2362.0;-0.12;3.39;-9.47;10.0591947988;2969.11987075;
26;3144.0;2374.0;0.0;2.57;-9.29;9.63893147605;2978.75880222;
26;3140.0;2370.0;0.17;2.14;-10.83;11.0407155565;2989.79951778;
26;3145.0;2372.0;-0.11;3.14;-10.14;10.6156158559;3000.41513364;
26;3141.0;2362.0;0.07;3.12;-7.99;8.57784355185;3008.99297719;
26;3134.0;2353.0;-0.61;3.49;-7.47;8.26759336204;3017.26057055;
26;3162.0;2390.0;-0.37;2.52;-9.36;9.70035566358;3026.96092621;
26;3152.0;2376.0;-1.12;2.8;-9.23;9.71016477718;3036.67109099;
26;3219.0;2373.0;0.09;2.61;-7.92;8.3394604142;3045.0105514;
26;3166.0;2377.0;-0.24;3.28;-7.82;8.48341912203;3053.49397053;
26;3128.0;2354.0;-0.02;2.67;-8.88;9.27273961675;3062.76671014;
26;3140.0;2373.0;-0.05;2.81;-9.42;9.83031026977;3072.59702041;
26;3177.0;2369.0;-0.03;2.79;-9.44;9.84370865071;3082.44072906;
26;3146.0;2372.0;-0.14;2.65;-9.61;9.96966398631;3092.41039305;
26;3149.0;2381.0;0.0;2.81;-9.37;9.78227989786;3102.19267295;
26;3140.0;2368.0;0.0;2.77;-9.47;9.86680292699;3112.05947588;
26;3151.0;2376.0;0.01;2.82;-9.42;9.83305140839;3121.89252728;
26;3145.0;2370.0;-0.02;2.77;-9.32;9.72294708409;3131.61547437;
26;3137.0;2364.0;-0.06;2.85;-9.34;9.76533153559;3141.3808059;
26;3163.0;2398.0;0.01;2.86;-9.21;9.6438477798;3151.02465368;
26;3164.0;2398.0;-0.01;2.83;-9.37;9.78804883519;3160.81270252;
26;3135.0;2369.0;-0.02;2.8;-9.48;9.88487733864;3170.69757986;
26;3132.0;2356.0;0.09;2.8;-9.25;9.66491593342;3180.36249579;
26;3165.0;2392.0;0.01;2.79;-9.29;9.69991237074;3190.06240816;
26;3151.0;2384.0;0.0;2.8;-9.48;9.88485710569;3199.94726527;
26;3149.0;2370.0;-0.05;2.78;-9.35;9.75466042464;3209.70192569;
26;3161.0;2404.0;-0.05;2.78;-9.35;9.75466042464;3219.45658612;
26;3133.0;2367.0;0.05;2.77;-9.43;9.82854516193;3229.28513128;
26;3150.0;2374.0;0.01;2.82;-9.4;9.8138932132;3239.09902449;
26;3149.0;2372.0;0.05;2.84;-9.34;9.76236139466;3248.86138589;
26;3152.0;2376.0;-0.03;2.82;-9.33;9.74690720177;3258.60829309;
26;3134.0;2355.0;0.0;2.79;-9.27;9.68075410286;3268.28904719;
26;3159.0;2388.0;0.0;2.78;-9.26;9.6682987128;3277.9573459;
26;3131.0;2355.0;-0.05;2.84;-9.35;9.77192918517;3287.72927509;
26;3140.0;2373.0;0.0;2.75;-9.47;9.8612068227;3297.59048191;
26;3163.0;2360.0;0.02;2.73;-9.32;9.71162705215;3307.30210896;
26;3140.0;2364.0;0.03;2.7;-9.29;9.67445088881;3316.97655985;
26;3180.0;2378.0;0.08;2.74;-9.22;9.61885648089;3326.59541633;
26;3148.0;2383.0;0.38;2.61;-9.42;9.78227478657;3336.37769112;
26;3140.0;2368.0;-0.05;2.82;-9.48;9.89066731823;3346.26835844;
26;3156.0;2385.0;-0.01;2.74;-9.57;9.95452660853;3356.22288505;
26;3147.0;2380.0;-0.02;2.73;-9.68;10.0576190025;3366.28050405;
26;3134.0;2360.0;-0.02;2.56;-9.37;9.71343914378;3375.99394319;
26;3167.0;2369.0;0.12;2.77;-9.45;9.84833996164;3385.84228315;
26;3154.0;2388.0;0.1;2.74;-9.25;9.64780285868;3395.49008601;
26;3151.0;2387.0;0.12;2.87;-9.29;9.72396009864;3405.21404611;
26;3142.0;2372.0;-0.06;2.79;-9.58;9.97818119699;3415.19222731;
26;3149.0;2385.0;-0.07;2.7;-9.56;9.93420857442;3425.12643588;
26;3161.0;2388.0;0.1;2.82;-9.48;9.89104645627;3435.01748234;
26;3149.0;2379.0;0.28;2.72;-9.47;9.85686055496;3444.87434289;
26;3147.0;2376.0;0.0;2.63;-9.36;9.72247396499;3454.59681686;
26;3154.0;2378.0;-0.21;2.55;-9.54;9.87715546096;3464.47397232;
26;3187.0;2379.0;-0.05;2.73;-9.6;9.98075147471;3474.45472379;
26;3152.0;2374.0;0.08;2.91;-9.61;10.0412449427;3484.49596874;
26;3131.0;2368.0;0.22;2.82;-9.4;9.81635370186;3494.31232244;
26;3139.0;2370.0;0.07;2.7;-9.38;9.76111161702;3504.07343406;
26;3152.0;2377.0;0.01;2.68;-9.39;9.7649679979;3513.83840205;
26;3146.0;2374.0;0.01;2.74;-9.49;9.87764141888;3523.71604347;
26;3134.0;2372.0;0.11;2.85;-9.94;10.3410927856;3534.05713626;
26;3148.0;2374.0;0.05;3.2;-9.48;10.0056434076;3544.06277967;
26;3146.0;2372.0;0.02;2.71;-9.54;9.91746439368;3553.98024406;
26;3147.0;2375.0;-0.06;2.71;-9.09;9.48555744277;3563.4658015;
26;3216.0;2366.0;0.17;2.86;-9.22;9.65488995276;3573.12069146;
26;3143.0;2366.0;-0.02;2.58;-9.23;9.58382491493;3582.70451637;
26;3153.0;2383.0;0.0;2.8;-9.44;9.84650191692;3592.55101829;
26;3149.0;2373.0;0.04;2.95;-9.39;9.84257080239;3602.39358909;
26;3148.0;2366.0;0.01;2.91;-9.36;9.8019283817;3612.19551747;
26;3166.0;2369.0;0.05;2.84;-9.46;9.87723139346;3622.07274886;
26;3123.0;2349.0;0.07;2.8;-9.4;9.80840965702;3631.88115852;
26;3166.0;2397.0;0.07;2.85;-9.49;9.9089605913;3641.79011911;
26;3147.0;2365.0;-0.24;3.09;-9.36;9.85978194485;3651.64990106;
26;3134.0;2363.0;0.03;2.82;-9.44;9.85225354932;3661.50215461;
26;3157.0;2380.0;0.09;2.8;-9.32;9.73193197675;3671.23408658;
26;3149.0;2371.0;0.07;2.77;-9.33;9.73276425277;3680.96685084;
26;3130.0;2368.0;0.09;2.86;-9.33;9.75892412103;3690.72577496;
26;3147.0;2378.0;0.03;2.84;-9.42;9.8388464771;3700.56462144;
26;3151.0;2391.0;0.02;2.84;-9.42;9.83882106759;3710.4034425;
26;3246.0;2373.0;0.05;2.79;-9.5;9.9013433432;3720.30478585;
26;3136.0;2368.0;0.03;2.78;-9.42;9.821695373;3730.12648122;
26;3155.0;2386.0;0.06;2.81;-9.39;9.8016223147;3739.92810353;
26;3136.0;2370.0;0.01;2.8;-9.4;9.80816496599;3749.7362685;
26;3144.0;2371.0;0.03;2.81;-9.39;9.80148458143;3759.53775308;
26;3147.0;2368.0;0.04;2.81;-9.37;9.78236167804;3769.32011476;
26;3155.0;2352.0;0.02;2.78;-9.35;9.75455278319;3779.07466754;
26;3138.0;2376.0;0.06;2.85;-9.3;9.72708075427;3788.8017483;
26;3137.0;2355.0;0.05;2.82;-9.46;9.87149937953;3798.67324768;
26;3148.0;2384.0;0.02;2.8;-9.41;9.81776451133;3808.49101219;
26;3134.0;2358.0;0.0;2.78;-9.37;9.77370451774;3818.26471671;
26;3147.0;2379.0;-0.02;2.83;-9.22;9.64456841958;3827.90928512;
26;3140.0;2373.0;0.0;2.81;-9.46;9.86852065915;3837.77780578;
26;3149.0;2369.0;0.05;2.77;-9.44;9.83814006812;3847.61594585;
26;3220.0;2373.0;0.02;2.78;-9.4;9.80248947972;3857.41843533;
26;3136.0;2362.0;-0.01;2.7;-9.41;9.78969866748;3867.208134;
26;3141.0;2377.0;0.02;2.74;-9.43;9.82002545822;3877.02815946;
26;3154.0;2386.0;0.08;2.78;-9.4;9.80279551965;3886.83095498;
26;3163.0;2392.0;0.09;2.81;-9.22;9.63911821693;3896.47007319;
26;3146.0;2374.0;0.05;2.67;-9.28;9.6565936023;3906.1266668;
26;3143.0;2372.0;0.0;2.92;-9.41;9.85263924033;3915.97930604;
26;3174.0;2395.0;0.06;2.8;-9.42;9.82751240142;3925.80681844;
26;3150.0;2377.0;0.01;2.77;-9.41;9.80923544421;3935.61605388;
26;3146.0;2362.0;0.0;2.72;-9.33;9.71840007409;3945.33445396;
26;3133.0;2365.0;0.03;2.82;-9.44;9.85225354932;3955.18670751;
26;3226.0;2371.0;0.02;2.85;-9.45;9.87043058838;3965.05713809;
26;3136.0;2359.0;0.02;2.85;-9.37;9.79386542689;3974.85100352;
26;3216.0;2376.0;0.04;2.85;-9.38;9.803494275;3984.6544978;
26;3165.0;2393.0;0.01;2.84;-9.41;9.82923191302;3994.48372971;
26;3140.0;2367.0;0.0;2.85;-9.37;9.79384500592;4004.27757471;
26;3142.0;2377.0;0.01;2.83;-9.35;9.76890474925;4014.04647946;
26;3138.0;2368.0;0.0;2.77;-9.37;9.77086485425;4023.81734432;
26;3139.0;2370.0;0.0;2.86;-9.35;9.77763263781;4033.59497696;
26;3135.0;2355.0;0.02;2.86;-9.36;9.7872161517;4043.38219311;
26;3154.0;2389.0;0.01;2.85;-9.44;9.86084174906;4053.24303486;
26;3154.0;2385.0;0.0;2.87;-9.42;9.84750222138;4063.09053708;
26;3152.0;2375.0;0.0;2.84;-9.38;9.8005101908;4072.89104727;
26;3146.0;2364.0;0.01;2.8;-9.36;9.76983623199;4082.6608835;
26;3135.0;2373.0;0.04;2.81;-9.35;9.76320644051;4092.42408994;
26;3143.0;2367.0;-0.03;2.91;-9.45;9.8879472086;4102.31203715;
26;3243.0;2375.0;0.11;2.47;-8.51;8.86189031753;4111.17392747;
26;3143.0;2377.0;-0.06;2.77;-9.56;9.95339640525;4121.12732387;
26;3163.0;2385.0;0.02;3.04;-9.59;10.0603230564;4131.18764693;
26;3149.0;2385.0;-0.14;2.76;-9.84;10.2207044767;4141.40835141;
26;3141.0;2378.0;0.05;2.68;-9.11;9.49615711749;4150.90450852;
26;3156.0;2385.0;0.11;2.85;-9.37;9.79446272135;4160.69897124;
26;3157.0;2393.0;-0.09;2.57;-9.49;9.8322479627;4170.53121921;
26;3142.0;2367.0;0.11;2.91;-9.48;9.91718710119;4180.44840631;
26;3146.0;2376.0;0.17;3.03;-9.43;9.90629597781;4190.35470229;
26;3129.0;2354.0;0.14;3.03;-9.36;9.83921236685;4200.19391465;
26;3145.0;2380.0;0.0;2.85;-9.25;9.67910119794;4209.87301585;
26;3138.0;2361.0;-0.07;2.67;-9.32;9.69516374282;4219.56817959;
26;3145.0;2374.0;0.05;2.78;-9.36;9.76424600264;4229.3324256;
26;3152.0;2367.0;0.12;2.88;-9.39;9.82246913968;4239.15489474;
26;3136.0;2359.0;0.05;2.85;-9.46;9.88011133541;4249.03500607;
26;3143.0;2360.0;-0.01;2.81;-9.35;9.76312962118;4258.79813569;
26;3150.0;2394.0;0.03;2.85;-9.4;9.8225963981;4268.62073209;
26;3165.0;2362.0;0.02;2.8;-9.37;9.77943249887;4278.40016459;
26;3135.0;2356.0;0.03;2.83;-9.38;9.79766298665;4288.19782758;
26;3141.0;2373.0;0.01;2.79;-9.41;9.81490193532;4298.01272951;
26;3166.0;2388.0;0.02;2.83;-9.37;9.78806415999;4307.80079367;
26;3157.0;2390.0;-0.08;2.75;-9.32;9.71757685846;4317.51837053;
26;3141.0;2371.0;0.0;2.96;-9.7;10.1415777865;4327.65994832;
26;3122.0;2352.0;0.14;2.98;-9.37;9.8334581913;4337.49340651;
26;3142.0;2370.0;0.09;2.96;-9.53;9.97950900596;4347.47291551;
26;3134.0;2357.0;0.22;2.99;-9.39;9.85700765953;4357.32992317;
26;3155.0;2393.0;0.01;2.79;-9.48;9.88203420354;4367.21195738;
26;3160.0;2389.0;-0.04;2.72;-9.47;9.85296402104;4377.0649214;
26;3147.0;2369.0;-0.06;2.77;-9.46;9.85738809219;4386.92230949;
26;3144.0;2376.0;-0.02;2.79;-9.48;9.88204938259;4396.80435887;
26;3143.0;2359.0;0.06;2.89;-9.23;9.6720525226;4406.4764114;
26;3134.0;2374.0;0.02;2.79;-9.38;9.78615859262;4416.26256999;
26;3131.0;2358.0;0.04;2.85;-9.37;9.79392668954;4426.05649668;
26;3142.0;2353.0;0.06;2.85;-9.36;9.78446217224;4435.84095885;
26;3139.0;2370.0;0.0;2.84;-9.38;9.8005101908;4445.64146904;
26;3180.0;2379.0;0.0;2.83;-9.35;9.76889963097;4455.41036867;
26;3125.0;2357.0;0.02;2.83;-9.4;9.8167866433;4465.22715532;
26;3134.0;2355.0;0.02;2.78;-9.42;9.82166991911;4475.04882523;
26;3132.0;2356.0;-0.01;2.82;-9.42;9.83305140839;4484.88187664;
26;3162.0;2400.0;0.0;2.86;-9.42;9.84459242427;4494.72646907;
26;3160.0;2374.0;0.02;2.88;-9.37;9.80263740021;4504.52910647;
26;3143.0;2370.0;-0.02;2.78;-9.51;9.9080220024;4514.43712847;
26;3142.0;2376.0;0.11;2.84;-9.46;9.87771734765;4524.31484582;
26;3164.0;2395.0;-0.14;2.77;-9.71;10.0983463993;4534.41319222;
26;3143.0;2365.0;0.0;2.87;-9.44;9.86663569815;4544.27982791;
26;3150.0;2382.0;-0.06;2.84;-9.48;9.89644380573;4554.17627172;
26;3146.0;2380.0;-0.08;2.85;-9.55;9.96651393417;4564.14278565;
26;3141.0;2352.0;-0.08;2.83;-9.6;10.0087611621;4574.15154682;
26;3139.0;2370.0;0.03;2.83;-9.37;9.78808970126;4583.93963652;
26;3147.0;2387.0;0.04;2.73;-9.4;9.78848813658;4593.72812465;
26;3128.0;2359.0;0.0;2.82;-9.32;9.73728915048;4603.4654138;
26;3132.0;2364.0;0.01;2.84;-9.32;9.74310525449;4613.20851906;
26;3141.0;2375.0;0.0;2.82;-9.41;9.82346680149;4623.03198586;
26;3143.0;2372.0;0.04;2.8;-9.29;9.70287070923;4632.73485657;
26;3143.0;2376.0;0.02;2.78;-9.4;9.80248947972;4642.53734605;
26;3160.0;2385.0;0.02;2.78;-9.4;9.80248947972;4652.33983553;
26;3139.0;2377.0;0.01;2.81;-9.41;9.82060588762;4662.16044142;
26;3136.0;2352.0;0.0;2.82;-9.28;9.69901025878;4671.85945168;
26;3162.0;2397.0;0.02;2.81;-9.3;9.7152714836;4681.57472316;
26;3145.0;2370.0;0.02;2.84;-9.37;9.79096011635;4691.36568328;
26;3143.0;2373.0;0.0;2.81;-9.37;9.78227989786;4701.14796317;
26;3269.0;2369.0;0.0;2.85;-9.43;9.85126387831;4710.99922705;
26;3184.0;2365.0;-0.03;2.83;-9.39;9.80723712368;4720.80646418;
26;3233.0;2395.0;0.04;2.84;-9.37;9.79102139718;4730.59748557;
26;3145.0;2376.0;0.0;2.8;-9.37;9.77941204777;4740.37689762;
26;3188.0;2370.0;0.01;2.78;-9.46;9.86002535494;4750.23692298;
26;3160.0;2387.0;-0.05;2.83;-9.39;9.80731869575;4760.04424167;
26;3145.0;2375.0;0.01;2.74;-9.29;9.68564917804;4769.72989085;
26;3186.0;2375.0;0.06;2.79;-9.37;9.77673769721;4779.50662855;
26;3139.0;2369.0;0.01;2.79;-9.43;9.83407850284;4789.34070705;
26;3142.0;2376.0;0.08;2.92;-9.35;9.79567761822;4799.13638467;
26;3166.0;2369.0;-0.04;2.84;-9.52;9.93466657719;4809.07105124;
26;3129.0;2359.0;0.09;2.81;-9.44;9.84976141843;4818.92081266;
26;3238.0;2375.0;-0.05;2.72;-9.4;9.78574984352;4828.70656251;
26;3147.0;2374.0;-0.03;2.73;-9.33;9.72124991963;4838.42781243;
26;3131.0;2368.0;0.0;3.12;-9.36;9.86630629973;4848.29411873;
26;3168.0;2394.0;0.0;2.88;-9.39;9.82173609908;4858.11585483;
26;3161.0;2389.0;0.17;2.81;-9.28;9.69759764065;4867.81345247;
26;3151.0;2389.0;-0.04;2.98;-9.59;10.0424150482;4877.85586751;
26;3154.0;2383.0;0.06;3.02;-9.12;9.60720562911;4887.46307314;
26;3140.0;2356.0;0.16;3.16;-9.17;9.70052060459;4897.16359375;
26;3122.0;2349.0;0.05;3.06;-9.24;9.73363755232;4906.8972313;
26;3151.0;2368.0;0.02;3.11;-9.25;9.75884214443;4916.65607344;
26;3140.0;2386.0;0.04;3.15;-9.32;9.83801301077;4926.49408646;
26;3153.0;2394.0;-0.08;3.11;-9.48;9.97741950606;4936.47150596;
26;3214.0;2376.0;0.02;3.27;-9.14;9.70736318472;4946.17886915;
26;3175.0;2376.0;0.05;3.35;-9.25;9.83806383391;4956.01693298;
26;3133.0;2362.0;0.0;3.33;-9.14;9.72771812914;4965.74465111;
26;3146.0;2380.0;0.11;3.41;-9.04;9.66239100844;4975.40704212;
26;3166.0;2351.0;0.08;3.4;-9.12;9.73348858324;4985.1405307;
26;3139.0;2380.0;0.04;3.51;-9.14;9.79087840799;4994.93140911;
26;3129.0;2363.0;0.05;4.2;-8.49;9.47220143367;5004.40361054;
26;3154.0;2372.0;0.03;4.12;-8.15;9.13223959388;5013.53585014;
26;3157.0;2386.0;-0.07;3.68;-8.55;9.30858743312;5022.84443757;
26;3145.0;2388.0;-0.08;2.53;-10.8;11.0926687501;5033.93710632;
26;3138.0;2370.0;-0.68;2.66;-10.88;11.2210694677;5045.15817579;
26;3147.0;2374.0;-0.72;2.91;-10.42;10.8426426668;5056.00081845;
26;3133.0;2363.0;0.11;3.09;-8.63;9.16717513741;5065.16799359;
26;3143.0;2373.0;-0.12;3.37;-9.23;9.82670850285;5074.99470209;
26;3164.0;2370.0;-0.2;3.2;-9.32;9.85608441522;5084.85078651;
26;3155.0;2396.0;0.13;3.11;-9.27;9.77864510042;5094.62943161;
26;3130.0;2368.0;0.0;3.02;-9.36;9.83514107677;5104.46457269;
26;3160.0;2398.0;0.0;3.0;-9.32;9.79093458256;5114.25550727;
26;3144.0;2381.0;-0.05;2.93;-9.38;9.82709519645;5124.08260247;
26;3138.0;2375.0;-0.04;3.05;-9.19;9.68298507693;5133.76558754;
26;3128.0;2362.0;-0.24;3.57;-8.59;9.30540703032;5143.07099457;
26;3134.0;2366.0;-0.37;3.25;-8.53;9.13566089563;5152.20665547;
26;3138.0;2372.0;0.05;3.25;-9.42;9.96500878073;5162.17166425;
26;3140.0;2376.0;-0.26;2.86;-9.36;9.79064859956;5171.96231285;
26;3175.0;2374.0;-0.35;2.71;-9.82;10.1930858919;5182.15539874;
26;3132.0;2370.0;0.28;3.29;-8.92;9.51151407506;5191.66691282;
26;3295.0;2373.0;-0.1;3.15;-8.91;9.45095762344;5201.11787044;
26;3143.0;2369.0;-0.05;3.11;-8.92;9.44674547133;5210.56461591;
26;3141.0;2381.0;-0.82;3.42;-10.69;11.2536616263;5221.81827754;
26;3134.0;2362.0;-0.03;2.48;-11.07;11.3444347589;5233.1627123;
26;3130.0;2354.0;-0.24;2.98;-10.08;10.5140097013;5243.676722;
26;3129.0;2364.0;-0.28;2.92;-8.2;8.7088920076;5252.38561401;
26;3139.0;2376.0;-0.24;3.15;-8.86;9.40636486641;5261.79197887;
26;3158.0;2376.0;-0.34;2.93;-9.21;9.67081175497;5271.46279063;
26;3152.0;2391.0;-0.41;3.31;-9.55;10.115666068;5281.57845669;
26;3151.0;2375.0;-0.25;2.89;-9.56;9.99040539718;5291.56886209;
26;3141.0;2372.0;-0.22;2.73;-9.47;9.85810326584;5301.42696536;
26;3155.0;2395.0;-0.08;2.77;-8.77;9.19740180703;5310.62436716;
26;3123.0;2355.0;-0.32;2.89;-9.41;9.84898979591;5320.47335696;
26;3163.0;2395.0;-0.21;3.11;-9.55;10.0458299806;5330.51918694;
26;3144.0;2366.0;-0.23;3.21;-9.5;10.0303040831;5340.54949102;
26;3146.0;2374.0;-0.24;3.26;-9.45;9.99938498109;5350.54887601;
26;3121.0;2347.0;-0.46;3.08;-9.27;9.77910527605;5360.32798128;
26;3212.0;2356.0;-0.14;2.87;-9.25;9.68602085482;5370.01400214;
26;3164.0;2396.0;-0.26;2.98;-9.29;9.75971823364;5379.77372037;
26;3142.0;2374.0;-0.27;2.81;-9.1;9.5278014253;5389.3015218;
26;3141.0;2371.0;-0.31;2.76;-9.24;9.64838328426;5398.94990508;
26;3127.0;2356.0;-0.24;3.02;-9.38;9.85709896471;5408.80700404;
26;3249.0;2387.0;-0.24;2.97;-9.45;9.90863259991;5418.71563664;
26;3144.0;2374.0;-0.23;2.97;-9.4;9.86072005484;5428.5763567;
26;3138.0;2366.0;-0.3;2.88;-9.3;9.74034906972;5438.31670577;
26;3149.0;2372.0;-0.25;2.92;-9.34;9.78899892737;5448.1057047;
26;3141.0;2372.0;-0.21;2.8;-9.44;9.84874103629;5457.95444573;
26;3166.0;2372.0;-0.3;2.78;-9.4;9.8070586824;5467.76150441;
26;3165.0;2395.0;-0.34;2.87;-9.41;9.84381023791;5477.60531465;
26;3138.0;2371.0;-0.43;2.85;-9.93;10.3398404243;5487.94515508;
26;3143.0;2379.0;-0.5;2.94;-9.61;10.0620922278;5498.0072473;
26;3121.0;2355.0;0.3;2.8;-9.78;10.1773473951;5508.1845947;
26;3153.0;2388.0;0.34;3.56;-8.86;9.55451725625;5517.73911196;
26;3164.0;2395.0;0.35;3.3;-8.73;9.33945394549;5527.0785659;
26;3141.0;2368.0;0.19;2.68;-8.86;9.25840699041;5536.33697289;
26;3137.0;2370.0;0.88;4.55;-8.49;9.67248675367;5546.00945965;
26;3136.0;2372.0;1.03;2.38;-8.76;9.13580319403;5555.14526284;
26;3172.0;2385.0;0.74;3.69;-9.91;10.6005565892;5565.74581943;
26;3156.0;2385.0;-0.11;2.52;-8.78;9.13514641371;5574.88096584;
26;3160.0;2397.0;-0.82;2.26;-8.57;8.90083703929;5583.78180288;
26;3234.0;2374.0;-0.09;2.25;-8.92;9.19983695508;5592.98163984;
26;3132.0;2350.0;-0.01;3.53;-9.62;10.2472142556;5603.22885409;
26;3148.0;2383.0;-0.05;3.72;-9.51;10.211806892;5613.44066098;
26;3150.0;2369.0;-0.3;3.51;-9.43;10.0665286966;5623.50718968;
26;3140.0;2369.0;0.33;3.73;-8.81;9.57276866951;5633.07995835;
26;3166.0;2391.0;0.24;3.65;-8.03;8.82388803193;5641.90384638;
26;3258.0;2375.0;0.2;3.6;-8.51;9.24229949742;5651.14614588;
26;3146.0;2365.0;-0.59;3.03;-9.35;9.84639527949;5660.99254116;
26;3132.0;2361.0;-0.73;2.55;-9.76;10.1140001977;5671.10654136;
26;3173.0;2410.0;-0.36;3.0;-10.32;10.7532320723;5681.85977343;
26;3160.0;2401.0;-0.03;2.49;-9.92;10.2277759068;5692.08754934;
26;3147.0;2382.0;0.03;3.08;-9.69;10.1677627824;5702.25531212;
26;3142.0;2382.0;0.11;2.77;-9.24;9.6468958738;5711.90220799;
26;3248.0;2382.0;-0.17;3.64;-10.32;10.9444460801;5722.84665407;
26;3151.0;2373.0;9.97;8.52;-10.65;16.894194269;5739.74084834;
26;3139.0;2363.0;1.49;7.72;-11.64;14.0466401677;5753.78748851;
26;3134.0;2359.0;9.53;-1.66;-4.92;10.8527830532;5764.64027156;
26;3149.0;2375.0;7.09;-3.33;-3.86;8.73250250501;5773.37277407;
26;3243.0;2442.0;0.74;-0.14;-9.72;9.74913329481;5783.12190736;
26;3107.0;2311.0;-2.26;5.6;-7.41;9.55906376169;5792.68097112;
26;3158.0;2315.0;-2.29;6.13;-5.6;8.61283925312;5801.29381038;
26;3106.0;2318.0;0.08;0.78;-10.07;10.1004801866;5811.39429056;
26;3294.0;2373.0;14.03;8.83;2.17;16.7188127569;5828.11310332;
26;3151.0;2380.0;-0.6;2.79;-23.35;23.5237454501;5851.63684877;
26;3187.0;2434.0;0.51;6.43;-10.36;12.2038764333;5863.8407252;
26;3126.0;2323.0;1.99;2.62;-12.37;12.8000546874;5876.64077989;
26;3107.0;2301.0;0.37;2.59;-10.07;10.4043212176;5887.04510111;
26;3118.0;2320.0;-2.07;0.96;-6.08;6.4940665226;5893.53916763;
26;3152.0;2378.0;-2.92;-2.09;-4.28;5.58685063341;5899.12601826;
26;3137.0;2362.0;-3.85;-2.57;-3.08;5.56001798558;5904.68603625;
26;3183.0;2439.0;-1.53;3.44;-11.76;12.3479593456;5917.0339956;
26;3137.0;2378.0;-3.98;6.03;-17.19;18.646645811;5935.68064141;
26;3164.0;2414.0;-4.96;4.04;-14.04;15.4287005286;5951.10934194;
26;3178.0;2446.0;-3.15;0.38;-3.92;5.04314386073;5956.1524858;
26;3134.0;2367.0;-0.92;-0.28;-1.4;1.69846989964;5957.8509557;
26;3255.0;2439.0;-0.95;-0.25;-1.68;1.94612435368;5959.79708005;
26;3147.0;2380.0;-1.33;3.27;-5.96;6.92700512487;5966.72408517;
26;3178.0;2373.0;-6.22;7.53;-18.56;20.9729087158;5987.69699389;
26;3292.0;2370.0;-5.79;8.17;-19.81;22.197051606;6009.8940455;
26;3116.0;2313.0;-6.18;7.06;-18.65;20.8772244324;6030.77126993;
26;3175.0;2431.0;-4.99;3.33;-9.78;11.4733343018;6042.24460423;
26;3180.0;2434.0;0.84;-2.07;0.31;2.25534919691;6044.49995343;
26;3141.0;2366.0;0.98;-3.09;0.69;3.31430233986;6047.81425577;
26;3127.0;2335.0;0.78;-3.18;0.57;3.32350718368;6051.13776295;
26;3104.0;2317.0;-0.75;-0.52;-2.5;2.66137182671;6053.79913478;
26;3116.0;2333.0;-3.4;6.37;-17.32;18.7648421256;6072.5639769;
26;3173.0;2430.0;-3.18;6.62;-18.39;19.8022448222;6092.36622173;
26;3121.0;2337.0;-3.38;4.59;-13.47;14.6264623201;6106.99268405;
26;3133.0;2347.0;-2.38;3.09;-7.95;8.85522444662;6115.84790849;
26;3180.0;2357.0;-2.96;2.4;-7.07;8.03159386423;6123.87950236;
26;3164.0;2425.0;-3.31;2.35;-9.63;10.4506219911;6134.33012435;
26;3134.0;2368.0;-0.83;1.56;-5.7;5.96762096652;6140.29774531;
26;3109.0;2311.0;0.37;-0.82;-1.61;1.84428848069;6142.14203379;
26;3138.0;2377.0;2.11;-0.81;-1.1;2.51360299172;6144.65563679;
26;3137.0;2353.0;-0.93;3.87;-9.54;10.3369918255;6154.99262861;
26;3143.0;2366.0;-2.07;4.95;-12.7;13.7868560593;6168.77948467;
26;3156.0;2377.0;-2.59;9.47;-22.28;24.3472257146;6193.12671039;
26;3134.0;2373.0;-3.21;3.94;-10.51;11.6742365917;6204.80094698;
26;3203.0;2328.0;-1.74;2.42;-6.34;7.00568340706;6211.80663038;
26;3158.0;2404.0;-1.07;1.41;-4.87;5.18168891386;6216.9883193;
26;3183.0;2424.0;0.04;0.44;-2.66;2.69644210025;6219.6847614;
26;3135.0;2374.0;2.51;-2.13;0.7;3.36556087451;6223.05032227;
26;3142.0;2374.0;-1.1;4.4;-9.03;10.1049938149;6233.15531609;
26;3130.0;2366.0;-1.65;5.16;-10.45;11.7707518876;6244.92606798;
26;3146.0;2395.0;-2.32;6.27;-12.42;14.1050239277;6259.0310919;
26;3169.0;2429.0;-2.97;7.76;-15.22;17.3403258332;6276.37141774;
26;3176.0;2435.0;-3.05;9.62;-20.11;22.5001999991;6298.87161774;
26;3175.0;2438.0;-2.79;2.41;-8.02;8.82681142882;6307.69842916;
26;3132.0;2357.0;-2.35;1.86;-6.85;7.4769378759;6315.17536704;
26;3120.0;2322.0;-1.77;1.38;-5.49;5.93105386925;6321.10642091;
26;3115.0;2340.0;-0.07;0.32;-2.26;2.28361555433;6323.39003646;
26;3145.0;2374.0;3.25;0.73;-0.1;3.33247655656;6326.72251302;
26;3145.0;2396.0;-0.62;3.19;-7.04;7.75384420788;6334.47635723;
26;3177.0;2434.0;-1.2;3.8;-8.98;9.82447962999;6344.30083686;
26;3134.0;2367.0;-2.56;5.45;-12.64;14.0009178271;6358.30175469;
26;3149.0;2380.0;-3.55;7.29;-16.01;17.9462168715;6376.24797156;
26;3105.0;2314.0;-4.71;9.6;-21.77;24.2544222772;6400.50239383;
26;3168.0;2369.0;-2.12;2.07;-5.48;6.22974317288;6406.73213701;
26;3182.0;2446.0;-1.67;1.36;-4.21;4.72891107973;6411.46104809;
26;3132.0;2363.0;3.99;-0.66;0.8;4.12258414105;6415.58363223;
26;3127.0;2352.0;0.07;1.31;-3.88;4.09577831431;6419.67941054;
26;3108.0;2324.0;-0.63;1.82;-5.61;5.93139106787;6425.61080161;
26;3124.0;2351.0;-4.79;8.54;-18.87;21.259176842;6446.86997845;
26;3144.0;2363.0;-2.9;7.02;-15.71;17.4497707721;6464.31974922;
26;3187.0;2441.0;-2.58;3.87;-9.99;11.0196823911;6475.33943162;
26;3248.0;2436.0;0.03;0.72;-2.35;2.45800732302;6477.79743894;
26;3170.0;2426.0;2.73;-0.99;1.94;3.49236309682;6481.28980204;
26;3136.0;2370.0;2.23;-1.13;1.51;2.92059925358;6484.21040129;
26;3130.0;2351.0;-2.41;3.02;-10.38;11.0757798822;6495.28618117;
26;3108.0;2316.0;-2.89;9.18;-21.67;23.7110396229;6518.99722079;
26;3114.0;2340.0;-2.61;8.39;-19.99;21.8358489645;6540.83306976;
26;3117.0;2354.0;-2.13;2.22;-7.51;8.11575011937;6548.94881988;
26;3178.0;2409.0;1.98;-0.26;0.46;2.04929256086;6550.99811244;
26;3142.0;2358.0;1.94;-0.58;0.76;2.16277599395;6553.16088843;
26;3127.0;2355.0;0.34;-0.31;-1.59;1.65523412241;6554.81612256;
26;3166.0;2425.0;-2.59;6.66;-15.98;17.504973579;6572.32109613;
26;3333.0;2370.0;-3.22;8.11;-19.63;21.4820250442;6593.80312118;
26;3112.0;2353.0;-2.76;7.69;-21.18;22.7012356492;6616.50435683;
26;3191.0;2443.0;-1.24;0.81;-4.94;5.15725702288;6621.66161385;
26;3128.0;2354.0;-0.82;0.54;-4.23;4.3424532237;6626.00406707;
26;3106.0;2341.0;1.89;-0.24;-0.46;1.95992346789;6627.96399054;
26;3137.0;2368.0;-1.38;0.72;-6.6;6.78106186375;6634.74505241;
26;3338.0;2363.0;-1.75;1.03;-8.09;8.34095318294;6643.08600559;
26;3149.0;2402.0;-1.81;7.02;-19.08;20.4108525055;6663.49685809;
26;3118.0;2318.0;-1.75;5.63;-17.84;18.7889595241;6682.28581762;
26;3101.0;2310.0;-1.59;5.05;-15.56;16.4360640057;6698.72188162;
26;3145.0;2372.0;-0.84;-0.34;-3.48;3.59605339226;6702.31793502;
26;3129.0;2371.0;1.49;-0.65;-0.55;1.71612936575;6704.03406438;
26;3135.0;2371.0;1.78;-0.86;0.03;1.97709382681;6706.01115821;
26;3170.0;2436.0;-1.59;0.58;-5.76;6.00350730823;6712.01466552;
26;3125.0;2356.0;-2.85;8.05;-18.9;20.7396962369;6732.75436175;
26;3141.0;2373.0;-3.22;9.08;-21.72;23.7607491464;6756.5151109;
26;3162.0;2426.0;-1.57;6.42;-16.28;17.5704211674;6774.08553207;
26;3128.0;2367.0;0.11;-0.56;-1.7;1.79323729607;6775.87876936;
26;3140.0;2372.0;0.51;-0.76;-1.11;1.43867995051;6777.31744931;
26;3215.0;2413.0;1.94;-1.24;0.47;2.34991489208;6779.66736421;
26;3124.0;2338.0;-1.97;2.57;-9.01;9.57423103962;6789.24159525;
26;3107.0;2311.0;-2.41;4.91;-12.9;14.0116451568;6803.2532404;
26;3131.0;2364.0;-3.63;11.26;-27.32;29.7715787287;6833.02481913;
26;3136.0;2374.0;-1.58;3.98;-11.62;12.3839089144;6845.40872805;
26;3165.0;2351.0;-1.38;2.64;-8.47;8.97858006591;6854.38730811;
26;3191.0;2396.0;0.23;0.18;-3.43;3.44241194513;6857.82972006;
26;3145.0;2363.0;0.8;-2.47;-0.38;2.62398551825;6860.45370558;
26;3128.0;2367.0;1.05;-1.77;-1.39;2.48344518764;6862.93715076;
26;3199.0;2367.0;1.47;2.55;-5.55;6.2821891089;6869.21933987;
26;3128.0;2363.0;2.4;11.35;-18.33;21.692657744;6890.91199762;
26;3101.0;2318.0;2.05;12.51;-20.48;24.0859502615;6914.99794788;
26;3178.0;2450.0;2.01;13.59;-22.01;25.9454870835;6940.94343496;
26;3128.0;2358.0;2.77;15.17;-24.4;28.8645422621;6969.80797722;
26;3114.0;2347.0;-0.08;6.41;-12.55;14.0924447844;6983.90042201;
26;3162.0;2424.0;0.11;-1.85;0.64;1.96066315312;6985.86108516;
26;3127.0;2346.0;0.74;-2.11;1.39;2.63283117575;6988.49391634;
26;3138.0;2375.0;1.13;-2.23;2.17;3.31039272595;6991.80430906;
26;3156.0;2383.0;1.97;-2.55;3.29;4.60516014922;6996.40946921;
26;3090.0;2300.0;1.83;-0.68;0.12;1.95593967187;6998.36540888;
26;3122.0;2345.0;1.67;5.98;-11.67;13.2188577419;7011.58426662;
26;3104.0;2303.0;1.53;8.19;-16.69;18.6540370966;7030.23830372;
26;3149.0;2406.0;0.67;10.46;-21.87;24.2519566221;7054.49026034;
26;3188.0;2455.0;0.42;11.51;-24.43;27.0089133436;7081.49917369;
26;3143.0;2377.0;1.41;10.67;-24.13;26.4214666512;7107.92064034;
26;3112.0;2347.0;-2.24;1.57;-8.31;8.74863417912;7116.66927452;
26;3142.0;2379.0;-1.6;0.58;-4.89;5.17769253626;7121.84696705;
26;3089.0;2301.0;-0.67;-0.97;-0.86;1.45924638084;7123.30621343;
26;3138.0;2367.0;0.13;-2.39;2.26;3.29189914791;7126.59811258;
26;3173.0;2431.0;2.68;-2.38;6.24;7.19613785304;7133.79425044;
26;3292.0;2338.0;0.59;-0.65;0.23;0.907469007735;7134.70171944;
26;3144.0;2301.0;-0.22;0.17;-2.74;2.75406971589;7137.45578916;
26;3105.0;2318.0;-2.27;2.57;-12.43;12.8942894337;7150.35007859;
26;3169.0;2395.0;-0.08;15.65;-27.86;31.9547883736;7182.30486697;
26;3141.0;2361.0;1.11;16.51;-28.44;32.9035833915;7215.20845036;
26;3095.0;2326.0;0.73;10.94;-21.42;24.06310246;7239.27155282;
26;3164.0;2389.0;-1.29;1.86;-6.95;7.30932281405;7246.58087563;
26;3196.0;2380.0;-1.88;-0.09;-4.59;4.9609071751;7251.54178281;
26;3134.0;2392.0;-2.16;-3.63;3.95;5.7831652233;7257.32494803;
26;3108.0;2343.0;-1.03;-1.64;6.15;6.44771277276;7263.7726608;
26;3129.0;2369.0;-0.25;-0.99;6.01;6.09612171794;7269.86878252;
26;3131.0;2373.0;0.0;0.59;-1.07;1.22188379153;7271.09066631;
26;3131.0;2366.0;-0.22;-0.88;-8.24;8.28977683656;7279.38044315;
26;3125.0;2366.0;-0.37;0.69;-11.85;11.8758368126;7291.25627996;
26;3160.0;2427.0;1.67;5.77;-18.42;19.3746793522;7310.63095931;
26;3132.0;2370.0;2.91;9.42;-27.87;29.5624998943;7340.19345921;
26;3137.0;2373.0;2.9;8.99;-26.51;28.142675779;7368.33613499;
26;3129.0;2370.0;-0.86;5.02;-20.35;20.9776666958;7389.31380168;
26;3122.0;2348.0;-2.21;-0.64;-4.13;4.72764211843;7394.0414438;
26;3269.0;2438.0;-0.98;-0.76;-1.35;1.83316665909;7395.87461046;
26;3155.0;2418.0;0.28;-1.11;2.35;2.61400076511;7398.48861123;
26;3118.0;2349.0;1.19;-0.83;3.82;4.08624522025;7402.57485645;
26;3132.0;2377.0;1.18;-0.76;3.65;3.91056261937;7406.48541907;
26;3114.0;2347.0;-0.63;-0.58;-2.54;2.68046637733;7409.16588544;
26;3120.0;2371.0;-4.05;3.73;-17.16;18.0216813866;7427.18756683;
26;3296.0;2337.0;-3.35;7.19;-23.4;24.7078651445;7451.89543197;
26;3166.0;2406.0;0.29;9.44;-30.62;32.0434408265;7483.9388728;
26;3124.0;2365.0;-3.37;2.51;-17.59;18.0849412496;7502.02381405;
26;3182.0;2435.0;-3.44;1.89;-15.75;16.2317035458;7518.2555176;
26;3138.0;2369.0;-2.2;-0.99;-2.37;3.38186339168;7521.63738099;
26;3132.0;2371.0;0.19;-1.01;5.65;5.74270842025;7527.38008941;
26;3132.0;2366.0;1.09;-0.42;5.77;5.88705359242;7533.267143;
26;3096.0;2313.0;1.15;-0.29;5.42;5.54824296512;7538.81538597;
26;3123.0;2364.0;0.89;-0.19;1.75;1.97248574139;7540.78787171;
26;3184.0;2449.0;-1.28;-0.09;-8.52;8.61608379718;7549.4039555;
26;3137.0;2381.0;-1.73;0.21;-10.31;10.4562469366;7559.86020244;
26;3114.0;2354.0;-3.0;2.72;-18.08;18.5279464593;7578.3881489;
26;3296.0;2352.0;-1.22;5.24;-23.76;24.3615188361;7602.74966774;
26;3125.0;2349.0;-1.29;4.67;-21.84;22.3709320324;7625.12059977;
26;3130.0;2388.0;-3.52;0.85;-12.11;12.6398180367;7637.7604178;
26;3132.0;2375.0;-1.57;-0.49;-0.82;1.83777038827;7639.59818819;
26;3097.0;2304.0;-0.21;-0.31;0.9;0.974782026917;7640.57297022;
26;3162.0;2431.0;1.08;0.02;3.16;3.33952092373;7643.91249114;
26;3126.0;2369.0;1.54;0.46;-0.89;1.83719895493;7645.7496901;
26;3135.0;2374.0;0.65;1.31;-3.95;4.21201851848;7649.96170862;
26;3113.0;2357.0;-3.43;7.73;-14.57;16.8464447288;7666.80815335;
26;3190.0;2351.0;0.48;4.5;-13.76;14.4850957884;7681.29324913;
26;3153.0;2405.0;1.43;3.6;-12.62;13.2011098018;7694.49435894;
26;3082.0;2314.0;3.86;-5.15;-14.57;15.9281825705;7710.42254151;
26;3102.0;2316.0;4.44;-8.76;-8.01;12.6732513587;7723.09579287;
26;3257.0;2452.0;2.43;-8.47;-7.5;11.571335273;7734.66712814;
26;3112.0;2344.0;1.09;-0.71;-11.89;11.960948959;7746.6280771;
26;3237.0;2375.0;-2.75;13.09;-8.36;15.7734016623;7762.40147876;
26;3126.0;2360.0;-3.13;13.35;-7.35;15.5576958448;7777.9591746;
26;3124.0;2370.0;-4.25;11.34;-1.99;12.2726606732;7790.23183528;
26;3164.0;2402.0;-3.66;8.84;-4.61;10.6204190124;7800.85225429;
26;3184.0;2452.0;-3.63;8.2;-5.09;10.3114014566;7811.16365575;
26;3088.0;2300.0;-2.09;1.63;-6.88;7.37288274693;7818.53653849;
26;3128.0;2373.0;3.02;-6.6;-13.04;14.9238734918;7833.46041199;
26;3114.0;2353.0;3.8;-7.5;-13.11;15.5744052856;7849.03481727;
26;3135.0;2398.0;2.22;-7.25;-14.58;16.4337244713;7865.46854174;
26;3241.0;2361.0;-1.31;-2.15;-11.76;12.026479119;7877.49502086;
26;3152.0;2372.0;-0.71;-0.46;-10.14;10.1752297271;7887.67025059;
26;3123.0;2371.0;-1.68;4.59;-8.91;10.162607933;7897.83285852;
26;3147.0;2405.0;-0.94;13.59;-6.74;15.1986611252;7913.03151965;
26;3118.0;2358.0;-2.25;12.61;-5.64;13.9958636747;7927.02738332;
26;3088.0;2314.0;-3.18;10.1;-4.91;11.6717822118;7938.69916553;
26;3162.0;2432.0;-2.02;5.33;-8.0;9.82289672144;7948.52206225;
26;3179.0;2450.0;-2.24;4.69;-8.81;10.2288709054;7958.75093316;
26;3122.0;2370.0;-0.03;-1.04;-11.23;11.2780938106;7970.02902697;
26;3165.0;2442.0;1.24;-6.39;-13.02;14.5564453078;7984.58547228;
26;3154.0;2388.0;1.24;-6.31;-13.56;15.0075747541;7999.59304703;
26;3108.0;2356.0;-1.2;-6.17;-14.12;15.4558500252;8015.04889706;
26;3129.0;2370.0;-1.87;-0.19;-10.51;10.676755125;8025.72565218;
26;3120.0;2343.0;-1.81;1.56;-9.92;10.2037297103;8035.92938189;
26;3123.0;2362.0;-0.56;6.94;-8.35;10.871968543;8046.80135044;
26;3157.0;2429.0;-1.12;11.38;-6.27;13.04115409;8059.84250453;
26;3123.0;2376.0;-2.13;11.71;-6.53;13.575783587;8073.41828811;
26;3088.0;2315.0;-2.38;8.71;-5.17;10.4046816386;8083.82296975;
26;3112.0;2358.0;-1.58;4.88;-9.8;11.0612295881;8094.88419934;
26;3124.0;2360.0;-0.85;3.54;-10.54;11.1510403102;8106.03523965;
26;3140.0;2381.0;-0.51;2.84;-10.41;10.8024904536;8116.8377301;
26;3141.0;2364.0;-0.82;0.22;-10.86;10.8931354531;8127.73086556;
26;3168.0;2445.0;1.2;-6.96;-12.61;14.4531553648;8142.18402092;
26;3180.0;2444.0;0.29;-6.43;-15.01;16.3318431293;8158.51586405;
26;3214.0;2360.0;-1.0;-7.32;-10.75;13.0439602882;8171.55982434;
26;3134.0;2367.0;0.45;1.97;-9.34;9.55609752985;8181.11592187;
26;3120.0;2356.0;0.49;2.61;-9.07;9.4507724552;8190.56669432;
26;3101.0;2344.0;0.68;6.44;-8.68;10.8295152246;8201.39620955;
26;3179.0;2442.0;0.2;7.38;-7.48;10.5097478562;8211.9059574;
26;3118.0;2351.0;0.16;7.39;-7.48;10.5160876756;8222.42204508;
26;3131.0;2393.0;2.65;6.92;-7.66;10.65760292;8233.079648;
25;3128.0;2365.0;1.49;3.27;-10.38;10.9844162339;8244.06406423;
25;3100.0;2306.0;1.41;2.62;-10.5;10.9134091832;8254.97747342;
25;3117.0;2361.0;1.13;-3.77;-9.93;10.6815120652;8265.65898548;
25;3138.0;2395.0;-0.58;-6.55;-13.69;15.187330246;8280.84631573;
25;3180.0;2439.0;-0.78;-6.66;-13.64;15.1991315541;8296.04544728;
25;3104.0;2355.0;-0.92;-4.86;-11.01;12.0700497099;8308.11549699;
25;3130.0;2370.0;0.61;1.45;-10.47;10.5875162338;8318.70301323;
25;3128.0;2360.0;0.34;2.76;-9.52;9.91784250732;8328.62085573;
25;3110.0;2354.0;2.16;6.29;-8.81;11.0383785041;8339.65923424;
25;3150.0;2424.0;2.61;9.47;-7.95;12.6370684892;8352.29630273;
25;3136.0;2361.0;2.36;9.37;-7.86;12.4557657332;8364.75206846;
25;3131.0;2371.0;2.38;9.27;-7.9;12.4099677679;8377.16203623;
25;3128.0;2373.0;2.15;8.33;-6.97;11.0721407144;8388.23417694;
25;3132.0;2393.0;1.05;2.53;-9.86;10.2334256239;8398.46760257;
25;3119.0;2360.0;1.06;1.86;-10.16;10.3831016561;8408.85070422;
25;3101.0;2322.0;0.31;-4.68;-12.47;13.3228900769;8422.1735943;
25;3169.0;2437.0;0.65;-6.28;-13.65;15.0393949346;8437.21298923;
25;3168.0;2425.0;0.03;-5.64;-13.37;14.5109407;8451.72392993;
25;3093.0;2315.0;-0.43;-3.54;-11.38;11.925640444;8463.64957038;
25;3123.0;2375.0;1.41;3.5;-9.8;10.50133801;8474.15090839;
25;3161.0;2417.0;1.3;4.81;-9.82;11.0117437311;8485.16265212;
25;3120.0;2372.0;2.99;7.42;-7.94;11.271206679;8496.4338588;
26;3126.0;2365.0;2.74;8.0;-7.26;11.1451873021;8507.5790461;
26;3095.0;2324.0;2.61;7.77;-7.07;10.8245046076;8518.40355071;
26;3172.0;2425.0;2.47;7.22;-7.2;10.4913917094;8528.89494242;
26;3206.0;2370.0;2.34;7.15;-7.37;10.5316190588;8539.42656148;
26;3191.0;2373.0;1.77;4.66;-10.03;11.200419635;8550.62698111;
26;3195.0;2372.0;-0.03;-1.88;-10.79;10.9525978653;8561.57957898;
26;3107.0;2353.0;-0.18;-2.85;-10.73;11.1035039515;8572.68308293;
26;3174.0;2434.0;-0.34;-3.66;-11.01;11.6073812723;8584.2904642;
26;3130.0;2355.0;-0.19;-5.02;-11.19;12.2659121145;8596.55637631;
26;3120.0;2373.0;-0.45;-6.81;-11.71;13.5536969127;8610.11007323;
26;3261.0;2416.0;-0.7;-4.56;-11.71;12.5860120769;8622.6960853;
26;3154.0;2370.0;-0.5;-4.0;-11.87;12.5358246637;8635.23190997;
26;3132.0;2375.0;-0.33;-3.46;-11.98;12.4740089787;8647.70591895;
26;3118.0;2363.0;-0.29;-2.03;-11.24;11.425524058;8659.131443;
26;3123.0;2369.0;0.29;0.93;-10.07;10.117010428;8669.24845343;
26;3117.0;2361.0;2.25;5.87;-8.23;10.3562686331;8679.60472207;
26;3154.0;2361.0;2.07;5.65;-7.68;9.75652602108;8689.36124809;
26;3088.0;2315.0;2.39;5.51;-7.21;9.38383183993;8698.74507993;
26;3103.0;2344.0;2.71;5.31;-6.78;9.02821134002;8707.77329127;
26;3176.0;2449.0;2.57;5.06;-6.59;8.696930493;8716.47022176;
26;3126.0;2374.0;2.17;3.75;-8.0;9.09787887367;8725.56810063;
26;3152.0;2377.0;2.08;1.71;-9.76;10.1246283882;8735.69272902;
26;3175.0;2420.0;1.42;0.89;-10.24;10.3762276382;8746.06895666;
26;3127.0;2369.0;1.13;0.84;-11.18;11.2683139821;8757.33727064;
26;3125.0;2372.0;1.45;0.64;-9.33;9.46366736524;8766.80093801;
26;3309.0;2355.0;1.6;0.69;-9.07;9.23585404822;8776.03679206;
26;3132.0;2369.0;1.67;0.78;-8.85;9.03990044193;8785.0766925;
26;3251.0;2371.0;2.31;2.57;-9.76;10.3536756758;8795.43036817;
26;3093.0;2313.0;2.03;3.87;-9.09;10.0859258375;8805.51629401;
26;3166.0;2417.0;2.07;4.07;-9.1;10.1813456871;8815.6976397;
26;3199.0;2365.0;2.28;4.81;-8.69;10.190711457;8825.88835115;
26;3172.0;2377.0;2.67;5.1;-7.5;9.45457032339;8835.34292148;
26;3170.0;2427.0;2.61;5.09;-7.68;9.57614745083;8844.91906893;
26;3153.0;2427.0;2.44;4.63;-7.44;9.09637840022;8854.01544733;
26;3257.0;2374.0;1.92;4.43;-8.73;9.97618163427;8863.99162896;
26;3137.0;2379.0;2.13;4.44;-8.75;10.040567713;8874.03219668;
26;3128.0;2367.0;1.72;4.81;-9.68;10.94517702;8884.9773737;
26;3147.0;2400.0;0.91;3.97;-8.93;9.81498344369;8894.79235714;
26;3145.0;2290.0;0.87;4.0;-9.25;10.1153052351;8904.90766238;
26;3113.0;2355.0;0.8;3.6;-10.14;10.7897914716;8915.69745385;
26;3134.0;2381.0;1.07;3.43;-9.72;10.3628277994;8926.06028165;
26;3140.0;2398.0;1.19;3.53;-9.39;10.1019354581;8936.1622171;
26;3123.0;2364.0;0.31;3.15;-8.36;8.93913866097;8945.10135577;
26;3144.0;2440.0;0.09;3.53;-9.87;10.4826475663;8955.58400333;
26;3189.0;2460.0;-0.11;3.47;-9.93;10.5194058768;8966.10340921;
26;3093.0;2299.0;0.45;3.58;-9.31;9.98473835411;8976.08814756;
26;3103.0;2345.0;0.13;3.02;-8.82;9.32360981595;8985.41175738;
26;3181.0;2424.0;0.5;3.04;-9.22;9.72111104761;8995.13286843;
26;3115.0;2346.0;0.72;3.02;-9.01;9.52989506763;9004.66276349;
25;3236.0;2423.0;0.68;2.82;-9.12;9.57022465776;9014.23298815;
25;3137.0;2376.0;0.72;2.97;-9.48;9.96040661821;9024.19339477;
25;3101.0;2332.0;0.82;3.09;-9.73;10.2417478977;9034.43514267;
25;3128.0;2374.0;1.11;2.46;-9.6;9.97214620831;9044.40728888;
25;3180.0;2360.0;1.15;3.92;-9.67;10.4975139914;9054.90480287;
25;3160.0;2408.0;1.52;3.44;-8.82;9.58834709426;9064.49314996;
25;3129.0;2380.0;1.52;3.44;-8.82;9.58834709426;9074.08149706;
25;3111.0;2344.0;1.38;3.45;-8.67;9.43269844742;9083.5141955;
25;3105.0;2342.0;1.37;2.82;-8.25;8.82563312177;9092.33982863;
25;3108.0;2343.0;0.86;2.32;-9.2;9.52690925747;9101.86673788;
25;3102.0;2350.0;0.83;0.12;-8.53;8.57112594704;9110.43786383;
25;3149.0;2395.0;2.41;4.68;-9.16;10.564852105;9121.00271593;
25;3143.0;2377.0;0.57;4.1;-9.09;9.98814297054;9130.99085891;
25;3146.0;2396.0;0.57;3.75;-9.69;10.4059358061;9141.39679471;
25;3159.0;2369.0;0.22;2.75;-8.32;8.7654606268;9150.16225534;
25;3130.0;2366.0;0.17;3.16;-8.47;9.04186927576;9159.20412461;
25;3143.0;2353.0;0.23;3.47;-9.6;10.2104750134;9169.41459963;
25;3138.0;2383.0;0.15;3.27;-9.23;9.79327830708;9179.20787793;
25;3104.0;2341.0;0.1;3.3;-9.16;9.73681672827;9188.94469466;
25;3108.0;2349.0;0.1;3.31;-9.27;9.84372896823;9198.78842363;
25;3141.0;2372.0;0.11;3.33;-9.18;9.76593057522;9208.55435421;
25;3124.0;2367.0;0.16;3.41;-9.14;9.75670538655;9218.31105959;
25;3140.0;2384.0;-0.23;3.12;-9.43;9.93540135073;9228.24646094;
25;3127.0;2368.0;-0.23;3.16;-9.41;9.92907850709;9238.17553945;
25;3124.0;2366.0;-0.06;3.21;-9.2;9.74411104206;9247.91965049;
25;3119.0;2356.0;-0.11;2.99;-9.22;9.69332760202;9257.61297809;
25;3115.0;2345.0;0.02;3.19;-9.29;9.82245386856;9267.43543196;
26;3120.0;2358.0;-0.05;3.3;-9.38;9.94368643914;9277.3791184;
26;3142.0;2381.0;-0.05;3.12;-9.15;9.66744019894;9287.0465586;
26;3281.0;2378.0;-0.11;3.11;-9.31;9.81632823412;9296.86288684;
26;3123.0;2375.0;0.06;3.59;-9.12;9.80133154219;9306.66421838;
26;3124.0;2362.0;-0.1;3.03;-9.32;9.80067854794;9316.46489693;
26;3159.0;2386.0;0.03;2.59;-9.52;9.86607318035;9326.33097011;
26;3110.0;2353.0;-0.55;2.92;-9.35;9.81077978552;9336.14174989;
26;3126.0;2364.0;-0.14;3.15;-9.0;9.53635674668;9345.67810664;
26;3130.0;2375.0;-0.13;3.05;-9.1;9.59840611768;9355.27651276;
26;3134.0;2371.0;-0.26;2.85;-9.3;9.73036998269;9365.00688274;
26;3131.0;2376.0;-0.05;2.96;-9.44;9.89331592541;9374.90019866;
26;3125.0;2373.0;-0.74;3.61;-9.02;9.74372105512;9384.64391972;
26;3129.0;2372.0;-0.59;3.1;-9.66;10.1623668503;9394.80628657;
26;3121.0;2363.0;-0.6;3.06;-9.59;10.0842302631;9404.89051683;
26;3153.0;2405.0;-0.5;3.01;-9.37;9.85428840658;9414.74480524;
26;3138.0;2380.0;-0.36;3.17;-9.26;9.79418705151;9424.53899229;
26;3131.0;2355.0;-0.35;3.32;-8.97;9.57109189173;9434.11008418;
26;3143.0;2378.0;-0.39;3.3;-9.0;9.59385740982;9443.70394159;
26;3202.0;2364.0;-0.4;3.29;-9.06;9.64716020391;9453.3511018;
26;3122.0;2350.0;-0.42;3.24;-9.27;9.8288809129;9463.17998271;
26;3128.0;2366.0;-0.55;3.03;-9.48;9.96763763386;9473.14762034;
26;3120.0;2361.0;-0.54;2.93;-9.15;9.62283741939;9482.77045776;
26;3132.0;2373.0;-0.45;3.17;-9.26;9.79790793996;9492.5683657;
26;3129.0;2364.0;-0.16;3.41;-9.43;10.0288882734;9502.59725398;
26;3134.0;2377.0;-0.41;3.32;-9.35;9.93040784661;9512.52766182;
26;3157.0;2401.0;-0.45;3.16;-9.1;9.64355225008;9522.17121407;
26;3118.0;2367.0;-0.58;3.09;-9.41;9.92132047663;9532.09253455;
26;3110.0;2358.0;-0.57;3.09;-9.36;9.8733277065;9541.96586226;
26;3146.0;2398.0;-0.59;3.1;-9.31;9.83026957921;9551.79613183;
26;3150.0;2398.0;-0.65;3.04;-9.33;9.8342767909;9561.63040863;
26;3137.0;2366.0;-0.64;3.04;-9.25;9.75775076542;9571.38815939;
26;3128.0;2376.0;-0.56;3.13;-9.24;9.77180126691;9581.15996066;
26;3125.0;2364.0;-0.58;3.09;-9.25;9.76969805061;9590.92965871;
26;3117.0;2366.0;-0.58;3.15;-9.24;9.77939159662;9600.7090503;
26;3129.0;2372.0;-0.58;3.03;-9.32;9.81731633391;9610.52636664;
26;3124.0;2364.0;-0.57;3.01;-9.22;9.71562658813;9620.24199323;
26;3153.0;2399.0;-0.57;3.02;-9.15;9.65234686488;9629.89434009;
26;3129.0;2364.0;-0.58;3.03;-9.25;9.75088713913;9639.64522723;
26;3119.0;2351.0;-0.58;3.01;-9.29;9.78266834764;9649.42789558;
26;3135.0;2373.0;-0.54;3.16;-9.24;9.78032719289;9659.20822277;
26;3131.0;2371.0;-0.62;3.01;-9.35;9.84210343372;9669.05032621;
26;3230.0;2399.0;-0.58;3.11;-9.26;9.78550458587;9678.83583079;
26;3160.0;2404.0;-0.62;3.06;-9.27;9.78166141307;9688.6174922;
26;3151.0;2398.0;-0.68;3.15;-9.38;9.91812986404;9698.53562207;
26;3119.0;2356.0;-0.47;3.17;-9.2;9.74216608358;9708.27778815;
26;3123.0;2370.0;-0.49;3.09;-9.08;9.60388463071;9717.88167278;
26;3131.0;2367.0;-0.61;3.09;-9.11;9.63910265533;9727.52077544;
26;3151.0;2402.0;-0.6;3.08;-9.35;9.86249968314;9737.38327512;
26;3128.0;2366.0;-0.59;3.08;-9.16;9.68194711822;9747.06522224;
26;3128.0;2359.0;-0.58;3.07;-9.21;9.72550255771;9756.7907248;
26;3124.0;2347.0;-0.58;3.07;-9.29;9.80129583269;9766.59202063;
26;3131.0;2366.0;-0.58;3.1;-9.25;9.77286549585;9776.36488613;
26;3143.0;2369.0;-0.63;3.07;-9.26;9.77596031089;9786.14084644;
26;3118.0;2361.0;-0.6;3.02;-9.23;9.73002055496;9795.87086699;
26;3148.0;2391.0;-0.61;3.02;-9.23;9.73064232207;9805.60150931;
26;3128.0;2368.0;-0.66;3.03;-9.24;9.7464916765;9815.34800099;
26;3139.0;2377.0;-0.59;3.05;-9.37;9.87155003026;9825.21955102;
26;3138.0;2375.0;-0.56;3.01;-9.3;9.79100097028;9835.01055199;
26;3156.0;2399.0;-0.45;3.08;-8.98;9.50417276779;9844.51472476;
26;3191.0;2341.0;-0.64;3.05;-9.44;9.94111160786;9854.45583637;
26;3133.0;2382.0;-0.66;3.23;-9.32;9.88589399093;9864.34173036;
26;3145.0;2358.0;-0.72;3.12;-9.23;9.76963151813;9874.11136187;
26;3130.0;2372.0;-0.6;3.09;-9.29;9.80878177961;9883.92014365;
26;3147.0;2388.0;-0.62;2.99;-9.26;9.75049229526;9893.67063595;
26;3147.0;2401.0;-0.55;3.0;-9.17;9.66392259903;9903.33455855;
26;3134.0;2387.0;-0.59;3.08;-9.19;9.71033470072;9913.04489325;
26;3151.0;2391.0;-0.64;3.06;-9.28;9.79242564434;9922.83731889;
26;3133.0;2364.0;-0.63;3.04;-9.25;9.75709997899;9932.59441887;
26;3131.0;2374.0;-0.62;3.02;-9.24;9.74075972396;9942.3351786;
26;3135.0;2365.0;-0.61;3.08;-9.29;9.80625310707;9952.1414317;
26;3128.0;2372.0;-0.6;3.09;-9.3;9.81825340883;9961.95968511;
26;3128.0;2374.0;-0.64;3.02;-9.21;9.71360386262;9971.67328898;
26;3221.0;2376.0;-0.66;3.04;-9.3;9.80648764849;9981.47977662;
26;3125.0;2358.0;-0.62;3.14;-9.19;9.73139763857;9991.21117426;
26;3130.0;2379.0;-0.58;3.09;-9.12;9.64670410037;10000.8578784;
26;3141.0;2393.0;-0.58;3.1;-9.21;9.73501412428;10010.5928925;
26;3145.0;2383.0;-0.69;3.12;-9.35;9.88094125071;10020.4738337;
26;3152.0;2400.0;-0.65;2.99;-9.31;9.79993367324;10030.2737674;
26;3124.0;2368.0;-0.66;3.06;-9.25;9.76533153559;10040.0390989;
26;3128.0;2367.0;-0.64;3.07;-9.25;9.76713878267;10049.8062377;
26;3128.0;2360.0;-0.64;3.02;-9.24;9.74205317169;10059.5482909;
26;3120.0;2363.0;-0.68;3.0;-9.22;9.71960904564;10069.2678999;
26;3123.0;2365.0;-0.66;3.07;-9.34;9.85373533235;10079.1216353;
26;3149.0;2398.0;-0.68;3.08;-9.47;9.98146782793;10089.1031031;
26;3139.0;2361.0;-0.57;2.98;-9.35;9.82994404867;10098.9330472;
26;3128.0;2365.0;-0.61;3.11;-9.21;9.74003593423;10108.6730831;
26;3133.0;2374.0;-0.67;3.09;-9.25;9.77545395365;10118.448537;
26;3130.0;2378.0;-0.65;3.07;-9.23;9.74886147199;10128.1973985;
26;3118.0;2346.0;-0.68;3.08;-9.18;9.70676053068;10137.904159;
26;3139.0;2360.0;-0.63;3.09;-9.25;9.77279386869;10147.6769529;
26;3139.0;2381.0;-0.64;3.11;-9.25;9.77978527372;10157.4567382;
26;3134.0;2390.0;-0.64;3.03;-9.24;9.74515777194;10167.201896;
26;3146.0;2394.0;-0.66;3.05;-9.19;9.70536964778;10176.9072656;
26;3117.0;2367.0;-0.67;3.07;-9.24;9.75968237188;10186.666948;
26;3131.0;2375.0;-0.61;3.1;-9.24;9.76522913198;10196.4321771;
26;3128.0;2372.0;-0.64;3.08;-9.24;9.76081963771;10206.1929967;
26;3136.0;2363.0;-0.67;3.05;-9.31;9.819750506;10216.0127473;
26;3120.0;2348.0;-0.68;3.17;-9.21;9.76398484227;10225.7767321;
26;3122.0;2350.0;-0.59;3.19;-9.18;9.73635455394;10235.5130867;
26;3136.0;2367.0;-0.68;3.28;-9.35;9.93193334653;10245.44502;
26;3128.0;2371.0;-0.65;3.21;-9.25;9.81270095336;10255.257721;
26;3134.0;2372.0;-0.69;3.18;-9.22;9.77736672116;10265.0350877;
26;3156.0;2402.0;-0.63;3.1;-9.32;9.84222027797;10274.877308;
26;3120.0;2364.0;-0.61;3.1;-9.27;9.79362037247;10284.6709283;
26;3139.0;2375.0;-0.59;3.15;-9.19;9.73276425277;10294.4036926;
26;3128.0;2366.0;-0.67;3.15;-9.25;9.79458523879;10304.1982778;
26;3135.0;2364.0;-0.68;3.12;-9.33;9.86132344059;10314.0596013;
26;3131.0;2367.0;-0.66;3.09;-9.35;9.86945793851;10323.9290592;
26;3136.0;2372.0;-0.69;3.11;-9.22;9.75482444742;10333.6838836;
26;3121.0;2357.0;-0.68;3.1;-9.3;9.8266169153;10343.5105006;
26;3183.0;2397.0;-0.7;3.08;-9.28;9.80279551965;10353.3132961;
26;3149.0;2394.0;-0.67;3.06;-9.29;9.8039073843;10363.1172035;
26;3215.0;2399.0;-0.63;3.09;-9.28;9.80119380484;10372.9183973;
26;3153.0;2394.0;-0.5;3.3;-9.66;10.2203522444;10383.1387495;
26;3214.0;2376.0;-0.41;2.75;-9.29;9.69714906558;10392.8358986;
26;3118.0;2345.0;0.0;2.34;-8.94;9.24116875725;10402.0770673;
26;3143.0;2386.0;-0.24;2.64;-9.86;10.2101322225;10412.2871996;
26;3147.0;2391.0;-0.26;2.53;-8.87;9.22742651014;10421.5146261;
26;3124.0;2355.0;-0.55;3.72;-9.1;9.84636481144;10431.3609909;
26;3128.0;2367.0;-0.27;3.65;-9.32;10.0128817031;10441.3738726;
26;3288.0;2355.0;-0.22;3.32;-9.95;10.4915823401;10451.8654549;
26;3118.0;2362.0;-0.52;2.7;-10.27;10.6317119976;10462.4971669;
26;3136.0;2375.0;-0.12;3.32;-9.43;9.9980848166;10472.4952517;
26;3153.0;2401.0;0.05;3.26;-9.79;10.3186336305;10482.8138854;
26;3140.0;2366.0;0.07;3.12;-9.59;10.0850086762;10492.898894;
26;3154.0;2385.0;-0.04;3.31;-9.61;10.1641428561;10503.0630369;
26;3147.0;2385.0;-0.45;3.65;-9.34;10.0379579597;10513.1009949;
26;3129.0;2369.0;-0.15;3.31;-9.16;9.74085211878;10522.841847;
26;3133.0;2352.0;-0.15;3.27;-9.12;9.68967491715;10532.5315219;
26;3167.0;2400.0;-0.23;3.25;-9.03;9.59980728973;10542.1313292;
26;3132.0;2374.0;-0.32;3.27;-8.96;9.54342181819;10551.674751;
26;3136.0;2365.0;-0.7;3.47;-8.93;9.60602935661;10561.2807804;
26;3122.0;2354.0;-0.34;3.29;-9.29;9.86122710417;10571.1420075;
26;3205.0;2354.0;-0.25;3.49;-9.36;9.99260726738;10581.1346147;
26;3146.0;2398.0;-0.4;3.42;-9.5;10.1047711503;10591.2393859;
26;3125.0;2356.0;-0.19;3.44;-9.09;9.72099789116;10600.9603838;
26;3264.0;2351.0;-0.21;3.43;-9.18;9.80211201732;10610.7624958;
26;3117.0;2368.0;-0.46;3.17;-9.29;9.82672885552;10620.5892246;
26;3119.0;2356.0;-0.19;3.29;-9.14;9.71595594885;10630.3051806;
26;3157.0;2401.0;-0.3;3.33;-9.2;9.78871288781;10640.0938935;
26;3122.0;2371.0;-0.34;3.35;-9.29;9.88140678244;10649.9753003;
26;3127.0;2378.0;-0.36;3.31;-9.07;9.66181142437;10659.6371117;
26;3153.0;2399.0;-0.25;3.28;-9.17;9.74216608358;10669.3792778;
26;3132.0;2366.0;-0.38;3.18;-9.23;9.76983623199;10679.149114;
26;3129.0;2364.0;-0.33;3.4;-9.25;9.86059835913;10689.0097124;
26;3157.0;2372.0;-0.36;3.38;-9.32;9.92050401945;10698.9302164;
26;3128.0;2368.0;-0.41;3.37;-9.16;9.76885868462;10708.6990751;
26;3226.0;2378.0;-0.4;3.38;-9.1;9.71567805148;10718.4147531;
26;3143.0;2394.0;-0.35;3.24;-9.2;9.76012807293;10728.1748812;
26;3127.0;2368.0;-0.33;3.32;-9.15;9.73929155534;10737.9141727;
26;3124.0;2349.0;-0.38;3.31;-9.2;9.78470745603;10747.6988802;
26;3152.0;2379.0;-0.33;3.3;-9.27;9.84539486257;10757.5442751;
26;3148.0;2397.0;-0.39;3.27;-9.25;9.81873209737;10767.3630072;
26;3131.0;2372.0;-0.39;3.3;-9.22;9.80053569964;10777.1635429;
26;3147.0;2373.0;-0.36;3.38;-9.29;9.89232530804;10787.0558682;
26;3131.0;2376.0;-0.25;3.41;-9.27;9.88046051558;10796.9363287;
26;3141.0;2366.0;-0.27;3.3;-9.17;9.74945126661;10806.68578;
26;3155.0;2401.0;-0.31;3.22;-9.2;9.75215360831;10816.4379336;
26;3162.0;2399.0;-0.28;3.42;-9.11;9.73482922295;10826.1727628;
26;3127.0;2345.0;-0.31;3.38;-9.14;9.7498769223;10835.9226397;
26;3136.0;2361.0;-0.32;3.31;-9.08;9.66979317256;10845.5924329;
26;3137.0;2368.0;-0.3;3.37;-9.27;9.8681203884;10855.4605533;
26;3219.0;2348.0;-0.26;3.36;-9.2;9.79781608319;10865.2583693;
26;3129.0;2363.0;-0.31;3.34;-9.16;9.75486032704;10875.0132297;
26;3212.0;2360.0;-0.34;3.32;-9.21;9.79602470393;10884.8092544;
26;3129.0;2369.0;-0.43;3.28;-9.29;9.86140963554;10894.670664;
26;3144.0;2383.0;-0.44;3.33;-9.27;9.85978701596;10904.530451;
26;3149.0;2399.0;-0.18;3.28;-9.08;9.65594117629;10914.1863922;
26;3132.0;2364.0;-0.53;3.57;-9.27;9.94779875148;10924.134191;
26;3111.0;2346.0;-0.22;3.44;-9.19;9.81519739995;10933.9493884;
26;3179.0;2388.0;-0.45;3.32;-9.18;9.77227199785;10943.7216604;
26;3149.0;2382.0;-0.17;3.23;-8.87;9.44132935555;10953.1629897;
