24;971.0;689.0;0.0;0.0;-0.06;0.06;0.06;
24;1010.0;688.0;0.0;-0.02;-0.01;0.022360679775;0.0411803398875;
24;938.0;688.0;-0.02;0.0;0.02;0.0282842712475;0.0368816503408;
24;976.0;692.0;-0.02;0.02;0.01;0.03;0.0351612377556;
24;940.0;689.0;0.0;-0.01;0.0;0.01;0.0301289902045;
24;944.0;691.0;0.01;0.01;0.0;0.0141421356237;0.027464514441;
24;883.0;691.0;0.0;0.0;-0.01;0.01;0.0249695838066;
24;1031.0;691.0;0.0;0.0;0.0;0.0;0.0218483858308;
24;865.0;692.0;0.0;0.03;0.02;0.0360555127546;0.023426955489;
24;1017.0;689.0;0.02;-0.01;-0.08;0.0830662386292;0.029390883803;
24;876.0;692.0;0.0;-0.01;-0.05;0.0509901951359;0.0313544575605;
24;944.0;691.0;0.0;0.0;0.0;0.0;0.0287415860972;
24;830.0;693.0;0.0;-0.01;0.0;0.01;0.0272999256281;
24;918.0;693.0;0.01;0.02;-0.03;0.0374165738677;0.0280225433595;
24;962.0;691.0;0.0;0.03;-0.09;0.0948683298051;0.0324789291226;
24;854.0;692.0;-0.02;0.01;0.02;0.03;0.0323239960524;
24;943.0;692.0;0.0;-0.01;0.03;0.0316227766017;0.0322827478494;
24;1062.0;692.0;0.0;0.0;-0.1;0.1;0.0360448174134;
24;1053.0;694.0;0.0;0.0;-0.06;0.06;0.0373056164969;
24;952.0;698.0;0.01;0.0;-0.05;0.0509901951359;0.0379898454288;
24;967.0;696.0;0.0;0.0;0.0;0.0;0.0361808051703;
24;853.0;694.0;0.0;0.01;0.02;0.022360679775;0.0355526176523;
24;853.0;695.0;0.0;0.01;-0.02;0.022360679775;0.0349790551359;
24;1044.0;692.0;0.0;0.02;-0.09;0.0921954445729;0.0373630713625;
24;938.0;693.0;0.0;0.0;-0.06;0.06;0.038268548508;
24;937.0;697.0;-0.01;0.01;0.0;0.0141421356237;0.0373406095509;
24;955.0;695.0;0.0;0.0;0.02;0.02;0.0366983647527;
24;853.0;693.0;0.0;0.0;0.0;0.0;0.0353877088687;
24;993.0;697.0;0.0;0.0;-0.11;0.11;0.0379605464939;
24;945.0;696.0;0.0;0.01;-0.02;0.022360679775;0.0374405509366;
24;950.0;695.0;-0.01;0.0;-0.01;0.0141421356237;0.0366889891523;
24;925.0;692.0;-0.01;0.0;0.0;0.01;0.0358549582413;
24;1049.0;694.0;0.0;0.0;0.03;0.03;0.0356775352643;
24;1102.0;695.0;0.0;0.0;-0.05;0.05;0.0360987842271;
24;950.0;697.0;0.0;0.01;-0.04;0.0412310562562;0.0362454205708;
24;1043.0;695.0;0.0;-0.01;-0.01;0.0141421356237;0.0356314404334;
24;940.0;696.0;0.0;0.02;-0.01;0.022360679775;0.0352727712264;
24;873.0;696.0;0.0;0.0;0.0;0.0;0.0343445404046;
24;945.0;694.0;0.0;0.0;-0.03;0.03;0.0342331419327;
24;941.0;696.0;0.0;0.01;-0.05;0.0509901951359;0.0346520682628;
24;1057.0;697.0;-0.01;0.0;-0.03;0.0316227766017;0.0345781831003;
24;846.0;696.0;0.0;0.0;0.02;0.02;0.0342310835027;
24;1006.0;697.0;0.0;0.01;0.05;0.0509901951359;0.0346208302849;
24;967.0;696.0;0.01;0.0;-0.06;0.060827625303;0.0352164392626;
24;847.0;697.0;0.0;0.01;-0.06;0.060827625303;0.0357855767301;
24;946.0;697.0;0.0;0.0;-0.01;0.01;0.0352250207143;
24;1017.0;694.0;-0.01;0.0;0.01;0.0141421356237;0.0347764486911;
24;1002.0;698.0;0.0;0.01;-0.06;0.060827625303;0.0353191815371;
24;972.0;691.0;0.0;0.01;-0.04;0.0412310562562;0.0354398320416;
24;944.0;697.0;0.0;0.0;-0.05;0.05;0.0357310354008;
24;971.0;696.0;-0.01;0.02;0.02;0.03;0.0356186621576;
24;1056.0;701.0;0.0;0.01;0.01;0.0141421356237;0.035205652032;
24;880.0;697.0;-0.01;-0.01;0.03;0.0331662479036;0.0351671727088;
24;861.0;700.0;0.0;0.01;-0.08;0.080622577483;0.0360089394639;
24;1037.0;699.0;0.0;0.01;-0.03;0.0316227766017;0.0359291910482;
24;878.0;697.0;0.0;-0.01;0.01;0.0141421356237;0.035540136487;
24;898.0;696.0;0.0;0.0;0.03;0.03;0.0354429411101;
24;843.0;698.0;0.0;0.03;-0.05;0.0583095189485;0.0358371924521;
24;944.0;697.0;0.02;0.0;-0.06;0.0632455532034;0.0363017409394;
24;980.0;698.0;0.0;0.0;-0.02;0.02;0.0360300452571;
24;1019.0;699.0;0.0;0.0;0.0;0.0;0.0354393887775;
24;940.0;696.0;0.0;0.02;0.04;0.04472135955;0.0355890979835;
24;844.0;697.0;0.0;0.0;-0.05;0.05;0.0358178424599;
24;893.0;698.0;0.0;-0.01;0.03;0.0316227766017;0.0357522945559;
24;1049.0;697.0;0.0;0.0;-0.06;0.06;0.0361253361781;
24;1013.0;698.0;0.0;0.0;-0.02;0.02;0.0358810129027;
24;939.0;696.0;0.0;0.0;0.0;0.0;0.0353454753967;
24;989.0;699.0;0.0;-0.01;-0.07;0.0707106781187;0.0358655519073;
24;935.0;698.0;-0.02;0.0;-0.06;0.0632455532034;0.0362623635203;
24;851.0;700.0;0.0;0.0;-0.05;0.05;0.03645861547;
24;1054.0;698.0;0.0;0.01;0.01;0.0141421356237;0.0361442988525;
24;940.0;700.0;0.0;-0.01;0.05;0.0509901951359;0.0363504918564;
24;915.0;700.0;-0.03;-0.01;-0.07;0.0768114574787;0.0369047516594;
24;942.0;699.0;-0.03;-0.01;-0.04;0.0509901951359;0.0370950954902;
24;989.0;700.0;-0.01;0.0;-0.01;0.0141421356237;0.0367890560253;
24;961.0;699.0;0.0;-0.01;0.01;0.0141421356237;0.0364910702306;
24;958.0;698.0;0.0;0.01;0.02;0.022360679775;0.0363075586662;
24;1006.0;700.0;0.0;0.01;0.01;0.0141421356237;0.0360233865759;
24;1034.0;698.0;0.02;0.0;-0.01;0.022360679775;0.0358504409202;
24;944.0;702.0;0.0;0.02;0.0;0.02;0.0356523104087;
24;938.0;695.0;-0.01;0.0;0.04;0.0412310562562;0.0357211838142;
24;1041.0;695.0;0.0;0.0;-0.04;0.04;0.0357733644994;
24;941.0;699.0;0.0;0.0;-0.06;0.06;0.0360652516741;
24;901.0;699.0;0.0;0.0;0.0;0.0;0.0356359034399;
24;1029.0;701.0;-0.01;-0.01;0.02;0.0244948974278;0.0355048327809;
24;949.0;698.0;0.0;0.0;0.02;0.02;0.0353245440277;
24;1001.0;699.0;0.0;-0.01;-0.04;0.0412310562562;0.0353924349728;
24;962.0;698.0;0.01;-0.01;-0.07;0.0714142842854;0.0358017741696;
24;940.0;699.0;0.0;0.0;0.0;0.0;0.0353995070441;
24;965.0;697.0;-0.01;0.02;0.0;0.022360679775;0.0352546311855;
24;943.0;698.0;0.0;0.01;-0.07;0.0707106781187;0.0356442580749;
24;945.0;696.0;0.0;0.0;-0.06;0.06;0.0359089944002;
24;850.0;700.0;0.0;0.0;0.0;0.0;0.0355228761808;
24;1043.0;700.0;0.0;0.01;0.0;0.01;0.0352513562214;
24;1000.0;696.0;-0.01;0.0;0.02;0.022360679775;0.0351156648904;
24;944.0;698.0;0.0;0.0;0.05;0.05;0.0352707100478;
24;902.0;698.0;3.32;8.48;8.2;12.2545012138;0.161242158541;
24;939.0;698.0;-2.62;1.92;-4.75;5.75441569579;0.2183153579;
24;972.0;698.0;-0.22;-1.44;-0.19;1.46904731033;0.230949013985;
24;946.0;697.0;0.5;-0.82;-0.05;0.961717214154;0.238256695987;
24;976.0;696.0;0.17;-0.74;0.05;0.76092049519;0.243431585088;
24;939.0;696.0;-0.02;0.0;0.05;0.0538516480713;0.14864161658;
24;1014.0;699.0;-0.01;0.0;-0.02;0.022360679775;0.106547970978;
24;941.0;697.0;-0.07;0.0;0.07;0.0989949493661;0.104659715575;
24;1052.0;698.0;-0.02;0.01;0.01;0.0244948974278;0.0886267519457;
24;949.0;697.0;0.0;0.01;0.04;0.0412310562562;0.0807274693308;
24;940.0;697.0;-0.02;0.01;-0.07;0.0734846922835;0.0796927868954;
24;991.0;701.0;-0.04;-0.02;0.01;0.0458257569496;0.0754594081522;
24;976.0;699.0;-0.01;0.01;0.1;0.100995049384;0.0782967016224;
24;941.0;697.0;-0.02;0.0;0.01;0.022360679775;0.0727030994376;
24;939.0;699.0;-0.01;0.0;-0.04;0.0412310562562;0.069842004603;
24;929.0;700.0;0.0;0.02;0.0;0.02;0.0656885042194;
24;996.0;698.0;0.0;0.0;0.01;0.01;0.0614047731256;
24;870.0;701.0;0.0;0.0;0.04;0.04;0.0598758607595;
24;989.0;700.0;0.0;-0.01;0.0;0.01;0.0565508033755;
24;924.0;699.0;-0.01;0.0;-0.02;0.022360679775;0.0544139206505;
25;838.0;699.0;0.0;0.0;-0.05;0.05;0.0541542782593;
25;890.0;699.0;0.0;0.0;0.01;0.01;0.0517012628004;
25;934.0;699.0;0.0;-0.02;0.0;0.02;0.0500327752846;
25;880.0;699.0;-0.01;0.01;0.0;0.0141421356237;0.0482382433016;
25;960.0;698.0;0.0;0.01;-0.02;0.022360679775;0.0470059783717;
25;948.0;700.0;0.0;0.0;0.0;0.0;0.0448693429912;
25;951.0;698.0;0.01;0.01;0.0;0.0141421356237;0.0435333774535;
25;945.0;698.0;0.0;0.0;0.01;0.01;0.0421361533929;
25;947.0;697.0;0.0;0.0;0.0;0.0;0.0404507072572;
25;930.0;701.0;0.0;0.02;0.0;0.02;0.0396641415935;
25;922.0;696.0;0.0;0.0;-0.01;0.01;0.0385654696826;
25;895.0;697.0;-0.01;0.0;0.04;0.0412310562562;0.0386606692031;
25;855.0;698.0;-0.02;-0.01;0.02;0.03;0.0383620254375;
25;1052.0;699.0;0.01;0.02;0.02;0.03;0.0380832912562;
25;1009.0;701.0;0.0;-0.02;-0.05;0.0538516480713;0.0385919479277;
25;944.0;698.0;0.01;0.0;-0.01;0.0141421356237;0.0378278912932;
25;1061.0;700.0;0.01;0.0;-0.01;0.0141421356237;0.0371101411214;
25;845.0;701.0;0.0;0.0;0.03;0.03;0.0369010193237;
25;859.0;699.0;0.0;0.0;-0.04;0.04;0.0369895616287;
25;904.0;699.0;0.0;-0.02;0.0;0.02;0.0365176293612;
25;943.0;697.0;0.0;-0.01;0.02;0.022360679775;0.0361350091022;
25;860.0;698.0;-0.01;0.01;-0.04;0.0424264068712;0.0363005722013;
25;1046.0;698.0;0.0;-0.02;-0.08;0.0824621125124;0.0374842014401;
25;948.0;699.0;-0.02;-0.01;-0.04;0.0458257569496;0.0376927403278;
25;941.0;700.0;-0.02;0.0;-0.03;0.0360555127546;0.037652807948;
25;883.0;698.0;-0.01;0.0;0.02;0.022360679775;0.0372887096582;
24;1016.0;699.0;0.0;0.0;0.01;0.01;0.0366540885033;
24;938.0;700.0;-0.01;0.0;-0.02;0.022360679775;0.0363292383049;
24;965.0;697.0;0.0;0.01;-0.07;0.0707106781187;0.0370932703008;
24;888.0;700.0;0.0;0.01;-0.02;0.022360679775;0.0367729965937;
24;950.0;700.0;-0.01;-0.03;-0.02;0.0374165738677;0.0367866897272;
24;998.0;700.0;0.0;0.01;0.01;0.0141421356237;0.0363149281834;
24;846.0;698.0;0.0;0.0;-0.04;0.04;0.0363901337307;
24;1027.0;700.0;-0.01;-0.02;-0.04;0.0458257569496;0.036578846195;
24;974.0;701.0;0.0;0.0;0.0;0.0;0.0358616139167;
24;1051.0;698.0;0.0;-0.03;0.0;0.03;0.0357488905722;
24;1047.0;699.0;0.0;0.01;0.03;0.0316227766017;0.0356710393652;
24;933.0;699.0;-0.01;0.0;0.02;0.022360679775;0.0354245512246;
24;941.0;697.0;-0.02;0.0;-0.05;0.0538516480713;0.0357595893491;
24;961.0;699.0;0.0;0.04;-0.03;0.05;0.0360138823964;
24;931.0;698.0;-0.01;0.0;0.02;0.022360679775;0.0357743525259;
24;944.0;700.0;-0.01;0.0;0.02;0.022360679775;0.035543082306;
24;980.0;699.0;0.0;0.0;-0.06;0.06;0.0359576063348;
24;937.0;699.0;-0.02;-0.01;-0.03;0.0374165738677;0.0359819224603;
24;972.0;701.0;0.0;0.0;0.02;0.02;0.0357199237314;
24;941.0;699.0;0.0;0.0;0.0;0.0;0.0351437959293;
24;936.0;698.0;-0.01;0.0;0.0;0.01;0.0347446880574;
24;837.0;699.0;0.0;-0.03;-0.06;0.067082039325;0.035249959171;
24;970.0;700.0;-0.01;0.0;0.0;0.01;0.0348614982607;
24;1055.0;700.0;-0.01;0.0;0.03;0.0316227766017;0.0348124267204;
24;850.0;698.0;0.0;0.0;0.04;0.04;0.0348898531872;
24;1051.0;698.0;0.01;0.0;-0.04;0.0412310562562;0.0349831061735;
24;906.0;697.0;0.0;0.0;0.02;0.02;0.0347659597073;
24;965.0;701.0;0.0;-0.01;0.0;0.01;0.0344121602829;
24;1060.0;697.0;-0.01;0.0;0.0;0.01;0.0340683270394;
24;867.0;699.0;0.0;0.0;-0.02;0.02;0.0338729336083;
24;1061.0;699.0;0.0;-0.02;-0.06;0.0632455532034;0.0342752982603;
24;947.0;698.0;0.0;0.0;-0.06;0.06;0.0346229293649;
24;942.0;697.0;-0.02;0.0;0.0;0.02;0.0344279569734;
24;1046.0;699.0;-0.11;0.02;-0.01;0.112249721603;0.0354519275606;
24;847.0;695.0;-0.03;0.02;-0.1;0.106301458127;0.0363720513342;
24;1056.0;697.0;-0.03;0.0;-0.1;0.104403065089;0.0372442438183;
24;978.0;699.0;0.02;-0.04;0.04;0.06;0.0375322913649;
24;1047.0;698.0;0.0;0.0;-0.04;0.04;0.0375631377228;
24;942.0;700.0;0.0;0.0;0.07;0.07;0.0379635928126;
24;940.0;696.0;0.0;0.01;0.04;0.0412310562562;0.0380034399278;
24;1033.0;699.0;0.0;0.0;0.02;0.02;0.037786531013;
24;1021.0;698.0;0.01;0.01;0.05;0.0519615242271;0.0379552809322;
24;945.0;698.0;0.01;0.01;0.07;0.0714142842854;0.0383489162658;
24;912.0;699.0;0.0;0.0;-0.08;0.08;0.0388332311929;
24;998.0;700.0;-0.01;0.0;-0.03;0.0316227766017;0.0387503524045;
24;970.0;700.0;-0.02;-0.02;-0.02;0.0346410161514;0.0387036554017;
24;943.0;699.0;-0.02;0.0;-0.03;0.0360555127546;0.0386739009899;
24;1073.0;699.0;0.0;0.0;-0.04;0.04;0.0386886354233;
24;1062.0;698.0;0.0;0.0;-0.02;0.02;0.0384832658033;
24;945.0;700.0;-0.01;-0.01;-0.01;0.0173205080757;0.038253235828;
24;927.0;698.0;0.0;-0.01;0.0;0.01;0.0379494375933;
24;935.0;698.0;-0.02;0.01;-0.02;0.03;0.0378648691083;
24;1008.0;702.0;-0.01;-0.02;-0.03;0.0374165738677;0.037860150211;
24;942.0;699.0;0.06;-0.02;-0.18;0.190787840283;0.0394531469826;
24;912.0;700.0;0.0;0.03;0.04;0.05;0.0395618774261;
24;1059.0;698.0;-0.01;0.01;0.05;0.0519615242271;0.0396884044342;
24;969.0;697.0;0.0;0.0;-0.23;0.23;0.0416107437834;
24;982.0;699.0;-0.04;0.03;-0.15;0.158113883008;0.0427757751756;
24;955.0;701.0;-0.01;0.01;0.03;0.0331662479036;0.0426806313412;
24;950.0;697.0;0.02;0.05;-0.11;0.122474487139;0.0825775592402;
24;837.0;699.0;-0.01;0.0;-0.05;0.0509901951359;0.0720484378721;
24;943.0;698.0;-0.1;-0.03;0.2;0.225610283454;0.110438899267;
24;947.0;699.0;0.02;0.01;-0.1;0.10246950766;0.108845020946;
24;944.0;697.0;0.0;0.01;0.03;0.0316227766017;0.0959746468885;
24;847.0;701.0;0.03;-0.01;-0.11;0.114455231423;0.0986147303934;
24;999.0;700.0;0.0;0.01;0.0;0.01;0.0875378890942;
24;977.0;700.0;-0.02;0.02;0.16;0.162480768093;0.0958648756496;
24;929.0;701.0;0.0;0.0;-0.01;0.01;0.0872783880847;
24;897.0;699.0;0.0;0.01;-0.03;0.0316227766017;0.0822187870407;
24;938.0;698.0;0.0;0.0;0.01;0.01;0.0762005547873;
24;860.0;701.0;-0.02;0.02;0.05;0.0574456264654;0.0747578679934;
24;1046.0;700.0;0.0;0.0;-0.04;0.04;0.0722751631367;
24;981.0;697.0;-0.01;0.0;0.04;0.0412310562562;0.0702055560113;
24;931.0;698.0;0.0;0.0;0.02;0.02;0.0670677087606;
24;1089.0;697.0;0.0;0.0;-0.01;0.01;0.0637107847159;
24;1020.0;698.0;-0.01;0.0;-0.02;0.022360679775;0.0614135566636;
24;946.0;696.0;0.0;-0.03;0.0;0.03;0.059760211576;
24;1049.0;700.0;0.0;0.0;0.03;0.03;0.0582722009972;
24;947.0;697.0;0.0;0.0;0.03;0.03;0.0569259057117;
24;943.0;698.0;0.01;0.0;0.03;0.0316227766017;0.0557757634794;
24;937.0;698.0;0.0;0.01;-0.07;0.0707106781187;0.0564251075941;
24;986.0;699.0;-0.01;0.0;0.01;0.0141421356237;0.0546633170954;
24;1019.0;698.0;-0.01;-0.02;0.0;0.022360679775;0.0533712116026;
24;950.0;700.0;-0.01;0.0;0.01;0.0141421356237;0.051862400988;
24;1068.0;698.0;0.0;0.0;-0.04;0.04;0.0514230528032;
24;941.0;698.0;0.15;0.01;-0.09;0.175214154679;0.0558441635845;
24;1032.0;697.0;0.05;0.0;-0.04;0.0640312423743;0.0561264766462;
24;941.0;698.0;0.0;0.0;0.0;0.0;0.0542555940914;
24;852.0;698.0;0.01;0.02;-0.18;0.181383571472;0.0583564965875;
24;944.0;701.0;-0.02;0.02;0.02;0.0346410161514;0.0576153878239;
24;869.0;700.0;0.0;0.0;-0.03;0.03;0.0567785578898;
24;974.0;698.0;0.0;0.0;0.0;0.0;0.0551086003048;
24;994.0;700.0;0.01;0.0;0.03;0.0316227766017;0.0544375767705;
24;923.0;696.0;-0.02;-0.01;0.0;0.022360679775;0.0535465518539;
24;942.0;699.0;0.0;0.02;0.0;0.02;0.0526398882903;
24;858.0;701.0;-0.02;0.0;-0.07;0.0728010988928;0.0531704464641;
24;946.0;698.0;0.02;0.02;-0.1;0.103923048454;0.054471795233;
24;882.0;697.0;0.04;0.0;-0.05;0.0640312423743;0.0547107814116;
24;1066.0;697.0;-0.02;0.0;-0.02;0.0282842712475;0.0540662323832;
24;1060.0;700.0;0.01;-0.01;0.06;0.0616441400297;0.0542466587557;
24;953.0;698.0;-0.08;-0.14;0.19;0.249198715888;0.0587804275262;
24;1028.0;698.0;-0.08;0.0;-0.41;0.417731971484;0.0669384171616;
24;935.0;698.0;-0.02;0.16;0.04;0.166132477258;0.0691427296082;
24;942.0;697.0;-0.02;0.0;0.0;0.02;0.0680744093993;
24;851.0;701.0;-0.07;0.0;-0.07;0.0989949493661;0.0687322932284;
24;891.0;698.0;-0.06;0.01;0.26;0.267020598456;0.0728632995873;
24;1003.0;699.0;-0.02;-0.02;-0.01;0.03;0.0719885383713;
24;884.0;697.0;-0.26;0.17;0.38;0.490815647672;0.0803650805573;
24;875.0;697.0;-0.28;0.3;0.8;0.89911067172;0.0964189156781;
24;844.0;702.0;-0.08;-0.03;-0.29;0.302324329157;0.100378635168;
24;953.0;697.0;-0.02;0.0;-0.04;0.04472135955;0.0993284978923;
24;978.0;699.0;0.0;0.01;0.02;0.022360679775;0.0979031679271;
24;983.0;699.0;0.01;0.03;0.04;0.0509901951359;0.0970502047855;
24;1065.0;700.0;-0.05;-0.02;-0.03;0.0616441400297;0.0964179536291;
24;1054.0;695.0;0.0;0.0;-0.09;0.09;0.0963053579514;
24;990.0;700.0;0.0;0.03;0.04;0.05;0.0955069897109;
24;960.0;699.0;0.13;-0.02;-0.03;0.134907375632;0.0961747928621;
24;1039.0;699.0;0.37;0.13;-0.75;0.846345083285;0.108677631036;
24;927.0;699.0;-0.03;0.02;0.23;0.232808934536;0.110712570437;
24;846.0;698.0;-0.06;0.05;-0.27;0.281069386451;0.113460261018;
24;962.0;700.0;-0.06;-0.02;0.01;0.0640312423743;0.112675673421;
24;852.0;698.0;-0.12;0.07;-0.24;0.277308492477;0.115248061219;
24;1011.0;701.0;0.07;0.0;0.01;0.0707106781187;0.114562870709;
24;977.0;700.0;0.04;-0.02;0.15;0.156524758425;0.115198656887;
24;885.0;700.0;0.0;0.01;0.05;0.0509901951359;0.114240321637;
24;833.0;700.0;0.03;-0.02;0.15;0.154272486205;0.114829029939;
24;921.0;700.0;0.03;0.0;0.2;0.202237484162;0.116095819131;
24;847.0;694.0;-0.11;-0.03;-0.1;0.151657508881;0.11660384327;
24;1012.0;698.0;-0.06;0.01;-0.06;0.0854400374532;0.116164916428;
24;850.0;700.0;-0.01;0.04;0.0;0.0412310562562;0.11512416837;
24;1055.0;699.0;-0.02;0.01;-0.11;0.112249721603;0.115084792387;
24;854.0;702.0;0.01;-0.01;0.04;0.0424264068712;0.114102922312;
24;1064.0;697.0;-0.01;0.15;-0.77;0.784538080656;0.123042057757;
24;843.0;700.0;0.11;-0.08;-0.61;0.62497999968;0.129646504361;
24;950.0;698.0;-0.01;0.03;-0.06;0.0678232998313;0.128843605601;
24;1052.0;699.0;0.0;0.0;-0.12;0.12;0.128730226042;
24;940.0;697.0;0.02;0.06;0.01;0.0640312423743;0.127911251565;
24;960.0;701.0;0.01;0.01;-0.01;0.0173205080757;0.126528867271;
24;936.0;698.0;-0.03;0.0;-0.03;0.0424264068712;0.125490565291;
24;939.0;699.0;0.09;0.26;-0.96;0.998649087518;0.136138839953;
24;894.0;698.0;-0.43;-0.22;2.59;2.63465367743;0.166241428356;
24;868.0;698.0;-0.2;0.07;0.57;0.60811183182;0.171501790302;
24;981.0;697.0;-0.03;0.0;-0.06;0.067082039325;0.170273322643;
24;1050.0;698.0;0.0;-0.05;-0.11;0.120830459736;0.169698405633;
24;970.0;699.0;-0.04;0.02;-0.14;0.146969384567;0.169437152517;
24;953.0;699.0;0.04;0.03;0.04;0.0640312423743;0.168239358084;
24;835.0;699.0;-0.07;0.0;-0.05;0.0860232526704;0.167315581618;
24;995.0;696.0;-0.02;-0.03;0.0;0.0360555127546;0.165857136409;
24;851.0;699.0;0.05;0.06;0.09;0.119163752878;0.165344022304;
24;903.0;702.0;0.01;0.03;-0.02;0.0374165738677;0.16395350656;
24;950.0;700.0;0.02;0.01;0.0;0.022360679775;0.162431003046;
24;942.0;700.0;0.0;0.0;0.0;0.0;0.160703013652;
24;942.0;699.0;-0.01;-0.02;-0.09;0.092736184955;0.15998757335;
24;945.0;697.0;0.0;0.02;-0.61;0.610327780787;0.164678617178;
24;949.0;698.0;-0.17;-0.08;1.35;1.36301137193;0.177032563103;
24;1046.0;700.0;-0.16;0.0;0.74;0.75709972923;0.182951615818;
24;941.0;698.0;0.05;0.01;0.13;0.139642400438;0.182514148996;
24;960.0;698.0;0.0;0.01;-0.01;0.0141421356237;0.180830428863;
24;962.0;697.0;0.0;0.03;0.05;0.0583095189485;0.179617350547;
24;1017.0;699.0;0.0;-0.02;0.03;0.0360555127546;0.107836431651;
24;902.0;700.0;0.0;0.0;0.01;0.01;0.0752242877671;
24;955.0;699.0;0.29;-0.03;-0.78;0.832706430863;0.264594823541;
24;918.0;701.0;-0.15;-0.58;1.48;1.59665274872;0.531006408577;
24;943.0;695.0;0.08;-0.06;0.29;0.306757233004;0.493631545982;
24;1071.0;700.0;-0.08;0.0;-0.04;0.0894427191;0.435890284998;
24;1015.0;696.0;0.05;-0.04;0.03;0.0707106781187;0.390242834138;
24;1043.0;698.0;0.04;0.0;0.05;0.0640312423743;0.35399710172;
24;870.0;700.0;-0.01;-0.06;-0.06;0.0854400374532;0.327141395294;
24;947.0;698.0;0.0;0.06;-0.12;0.13416407865;0.309598002871;
24;978.0;699.0;0.0;0.03;-0.09;0.0948683298051;0.291703863449;
24;947.0;699.0;-0.1;0.06;1.55;1.5543809057;0.388832866699;
24;997.0;698.0;-0.48;0.01;0.43;0.644515321773;0.407095899204;
24;1021.0;700.0;0.0;0.0;-0.44;0.44;0.409289505924;
24;1066.0;702.0;0.14;-0.02;-0.03;0.144568322948;0.392744431988;
24;859.0;698.0;0.0;-0.04;-0.19;0.194164878389;0.381063281776;
24;983.0;699.0;-0.05;-0.03;-0.05;0.0768114574787;0.364160402649;
24;942.0;701.0;0.02;-0.01;-0.07;0.0734846922835;0.348861681051;
24;1047.0;700.0;0.09;0.01;-0.05;0.103440804328;0.336590637214;
24;1018.0;699.0;-0.19;-0.46;0.99;1.10806137014;0.373327338782;
24;1016.0;697.0;-0.27;0.35;-1.43;1.49676317432;0.424392604034;
24;1053.0;698.0;-0.14;0.18;0.6;0.641872261435;0.433848241312;
24;957.0;702.0;0.03;-0.03;-0.32;0.322800247831;0.429221241584;
24;1014.0;698.0;0.02;0.01;-0.23;0.231084400166;0.421295767927;
24;957.0;699.0;0.04;0.02;0.16;0.166132477258;0.411481795209;
24;965.0;699.0;0.06;0.09;0.03;0.112249721603;0.400399125816;
24;862.0;699.0;0.11;0.07;0.18;0.222261107709;0.394037053741;
24;1008.0;700.0;0.0;0.05;-0.04;0.0640312423743;0.382657543004;
24;995.0;699.0;-0.14;-0.06;-0.19;0.243515913238;0.378019488679;
24;953.0;700.0;-0.1;-0.04;-0.09;0.140356688476;0.370352946737;
24;910.0;699.0;-0.03;0.02;0.0;0.0360555127546;0.359906151925;
24;893.0;699.0;-0.09;-0.06;-0.17;0.201494416796;0.355105796315;
24;997.0;699.0;-0.04;-0.08;-0.04;0.0979795897113;0.347543260827;
24;893.0;699.0;-0.04;-0.02;-0.03;0.0538516480713;0.339152071891;
24;1007.0;700.0;0.0;-0.05;0.04;0.0640312423743;0.331509826626;
24;884.0;699.0;0.01;0.01;-0.05;0.0519615242271;0.323954467102;
24;1043.0;698.0;-0.01;-0.01;-0.04;0.0424264068712;0.316545833938;
24;868.0;700.0;0.0;0.0;0.05;0.05;0.309711325376;
24;950.0;699.0;0.0;0.0;-0.06;0.06;0.303468542241;
24;873.0;700.0;0.0;0.02;-0.06;0.0632455532034;0.297609444948;
24;1101.0;699.0;-0.01;0.0;-0.02;0.022360679775;0.29105590292;
24;965.0;697.0;0.0;-0.01;0.05;0.0509901951359;0.285472979483;
24;1042.0;699.0;0.0;0.0;-0.04;0.04;0.279894048131;
24;975.0;699.0;-0.01;0.01;-0.04;0.0424264068712;0.274616989436;
24;939.0;701.0;0.0;0.0;-0.02;0.02;0.269081837492;
24;1062.0;699.0;0.0;0.0;0.02;0.02;0.263782223928;
24;942.0;697.0;0.0;0.02;-0.01;0.022360679775;0.258752608425;
24;1051.0;697.0;0.0;0.0;-0.07;0.07;0.254900514376;
24;983.0;698.0;0.0;0.0;-0.02;0.02;0.250202504088;
24;1056.0;700.0;0.0;0.0;0.05;0.05;0.246276964792;
24;862.0;699.0;0.0;0.0;0.02;0.02;0.2419254847;
24;1020.0;697.0;-0.01;0.0;0.01;0.0141421356237;0.237627685661;
24;1052.0;701.0;0.0;0.01;0.0;0.01;0.233412358149;
24;946.0;697.0;0.0;0.01;0.0;0.01;0.229350315273;
24;1046.0;698.0;0.0;0.01;0.01;0.0141421356237;0.225507312065;
24;973.0;698.0;0.0;0.0;-0.04;0.04;0.222252797819;
24;1055.0;697.0;-0.01;0.01;-0.02;0.0244948974278;0.218843178846;
24;944.0;697.0;-0.01;0.0;0.0;0.01;0.215303463951;
24;989.0;698.0;0.0;0.0;0.02;0.02;0.212048406218;
24;852.0;698.0;0.0;0.0;-0.04;0.04;0.209227940542;
24;905.0;701.0;0.0;0.0;-0.06;0.06;0.206821038276;
24;864.0;698.0;-0.01;-0.01;0.02;0.0244948974278;0.203926972548;
24;949.0;699.0;-0.01;0.0;0.02;0.022360679775;0.201089999223;
24;959.0;701.0;-0.01;0.0;0.02;0.022360679775;0.198340317386;
24;953.0;697.0;0.09;0.26;-0.17;0.323419232576;0.200235452464;
24;948.0;699.0;-0.12;-0.22;0.68;0.72470683728;0.208063383581;
25;941.0;698.0;0.01;0.02;0.33;0.330756708171;0.209867697178;
25;1017.0;698.0;0.05;0.17;0.22;0.282488937837;0.210920178926;
25;1062.0;698.0;0.01;-0.05;0.05;0.0714142842854;0.208927237574;
25;1059.0;699.0;-0.07;-0.04;-0.09;0.120830459736;0.207686437887;
25;995.0;697.0;0.03;-0.02;0.04;0.0538516480713;0.205549843584;
25;986.0;700.0;-0.01;-0.02;-0.06;0.0640312423743;0.203611232608;
25;985.0;700.0;-0.01;-0.01;-0.04;0.0424264068712;0.201433059287;
25;952.0;699.0;-0.01;0.0;0.0;0.01;0.198880618497;
25;1021.0;698.0;0.03;0.0;0.04;0.05;0.19692166299;
25;946.0;697.0;0.02;0.01;0.03;0.0374165738677;0.194850168326;
25;945.0;698.0;-0.05;-0.01;-0.05;0.0714142842854;0.193267656993;
25;945.0;697.0;-0.03;0.0;0.0;0.03;0.19120097779;
25;936.0;698.0;0.11;0.45;-0.07;0.468508271005;0.194667318955;
25;953.0;698.0;-0.13;0.04;0.0;0.136014705087;0.193943212611;
25;962.0;702.0;-0.18;-0.61;0.13;0.649153294685;0.199494555076;
25;945.0;698.0;-0.08;0.17;-0.3;0.353977400409;0.201355794176;
25;1041.0;698.0;0.02;0.17;0.05;0.178325545001;0.201081624543;
25;1041.0;699.0;-0.01;0.01;-0.08;0.0812403840464;0.199671727596;
25;1060.0;698.0;0.0;-0.06;0.07;0.0921954445729;0.198422003375;
25;968.0;700.0;0.03;-0.04;0.05;0.0707106781187;0.196954057107;
25;954.0;701.0;-0.03;-0.02;-0.03;0.0469041575982;0.195248944613;
25;946.0;698.0;-0.25;-0.44;0.04;0.50764160586;0.198758974515;
25;1049.0;698.0;0.0;0.07;-0.18;0.193132079158;0.198696453455;
25;948.0;698.0;-0.13;-0.24;0.12;0.298161030318;0.199789470783;
25;1059.0;696.0;-0.04;-0.09;-0.02;0.100498756211;0.198710223886;
24;1030.0;701.0;-0.12;-0.19;-0.03;0.226715680975;0.199011357833;
24;1040.0;698.0;-0.16;-0.18;-1.13;1.15537872579;0.209185478769;
24;1032.0;699.0;0.22;0.17;0.0;0.278028775489;0.20991014505;
24;1027.0;698.0;-0.01;-0.44;0.13;0.458911756223;0.212503911833;
24;883.0;696.0;-0.12;-0.24;-0.01;0.268514431642;0.213081339872;
24;935.0;697.0;-0.1;0.0;-0.18;0.20591260282;0.213008189494;
24;939.0;698.0;-0.16;-0.1;-0.13;0.229128784748;0.21317102379;
24;1045.0;697.0;-0.17;-0.11;-0.19;0.277668867538;0.213816002227;
24;897.0;698.0;-0.07;-0.17;-0.34;0.386522961802;0.215525972124;
24;847.0;699.0;0.05;0.23;-0.06;0.24289915603;0.229212564077;
24;945.0;697.0;-0.03;0.13;0.0;0.133416640641;0.197280589598;
24;1017.0;698.0;0.08;0.14;-0.02;0.162480768093;0.188580634222;
24;1009.0;702.0;0.13;-0.31;0.54;0.636081755752;0.278080858528;
24;851.0;697.0;-0.11;-0.34;-0.08;0.366196668472;0.292766826852;
24;900.0;699.0;0.08;0.13;0.01;0.152970585408;0.272795935217;
24;852.0;700.0;0.11;0.34;-0.05;0.360832371053;0.283800489697;
24;1019.0;697.0;0.05;0.13;0.04;0.144913767462;0.26836863167;
24;1021.0;698.0;-0.15;-0.22;-0.06;0.272946881279;0.268826456631;
24;1022.0;697.0;0.07;0.12;0.01;0.139283882772;0.257049859008;
24;861.0;698.0;0.05;0.12;0.05;0.139283882772;0.247236027655;
24;949.0;700.0;-0.09;-0.06;-0.14;0.17691806013;0.24182695323;
24;992.0;699.0;0.05;0.09;0.12;0.158113883008;0.235847448214;
24;953.0;699.0;0.03;0.05;-0.02;0.0616441400297;0.224233894335;
24;934.0;699.0;-0.01;0.01;-0.05;0.0519615242271;0.213466871203;
24;976.0;698.0;0.01;0.0;0.05;0.0509901951359;0.20390941967;
24;1046.0;698.0;-0.01;-0.01;0.02;0.0244948974278;0.193941946212;
24;1000.0;700.0;-0.05;0.0;-0.15;0.158113883008;0.192056258675;
24;1010.0;698.0;-0.01;0.0;0.0;0.01;0.182953445741;
24;1062.0;698.0;0.04;0.01;0.1;0.108166538264;0.179392164433;
24;942.0;700.0;0.01;0.0;0.11;0.110453610172;0.176258593785;
24;996.0;696.0;-0.01;-0.05;0.1;0.112249721603;0.173475599342;
24;950.0;698.0;0.03;0.05;-0.01;0.059160797831;0.168712482612;
24;992.0;700.0;-0.01;0.02;0.08;0.0830662386292;0.165286632853;
24;1058.0;697.0;-0.02;0.0;0.01;0.022360679775;0.159789480811;
24;1022.0;695.0;0.0;0.02;-0.04;0.04472135955;0.155527698543;
24;945.0;699.0;0.01;0.0;-0.04;0.0412310562562;0.151445675604;
24;897.0;697.0;-0.02;0.01;-0.06;0.0640312423743;0.148431384803;
24;931.0;699.0;0.0;0.0;0.0;0.0;0.143483671976;
24;973.0;698.0;0.0;0.02;-0.08;0.0824621125124;0.141515234574;
24;942.0;701.0;0.01;0.0;-0.03;0.0316227766017;0.138081095262;
24;947.0;700.0;-0.01;-0.01;0.02;0.0244948974278;0.134639089267;
24;1082.0;699.0;-0.01;0.0;0.01;0.0141421356237;0.131095061219;
24;836.0;699.0;-0.01;-0.03;0.0;0.0316227766017;0.128252995944;
24;1046.0;698.0;-0.01;-0.01;0.0;0.0141421356237;0.125083249824;
24;842.0;698.0;0.0;0.0;-0.01;0.01;0.121972891721;
24;1058.0;698.0;0.0;-0.01;0.0;0.01;0.119026236676;
24;946.0;697.0;0.0;0.0;-0.07;0.07;0.117769153684;
24;912.0;701.0;-0.02;0.0;0.0;0.02;0.115324924842;
24;941.0;698.0;-0.01;0.03;0.04;0.0509901951359;0.113755785093;
24;932.0;699.0;-0.01;-0.02;-0.01;0.0244948974278;0.111630525863;
24;980.0;699.0;0.0;-0.01;-0.04;0.0412310562562;0.109993328895;
24;939.0;702.0;0.0;0.0;0.04;0.04;0.10840257142;
24;931.0;699.0;-0.73;-1.57;-0.11;1.73490633753;0.144547099556;
24;907.0;699.0;-0.46;-1.67;0.27;1.75311151956;0.179515891295;
24;858.0;698.0;0.0;-1.22;-0.08;1.22262013725;0.201709598656;
24;836.0;700.0;-0.02;-0.03;0.0;0.0360555127546;0.198258471866;
24;971.0;698.0;0.0;0.0;0.0;0.0;0.194212380604;
24;942.0;697.0;0.01;0.01;-0.1;0.100995049384;0.192348033979;
24;977.0;700.0;0.0;0.01;-0.03;0.0316227766017;0.189196558344;
24;947.0;702.0;-0.02;0.0;0.03;0.0360555127546;0.186251538237;
24;1011.0;701.0;-0.02;0.0;0.02;0.0282842712475;0.183271023765;
24;1043.0;700.0;0.0;0.0;-0.05;0.05;0.180803041844;
24;946.0;698.0;0.0;-0.01;0.01;0.0141421356237;0.177772843549;
24;946.0;699.0;-0.01;0.0;0.03;0.0316227766017;0.175163020925;
24;946.0;698.0;-0.01;0.0;-0.06;0.060827625303;0.173157136791;
24;1045.0;701.0;0.0;-0.02;-0.01;0.022360679775;0.170557197877;
24;984.0;698.0;0.0;0.0;0.03;0.03;0.168174872489;
24;904.0;699.0;0.0;-0.01;0.01;0.0141421356237;0.165607660208;
24;958.0;696.0;0.0;0.0;-0.07;0.07;0.164040321516;
24;945.0;698.0;0.0;0.01;0.03;0.0316227766017;0.161904554663;
24;951.0;698.0;-0.01;0.0;0.02;0.022360679775;0.159689572522;
24;944.0;698.0;-0.01;0.0;-0.02;0.022360679775;0.157543808573;
24;901.0;700.0;0.0;0.0;-0.07;0.07;0.156196980748;
24;1015.0;699.0;0.0;0.0;0.01;0.01;0.153981874979;
24;851.0;695.0;-0.02;-0.01;0.03;0.0374165738677;0.152242094366;
24;1031.0;699.0;0.0;0.01;-0.05;0.0509901951359;0.150753095848;
24;972.0;698.0;0.0;0.0;0.05;0.05;0.149292906053;
24;904.0;700.0;0.0;0.0;0.04;0.04;0.147731578824;
24;1048.0;699.0;-0.02;-0.01;-0.06;0.0640312423743;0.146552700845;
24;933.0;698.0;-0.02;0.02;-0.01;0.03;0.144933913334;
24;930.0;700.0;0.01;0.02;0.01;0.0244948974278;0.143284063801;
24;1029.0;699.0;0.0;0.0;-0.05;0.05;0.142023468344;
24;993.0;697.0;-0.02;0.0;-0.05;0.0538516480713;0.140847844074;
24;944.0;699.0;-0.02;0.0;0.0;0.02;0.139257740862;
24;823.0;698.0;-3.85;-5.97;-0.91;7.16180843084;0.230459697875;
24;905.0;698.0;-1.2;-6.23;-1.48;6.51485226233;0.311028833316;
24;953.0;694.0;0.14;-4.21;-2.54;4.91887182187;0.369355959754;
24;846.0;700.0;-0.06;-1.19;-1.6;1.9949185447;0.389675492066;
24;946.0;701.0;0.43;-1.25;-0.2;1.33693679731;0.401370076081;
24;958.0;699.0;0.38;-0.65;-0.25;0.793347338812;0.406150286602;
24;1000.0;697.0;-0.02;-0.02;-0.01;0.03;0.401618355438;
24;944.0;698.0;-0.01;0.01;-0.06;0.0616441400297;0.39757104335;
24;883.0;698.0;-0.01;0.02;0.0;0.022360679775;0.393156803779;
24;934.0;699.0;-0.01;0.0;-0.05;0.0509901951359;0.389178122283;
24;952.0;699.0;-0.01;0.01;-0.06;0.0616441400297;0.385413363866;
24;980.0;699.0;0.0;0.03;0.01;0.0316227766017;0.381393016284;
24;1066.0;698.0;-0.02;0.0;0.02;0.0282842712475;0.377425502294;
24;943.0;700.0;-0.01;0.03;-0.01;0.0331662479036;0.373600399468;
24;853.0;698.0;-0.01;0.01;0.01;0.0173205080757;0.369685235826;
24;896.0;698.0;-0.01;0.03;0.05;0.059160797831;0.366309970196;
24;985.0;698.0;-0.02;0.0;0.0;0.02;0.362586207075;
24;952.0;697.0;-0.01;0.0;0.02;0.022360679775;0.358966786572;
24;997.0;699.0;-0.01;0.0;0.02;0.022360679775;0.355423564395;
24;946.0;697.0;-0.02;0.03;0.0;0.0360555127546;0.352096813857;
24;946.0;699.0;0.0;0.01;0.02;0.022360679775;0.348697472269;
24;946.0;699.0;-0.02;0.01;-0.01;0.0244948974278;0.34538928273;
24;948.0;700.0;-0.01;0.02;0.01;0.0244948974278;0.342147925303;
24;841.0;697.0;-0.03;0.0;-0.06;0.067082039325;0.339397266443;
24;1064.0;701.0;-0.01;0.01;-0.01;0.0173205080757;0.336208387647;
24;997.0;699.0;-0.02;0.0;-0.02;0.0282842712475;0.182246329447;
24;896.0;699.0;-0.01;0.01;-0.07;0.0714142842854;0.145302314393;
24;1020.0;695.0;-0.06;0.01;-0.04;0.0728010988928;0.127177010518;
24;949.0;698.0;-0.03;0.0;0.04;0.05;0.111741608415;
24;942.0;698.0;-0.03;0.03;-0.09;0.0994987437107;0.109701130964;
24;1007.0;702.0;-0.01;0.03;-0.02;0.0374165738677;0.0993747656644;
24;950.0;699.0;0.0;0.01;0.01;0.0141421356237;0.0887206869094;
24;1041.0;702.0;-0.01;0.02;0.03;0.0374165738677;0.0830202299047;
24;975.0;698.0;-0.01;0.0;-0.02;0.022360679775;0.0769542748918;
24;976.0;698.0;-0.02;0.02;-0.04;0.0489897948557;0.0744120494339;
24;990.0;699.0;-0.02;0.0;0.01;0.022360679775;0.0700744352957;
24;941.0;699.0;-0.02;0.02;0.01;0.03;0.0669917864268;
24;953.0;701.0;-0.01;0.01;0.0;0.0141421356237;0.0632168113694;
24;1034.0;697.0;-0.04;0.04;-0.01;0.0574456264654;0.0628320657092;
24;947.0;699.0;-0.03;0.07;0.07;0.103440804328;0.0653701118728;
24;947.0;697.0;-0.01;0.04;-0.08;0.09;0.0668189288215;
24;1080.0;700.0;-0.01;0.01;0.0;0.0141421356237;0.0638924403105;
24;832.0;700.0;-0.04;0.0;-0.06;0.0721110255093;0.0643249974262;
24;839.0;699.0;0.0;0.0;-0.11;0.11;0.0666087475549;
24;939.0;699.0;-0.01;-0.02;0.0;0.022360679775;0.0645016967082;
24;1065.0;698.0;-0.27;-0.46;-0.01;0.533479146734;0.0858188535276;
24;1108.0;697.0;0.03;-0.65;-0.28;0.708378429937;0.112886661198;
24;989.0;698.0;-0.17;-0.24;0.1;0.31064449134;0.121126570787;
24;948.0;696.0;-0.23;-0.77;-0.25;0.841605608346;0.149945732289;
24;936.0;699.0;-0.23;-0.77;-0.25;0.841605608346;0.176548035215;
24;1065.0;698.0;-0.68;0.06;0.86;1.0979981785;0.210675818299;
24;994.0;698.0;-0.1;0.4;0.86;0.953729521405;0.237213450553;
24;1062.0;698.0;-0.15;0.43;0.01;0.455521678957;0.244741320498;
24;953.0;699.0;0.13;0.55;-0.04;0.566568618969;0.255468897114;
24;1033.0;700.0;-0.35;-0.49;0.96;1.13322548506;0.283783625757;
24;991.0;697.0;0.15;0.61;-0.3;0.696132171358;0.296669517807;
24;849.0;697.0;0.27;0.44;-0.3;0.597076209541;0.30577275089;
24;848.0;697.0;-0.07;0.06;0.03;0.0969535971483;0.299631011074;
24;1037.0;697.0;0.01;-0.03;-0.04;0.0509901951359;0.292526987762;
24;955.0;700.0;-0.03;0.0;0.01;0.0316227766017;0.285279648563;
24;1059.0;698.0;0.01;-0.02;0.12;0.122065556157;0.280868456876;
24;950.0;698.0;-0.04;-0.03;-0.08;0.0943398113206;0.275959808309;
24;853.0;696.0;0.0;-0.01;0.0;0.01;0.269140326045;
24;947.0;695.0;0.0;0.01;0.05;0.0509901951359;0.263686572772;
24;946.0;698.0;-0.03;-0.01;-0.09;0.0953939201417;0.259581873927;
24;839.0;700.0;-0.01;0.01;-0.01;0.0173205080757;0.253813746169;
24;871.0;699.0;-0.02;0.05;0.02;0.0574456264654;0.249247045711;
24;1036.0;698.0;0.0;0.0;-0.07;0.07;0.245173249217;
24;1128.0;697.0;0.13;-0.13;0.03;0.186279360102;0.243864496126;
24;943.0;698.0;-1.78;-0.64;0.95;2.11671915945;0.284578727937;
24;968.0;700.0;-0.75;-0.5;0.04;0.902274902677;0.29772119974;
24;994.0;702.0;-0.47;-0.31;-0.57;0.801186619958;0.308210062661;
24;787.0;696.0;-0.07;-1.04;0.1;1.04713895926;0.323290244225;
24;951.0;697.0;0.53;-2.21;0.32;2.29508169789;0.362726073298;
24;942.0;697.0;0.22;-0.5;0.13;0.561515805655;0.366623911187;
24;984.0;698.0;0.37;0.07;-0.05;0.379868398264;0.366878612862;
24;954.0;697.0;-0.36;-0.5;-0.49;0.787210264161;0.374809398736;
24;1047.0;699.0;-0.13;-0.34;-0.34;0.498096376216;0.377092490911;
24;989.0;699.0;-0.16;-0.16;-0.17;0.283019433962;0.375382071694;
24;869.0;699.0;-0.31;0.02;1.65;1.67898779031;0.39866074524;
24;946.0;702.0;0.16;0.19;0.5;0.558300994088;0.401461451361;
24;950.0;702.0;-0.08;-0.04;1.2;1.20332871652;0.415286749036;
24;1088.0;704.0;0.14;-0.24;0.05;0.28231188427;0.413032937769;
24;789.0;698.0;0.17;-0.09;0.15;0.243926218353;0.410214492445;
24;879.0;700.0;0.12;-0.27;-0.64;0.704911341943;0.415045588338;
24;938.0;698.0;-0.15;0.3;0.7;0.776208734813;0.420870800378;
24;957.0;696.0;0.22;0.12;-0.57;0.622655603042;0.424073733754;
24;1055.0;697.0;0.07;0.2;-0.43;0.479374592568;0.424937809673;
24;881.0;697.0;0.09;-0.14;-1.17;1.18177832101;0.436581509847;
24;940.0;696.0;-0.31;0.05;-0.37;0.485283422342;0.437319417612;
24;1106.0;697.0;-0.23;-0.24;-0.83;0.89409171789;0.444136914631;
24;1072.0;697.0;0.0;-0.04;-1.15;1.1506954419;0.454527481209;
24;943.0;698.0;0.1;-0.06;-1.3;1.30522028792;0.466856362466;
24;808.0;698.0;0.08;0.0;-1.09;1.09293183685;0.475800297814;
24;947.0;698.0;-0.22;0.13;-0.05;0.260384331326;0.472766270117;
24;1103.0;697.0;-0.17;0.16;0.57;0.615954543777;0.47475499614;
24;994.0;696.0;-0.04;-0.1;0.6;0.609590026165;0.476602051346;
24;793.0;696.0;0.17;-0.21;0.33;0.426497362243;0.475924960952;
24;964.0;697.0;0.13;0.05;0.47;0.490204039151;0.476115348662;
24;947.0;696.0;0.12;0.07;0.45;0.470956473573;0.476047468726;
24;1101.0;697.0;0.08;0.13;0.09;0.177200451467;0.472166338632;
24;939.0;699.0;-0.02;0.06;0.02;0.0663324958071;0.466963340647;
24;839.0;697.0;0.0;0.11;-0.16;0.194164878389;0.463510195555;
24;980.0;698.0;0.0;0.11;-0.16;0.194164878389;0.460143379091;
24;944.0;697.0;-0.14;0.07;0.13;0.203469899494;0.456974570701;
24;1123.0;696.0;0.05;-0.08;-0.25;0.267207784318;0.454660341598;
24;909.0;697.0;-0.18;0.35;-0.01;0.393700393701;0.453925884395;
24;830.0;696.0;-0.28;0.06;1.79;1.81276032613;0.470102484892;
24;1009.0;696.0;0.0;-0.06;0.1;0.116619037897;0.465943856104;
24;870.0;698.0;0.06;0.08;-0.13;0.164012194669;0.462433022831;
24;1065.0;699.0;0.06;0.02;-0.09;0.11;0.458382068546;
24;943.0;696.0;0.02;-0.09;0.1;0.136014705087;0.454718803052;
24;949.0;694.0;-0.04;-0.01;-0.01;0.0424264068712;0.450086304218;
24;942.0;696.0;-0.04;-0.04;-0.02;0.06;0.445752011949;
24;995.0;697.0;-0.06;-0.05;0.0;0.0781024967591;0.441711907387;
24;951.0;699.0;-0.02;0.01;-0.01;0.0244948974278;0.437176939887;
24;1143.0;698.0;0.0;-0.02;0.04;0.04472135955;0.43295698741;
24;935.0;698.0;-0.02;-0.11;0.01;0.112249721603;0.429545207987;
24;960.0;699.0;0.0;0.05;-0.03;0.0583095189485;0.425637463892;
24;736.0;700.0;-0.02;0.17;-0.03;0.17378147197;0.423013963976;
24;1085.0;699.0;0.0;-0.04;-0.04;0.0565685424949;0.419236176126;
24;798.0;699.0;-0.1;0.27;0.0;0.287923600978;0.417896251889;
24;1021.0;699.0;-0.03;0.12;0.0;0.123693168769;0.414924503575;
24;919.0;698.0;-0.04;-0.05;0.13;0.144913767462;0.412224396214;
24;850.0;699.0;-0.04;-0.03;0.0;0.05;0.408638016053;
24;728.0;693.0;-0.04;-0.17;0.02;0.175783958312;0.292210987183;
24;848.0;700.0;-0.03;-0.34;0.06;0.346554469023;0.31032548113;
24;1125.0;698.0;-0.01;-0.31;-0.1;0.325883414736;0.314214964531;
25;966.0;700.0;0.0;-0.1;0.2;0.22360679775;0.296093331175;
25;936.0;702.0;-0.28;1.45;0.54;1.57241851935;0.508814195871;
25;879.0;703.0;-0.42;2.07;1.8;2.77512161896;0.832572399169;
25;1073.0;701.0;-0.36;1.62;1.74;2.40449578914;1.02906282292;
25;933.0;701.0;0.17;0.57;-1.04;1.19808180021;1.04784270928;
25;1115.0;699.0;0.0;-0.17;-0.05;0.177200451467;0.9607784835;
25;940.0;699.0;-0.06;-0.18;0.0;0.18973665961;0.890683772238;
25;936.0;701.0;-0.02;-0.41;-0.22;0.465725240888;0.855270561292;
25;937.0;701.0;0.15;-1.67;-0.6;1.78084249725;0.926468402519;
25;956.0;699.0;-0.12;-2.09;0.43;2.13714763177;1.01294549032;
25;1068.0;701.0;-0.23;-1.86;0.38;1.91230227736;1.07290260946;
25;945.0;698.0;-0.14;-1.86;0.41;1.90979056443;1.12520810664;
25;963.0;700.0;0.08;-1.17;0.1;1.17698768048;1.12825396393;
25;945.0;697.0;0.0;-0.11;0.76;0.76791926659;1.10823536963;
25;940.0;700.0;0.0;-0.05;0.47;0.472652091924;1.07478361817;
25;942.0;699.0;-0.16;1.02;0.3;1.07517440446;1.07480315749;
25;842.0;699.0;-0.2;1.87;-0.33;1.90939781083;1.11454576003;
25;783.0;700.0;-0.19;1.86;-0.52;1.94064422293;1.15209569016;
25;841.0;697.0;-0.18;1.83;-0.01;1.83885834147;1.18195493587;
25;838.0;699.0;-0.27;1.45;-0.02;1.47505932084;1.19416761858;
25;997.0;700.0;-0.26;1.29;-0.02;1.3160927019;1.19904462191;
25;994.0;698.0;-0.11;0.41;0.0;0.424499705536;1.16925443282;
24;981.0;696.0;-0.03;-0.21;0.09;0.230434372436;1.13448331947;
24;980.0;698.0;-0.01;-0.22;0.18;0.284429253067;1.10412424567;
24;849.0;697.0;0.06;-0.54;0.25;0.598080262172;1.08667445314;
24;986.0;697.0;0.22;-1.88;0.43;1.9410564134;1.11515385181;
24;922.0;697.0;0.02;-1.84;0.31;1.86603858481;1.13937593997;
24;1074.0;700.0;0.11;-1.49;-0.12;1.49886623819;1.15061001179;
24;760.0;698.0;0.0;-0.92;0.2;0.941488183675;1.1442729867;
24;961.0;698.0;0.04;-0.88;0.25;0.915696456256;1.13755014757;
24;1016.0;698.0;-0.01;-0.69;0.21;0.721318237673;1.12565780728;
24;940.0;698.0;-0.44;-0.62;0.01;0.760328876211;1.11550978142;
24;1059.0;699.0;0.04;0.67;-0.38;0.771297607931;1.10620674971;
24;954.0;698.0;0.17;0.69;-0.46;0.846522297403;1.09937294833;
24;761.0;699.0;0.14;0.83;-0.53;0.994685880065;1.09668866453;
24;975.0;699.0;-0.07;1.64;0.13;1.64663292813;1.11043727112;
24;941.0;699.0;-0.1;1.51;-0.15;1.52072351202;1.1204442526;
24;1013.0;700.0;-0.06;1.52;-0.33;1.55656673484;1.13082812123;
24;966.0;698.0;-0.06;1.42;-0.16;1.4302447343;1.13779129828;
24;944.0;697.0;-0.11;0.78;-0.06;0.79;1.12988695059;
24;979.0;698.0;0.03;0.19;-0.36;0.408166632639;1.1138487213;
24;946.0;699.0;-0.04;0.2;-0.41;0.457930125674;1.0995896214;
24;823.0;698.0;-0.08;0.19;0.15;0.25495097568;1.08161858638;
24;864.0;694.0;0.12;-0.93;0.07;0.940319094776;1.07867484697;
24;997.0;698.0;0.08;-1.2;0.0;1.20266371027;1.08120523194;
24;966.0;699.0;0.17;-1.29;0.09;1.30426224357;1.08566637217;
24;940.0;699.0;0.09;-1.51;0.19;1.52456551188;1.09427223765;
24;944.0;697.0;0.05;-1.41;-0.06;1.41216146386;1.100385492;
24;775.0;699.0;0.05;-1.31;-0.05;1.3119070089;1.10437646402;
24;1125.0;698.0;0.09;-1.24;0.08;1.24583305463;1.10699603051;
24;960.0;699.0;0.1;-1.05;0.2;1.07354552768;1.10638783955;
24;939.0;698.0;0.18;0.36;-0.27;0.484664832642;1.095285643;
24;770.0;700.0;0.09;0.45;-0.38;0.595818764391;1.08652306618;
24;1000.0;699.0;0.04;0.49;-0.27;0.560892146495;1.07746046412;
24;1000.0;700.0;-0.05;1.17;-0.42;1.2441061048;1.0802849665;
24;1009.0;698.0;-0.26;0.97;0.38;1.07373181009;1.08017574723;
24;1121.0;698.0;-0.22;0.74;0.33;0.839583229942;1.0762316076;
24;912.0;700.0;-0.16;0.67;0.25;0.732802838422;1.07069243391;
24;1152.0;700.0;0.03;-0.08;0.01;0.0860232526704;1.05506276436;
24;975.0;701.0;0.09;-0.23;0.02;0.247790233867;1.04244913107;
24;980.0;698.0;0.11;-0.29;0.06;0.315911379979;1.03127162721;
24;917.0;696.0;0.16;-0.26;-0.18;0.354400902933;1.02101601018;
24;1111.0;698.0;0.11;-0.09;-0.09;0.168226038413;1.00828780164;
24;984.0;700.0;0.03;-0.15;-0.31;0.345687720349;0.9985436828;
24;747.0;700.0;0.0;-0.21;-0.37;0.425440947724;0.99023784606;
24;1110.0;700.0;-0.03;-0.17;-0.22;0.279642629082;0.980086485817;
24;944.0;697.0;0.0;-0.11;-0.01;0.110453610172;0.967838135456;
24;1007.0;697.0;-0.03;-0.05;0.06;0.0836660026534;0.955557966945;
24;921.0;699.0;-0.03;0.05;0.02;0.0616441400297;0.943312572056;
24;942.0;697.0;-0.02;-0.02;0.0;0.0282842712475;0.930947324747;
24;1019.0;698.0;-0.04;0.04;0.03;0.0640312423743;0.919388443649;
24;1023.0;699.0;-0.02;0.09;0.05;0.104880884817;0.908671238928;
24;1029.0;699.0;-0.03;0.0;-0.06;0.067082039325;0.897741509063;
24;948.0;699.0;0.03;0.01;-0.1;0.104880884817;0.887576629265;
24;945.0;698.0;-0.02;0.02;-0.07;0.0754983443527;0.877297157304;
24;1110.0;698.0;0.03;0.02;0.03;0.0469041575982;0.866917244807;
24;749.0;698.0;0.03;-0.03;-0.15;0.155884572681;0.85813906367;
24;1012.0;699.0;0.01;-0.05;-0.09;0.103440804328;0.848935426361;
24;946.0;697.0;-0.04;-0.03;-0.05;0.0707106781187;0.839559224575;
24;1008.0;698.0;0.01;0.05;-0.07;0.0866025403784;0.830595454525;
24;940.0;697.0;0.0;0.01;-0.08;0.080622577483;0.821772244207;
24;947.0;699.0;0.0;0.0;0.15;0.15;0.813960939042;
24;964.0;698.0;0.01;0.0;0.01;0.0141421356237;0.804767619462;
24;978.0;699.0;-0.08;0.0;-0.01;0.080622577483;0.796538698531;
24;965.0;700.0;-0.03;-0.03;0.04;0.0583095189485;0.788243988648;
24;977.0;698.0;0.06;0.01;-0.17;0.180554700853;0.78149188545;
24;948.0;699.0;-0.02;-0.01;0.12;0.122065556157;0.774245442271;
24;841.0;699.0;-0.1;0.0;0.03;0.104403065089;0.766964546867;
24;876.0;698.0;-0.03;0.08;-0.04;0.0943398113206;0.759732022829;
24;956.0;697.0;-0.07;-0.03;0.12;0.142126704036;0.75316175348;
24;940.0;699.0;0.0;0.0;0.01;0.01;0.74533899818;
24;945.0;699.0;-0.14;-0.07;-0.11;0.191311264697;0.739567875956;
24;854.0;700.0;-0.19;0.02;0.07;0.203469899494;0.734041092694;
24;1088.0;699.0;-0.15;-0.06;-0.01;0.161864140562;0.728202552366;
24;1017.0;698.0;0.14;0.08;0.06;0.172046505341;0.722584814517;
24;763.0;699.0;1.12;-0.05;0.6;1.27157382798;0.728074704652;
24;1006.0;699.0;1.16;-0.05;0.44;1.24165212519;0.733159629607;
24;760.0;697.0;0.88;-0.17;-0.7;1.13723348526;0.935196557434;
24;981.0;696.0;-1.01;0.13;0.37;1.08346665846;0.984619924444;
24;961.0;696.0;-1.4;0.1;0.27;1.42930052823;1.09579007539;
24;929.0;699.0;-1.56;-0.25;-0.37;1.62265215003;1.20116249032;
24;1015.0;697.0;-0.99;-0.26;-1.85;2.11428474903;1.35334953344;
24;964.0;697.0;-1.05;-0.64;-0.9;1.52384382402;1.37770586066;
24;883.0;699.0;-0.84;-0.8;-0.41;1.23032516027;1.35928327311;
24;945.0;699.0;-0.67;0.05;-0.37;0.767007170762;1.2934748173;
24;1097.0;698.0;0.0;-0.01;-1.13;1.13004424692;1.27713176026;
24;960.0;698.0;0.25;0.01;-1.02;1.05023806825;1.25650506099;
24;948.0;700.0;0.89;0.65;-0.65;1.27949208673;1.25842064646;
24;951.0;698.0;2.4;-0.4;0.7;2.53179778023;1.35637273368;
24;949.0;697.0;2.55;-0.35;0.76;2.68376601066;1.45118653918;
24;950.0;697.0;2.39;-0.16;0.3;2.41406296521;1.51537830091;
24;950.0;699.0;1.6;-0.08;-0.12;1.60648685024;1.52107258525;
24;973.0;699.0;-0.16;-0.64;0.26;0.709083916049;1.47330854588;
24;1041.0;700.0;-0.29;-0.26;-0.15;0.417372735094;1.41464544528;
24;1001.0;699.0;-0.49;-0.06;-0.12;0.508035431835;1.36692912878;
24;1050.0;696.0;-1.39;-0.1;0.17;1.40392307482;1.36877882609;
24;965.0;698.0;-1.92;-0.1;-0.19;1.93196790864;1.39559735383;
24;1150.0;697.0;-1.87;-0.16;-0.4;1.91898410624;1.41938766075;
24;1063.0;699.0;-0.95;-0.08;-0.73;1.20074976577;1.40988166532;
24;913.0;699.0;-0.34;-0.02;0.14;0.36823905279;1.3664798898;
24;965.0;697.0;-0.12;0.01;0.08;0.144568322948;1.31760342712;
24;934.0;699.0;0.17;-0.09;0.2;0.27748873851;1.27759901602;
24;1086.0;698.0;1.9;0.17;-0.4;1.94907670449;1.30246856004;
24;1039.0;699.0;2.15;-0.09;0.57;2.22609523606;1.33545522704;
24;973.0;698.0;2.17;-0.15;0.61;2.25909273825;1.36730479639;
24;933.0;699.0;2.03;-0.21;0.38;2.07590943926;1.39092495116;
24;784.0;698.0;0.47;0.29;0.91;1.06447169995;1.38039420112;
24;953.0;697.0;-0.11;-0.07;0.3;0.327108544676;1.34747902435;
24;953.0;698.0;-0.14;-0.14;0.01;0.198242276016;1.31265366834;
24;1024.0;700.0;-0.34;-0.19;-0.52;0.649692234831;1.29315480265;
24;734.0;698.0;-2.13;0.1;0.15;2.13761549396;1.31728225097;
24;944.0;700.0;-1.88;-0.02;-0.29;1.9023406635;1.33353387354;
24;1090.0;700.0;-1.74;-0.1;-0.42;1.79276323032;1.34594547778;
24;946.0;698.0;-0.74;-0.12;-0.66;0.998799279135;1.3368100515;
24;826.0;698.0;-0.24;-0.14;0.36;0.454752680036;1.31419319582;
24;861.0;698.0;-0.13;-0.26;0.36;0.46270941205;1.29290610123;
24;1009.0;696.0;1.57;-0.03;-0.22;1.58562290599;1.30004553549;
24;853.0;699.0;1.85;0.19;-0.06;1.86069879346;1.31339442259;
24;1073.0;699.0;1.8;0.11;0.19;1.81333946077;1.32502105138;
24;964.0;699.0;1.82;0.11;-0.13;1.82794967108;1.33645124728;
24;1037.0;699.0;-0.04;0.0;0.69;0.691158447825;1.3221114073;
24;1071.0;698.0;-0.09;-0.2;0.67;0.704982269281;1.30869555647;
24;728.0;696.0;-1.34;-0.48;0.43;1.48690954668;1.31248734349;
24;1002.0;697.0;-1.44;-0.59;-0.05;1.55698426453;1.31758102935;
24;1143.0;696.0;-1.51;-0.55;1.35;2.09883300908;1.3335249473;
24;1125.0;698.0;-0.02;0.27;-0.54;0.604069532422;1.31893583901;
24;1023.0;697.0;-0.02;0.25;1.08;1.10873802136;1.31481431317;
24;1107.0;697.0;-0.14;0.11;0.84;0.858661749468;1.30604214848;
24;889.0;697.0;0.44;-0.08;-1.65;1.70953209973;1.31365516643;
24;1030.0;694.0;-0.14;0.02;-0.24;0.278567765544;1.29448688123;
24;963.0;697.0;0.13;0.17;0.43;0.480312398341;1.27968370881;
24;975.0;696.0;0.0;-0.12;0.14;0.184390889146;1.26012490846;
24;959.0;697.0;-0.23;-0.06;0.48;0.535630469634;1.24741447971;
24;964.0;697.0;-0.13;-0.05;0.19;0.235584379788;1.22996913316;
24;984.0;697.0;-0.02;-0.02;0.03;0.0412310562562;1.20982103016;
24;958.0;697.0;-0.06;-0.01;0.01;0.0616441400297;1.19068474866;
24;876.0;699.0;-0.03;-0.04;-0.06;0.0781024967591;1.17244569535;
24;1059.0;699.0;-0.05;-0.01;0.0;0.0509901951359;1.15435770341;
24;959.0;697.0;-0.06;-0.01;0.04;0.0728010988928;1.13719013826;
24;877.0;697.0;-0.08;0.0;-0.07;0.106301458127;1.12108250263;
24;1049.0;697.0;-0.03;0.0;0.02;0.0360555127546;1.10438977971;
24;958.0;698.0;-0.02;-0.02;0.0;0.0282842712475;1.0880851508;
24;885.0;697.0;-0.05;-0.01;-0.1;0.112249721603;1.0735204429;
24;963.0;700.0;-0.02;0.0;-0.02;0.0282842712475;1.05814932273;
24;958.0;698.0;-0.03;0.0;0.0;0.03;1.0432486079;
24;963.0;698.0;-0.05;0.0;0.01;0.0509901951359;1.02907348772;
24;955.0;698.0;-0.04;-0.02;-0.03;0.0538516480713;1.01533796885;
24;873.0;700.0;-0.02;-0.01;0.01;0.0244948974278;1.00157625953;
24;1016.0;699.0;-0.04;0.0;0.05;0.0640312423743;0.988733177101;
24;1029.0;697.0;-0.05;-0.03;-0.02;0.0616441400297;0.97620494687;
24;960.0;700.0;-0.02;0.0;-0.13;0.13152946438;0.964942607103;
24;1045.0;699.0;-0.05;0.0;0.01;0.0509901951359;0.952916917472;
24;971.0;699.0;-0.06;-0.06;0.02;0.0871779788708;0.941673554633;
24;970.0;698.0;-0.02;-0.02;0.04;0.0489897948557;0.930228891046;
24;1010.0;698.0;-0.05;-0.04;0.04;0.0754983443527;0.919409517038;
24;959.0;700.0;-0.02;-0.02;0.01;0.03;0.908291898075;
24;956.0;699.0;-0.06;0.0;-0.01;0.060827625303;0.897829376189;
24;970.0;698.0;-0.04;0.01;0.02;0.0458257569496;0.887439088149;
24;976.0;698.0;-0.06;-0.03;0.01;0.0678232998313;0.877564199133;
24;914.0;700.0;-0.02;-0.03;0.04;0.0538516480713;0.867758097335;
24;967.0;698.0;-0.05;0.0;0.0;0.05;0.858137413837;
24;929.0;699.0;-0.03;0.0;-0.06;0.067082039325;0.848939095528;
24;958.0;699.0;-0.04;0.0;-0.02;0.04472135955;0.839695213506;
24;985.0;700.0;-0.03;0.0;0.01;0.0316227766017;0.830512572177;
24;1016.0;698.0;-0.04;-0.03;-0.07;0.0860232526704;0.822147523643;
24;978.0;701.0;-0.03;-0.05;-0.01;0.059160797831;0.813669893357;
24;1027.0;697.0;-0.05;0.0;0.04;0.0640312423743;0.805432105983;
24;974.0;697.0;-0.04;0.0;-0.02;0.04472135955;0.797163510913;
24;999.0;700.0;-0.03;-0.02;-0.02;0.0412310562562;0.789035204949;
24;961.0;697.0;-0.05;-0.02;0.0;0.0538516480713;0.78121410328;
24;872.0;697.0;-0.02;-0.03;0.0;0.0360555127546;0.773370328643;
24;1042.0;697.0;-0.04;0.01;-0.01;0.0424264068712;0.765756329458;
24;961.0;697.0;-0.04;-0.04;0.0;0.0565685424949;0.75844511516;
24;1054.0;697.0;-0.03;-0.01;0.08;0.0860232526704;0.751583667583;
24;945.0;697.0;-0.02;-0.04;0.08;0.0916515138991;0.744917686233;
24;988.0;699.0;-0.03;0.0;-0.08;0.0854400374532;0.738322909745;
24;1008.0;700.0;-0.03;-0.04;0.01;0.0509901951359;0.731517635343;
24;877.0;698.0;-0.03;-0.02;0.04;0.0538516480713;0.392684641707;
24;1055.0;699.0;-0.03;-0.02;-0.07;0.0787400787401;0.288036454051;
24;960.0;701.0;-0.05;-0.03;-0.06;0.0836660026534;0.236943841202;
24;862.0;699.0;-0.04;-0.01;0.0;0.0412310562562;0.197801284213;
24;983.0;699.0;-0.02;-0.01;0.0;0.022360679775;0.168561183473;
24;956.0;697.0;-0.05;-0.02;-0.04;0.067082039325;0.154064162881;
24;896.0;700.0;-0.03;-0.03;-0.01;0.0435889894354;0.1402547662;
24;962.0;698.0;-0.03;-0.03;-0.01;0.0435889894354;0.129514124337;
24;954.0;698.0;-0.06;-0.03;-0.09;0.112249721603;0.127787684064;
24;959.0;700.0;-0.04;-0.01;0.0;0.0412310562562;0.119918899718;
24;895.0;700.0;-0.01;-0.03;0.01;0.0331662479036;0.112689512066;
24;1047.0;699.0;-0.01;-0.01;0.0;0.0141421356237;0.105108944648;
24;994.0;701.0;-0.03;-0.01;0.0;0.0316227766017;0.0998599326445;
24;1028.0;699.0;-0.04;-0.05;0.01;0.0648074069841;0.0975230976005;
24;957.0;694.0;0.0;0.0;0.0;0.0;0.0914279040004;
24;971.0;699.0;-0.03;-0.03;0.03;0.0519615242271;0.0891063522491;
24;963.0;697.0;-0.03;-0.01;0.0;0.0316227766017;0.0859128202687;
24;960.0;699.0;-0.02;0.0;0.0;0.02;0.082443724465;
24;979.0;699.0;-0.06;-0.01;-0.03;0.0678232998313;0.0817127032334;
24;864.0;699.0;-0.02;0.03;0.03;0.0469041575982;0.0800551534412;
24;1020.0;699.0;-0.04;-0.02;-0.03;0.0538516480713;0.0788640850153;
24;956.0;699.0;-0.05;-0.02;0.0;0.0538516480713;0.0777765877569;
24;885.0;698.0;-0.02;-0.03;0.05;0.0616441400297;0.0771044024349;
24;1045.0;697.0;-0.01;-0.01;0.05;0.0519615242271;0.0760986873066;
24;1054.0;699.0;-0.01;-0.03;0.0;0.0316227766017;0.0743880753564;
24;961.0;697.0;-0.04;-0.01;0.06;0.0728010988928;0.0743292984503;
24;1078.0;698.0;-0.05;-0.01;-0.06;0.0787400787401;0.0744868263178;
24;1061.0;701.0;-0.04;-0.02;-0.03;0.0538516480713;0.0737752684473;
24;859.0;699.0;-0.01;-0.01;0.02;0.0244948974278;0.0721325894133;
24;963.0;696.0;-0.03;-0.01;-0.04;0.0509901951359;0.0714505766947;
24;907.0;699.0;-0.04;0.0;-0.05;0.0640312423743;0.0712187224972;
24;978.0;698.0;-0.03;-0.02;-0.04;0.0538516480713;0.0706924475146;
24;962.0;697.0;-0.05;-0.03;-0.02;0.0616441400297;0.0704263208238;
24;874.0;700.0;-0.02;-0.02;-0.03;0.0412310562562;0.0695921704076;
24;1051.0;701.0;-0.02;-0.02;0.0;0.0282842712475;0.0684447287643;
24;1060.0;698.0;-0.04;-0.04;0.02;0.06;0.0682164928517;
24;954.0;699.0;-0.05;-0.02;-0.08;0.0964365076099;0.068959124819;
24;987.0;698.0;-0.02;-0.02;-0.05;0.0574456264654;0.0686639069125;
24;974.0;700.0;-0.01;-0.03;0.02;0.0374165738677;0.0678827235864;
24;962.0;699.0;-0.01;-0.02;-0.06;0.0640312423743;0.0677887850203;
24;908.0;699.0;-0.03;-0.01;-0.04;0.0509901951359;0.0673888185944;
24;1064.0;699.0;-0.01;-0.01;0.01;0.0173205080757;0.0662244392801;
24;954.0;697.0;-0.04;-0.04;-0.05;0.0754983443527;0.0664352098499;
24;1048.0;699.0;-0.02;0.0;0.0;0.02;0.0654033162977;
24;1045.0;698.0;-0.02;-0.02;0.0;0.0282842712475;0.0645963805357;
24;959.0;699.0;-0.03;-0.02;0.0;0.0360555127546;0.0639891280297;
24;960.0;698.0;-0.03;-0.02;0.0;0.0360555127546;0.0634071777115;
24;936.0;697.0;-0.04;0.0;0.02;0.04472135955;0.0630258344837;
24;983.0;698.0;-0.03;-0.01;0.0;0.0316227766017;0.0623977733261;
24;1025.0;698.0;-0.03;-0.01;0.0;0.0316227766017;0.0617943420178;
24;861.0;700.0;-0.01;-0.04;0.0;0.0412310562562;0.0613988942146;
24;995.0;701.0;-0.04;-0.02;-0.02;0.0489897948557;0.0611647602645;
24;970.0;699.0;-0.03;0.0;-0.07;0.0761577310586;0.0614424078718;
24;865.0;699.0;-0.03;-0.02;0.0;0.0360555127546;0.0609808279606;
24;1028.0;696.0;-0.02;-0.01;0.0;0.022360679775;0.0602911824572;
24;956.0;698.0;-0.06;-0.05;-0.07;0.104880884817;0.0610734579372;
24;948.0;699.0;-0.03;-0.03;0.02;0.0469041575982;0.0608291596555;
24;1006.0;697.0;-0.04;-0.02;-0.01;0.0458257569496;0.0605748646944;
24;969.0;699.0;-0.03;-0.03;0.0;0.0424264068712;0.0602723903974;
24;1026.0;699.0;-0.02;0.0;0.0;0.02;0.0596121872761;
24;888.0;696.0;-0.05;-0.02;0.02;0.0574456264654;0.0595772427469;
24;996.0;698.0;-0.04;0.0;-0.09;0.098488578018;0.0601948829893;
24;953.0;697.0;-0.01;-0.02;0.02;0.03;0.0597230879426;
24;960.0;698.0;0.0;-0.05;0.0;0.05;0.0595735019742;
24;958.0;697.0;-0.04;-0.02;-0.07;0.0830662386292;0.0599294525296;
24;1065.0;698.0;-0.04;-0.01;-0.04;0.0574456264654;0.0598923804988;
24;1028.0;696.0;-0.04;-0.02;0.0;0.04472135955;0.0596692772496;
24;869.0;700.0;-0.02;-0.01;-0.04;0.0458257569496;0.0594686465206;
24;1047.0;698.0;-0.04;-0.02;-0.12;0.128062484749;0.0604485584953;
24;1052.0;697.0;-0.04;-0.01;-0.02;0.0458257569496;0.0602426035439;
24;971.0;699.0;-0.03;0.0;-0.05;0.0583095189485;0.0602157551467;
24;960.0;700.0;-0.03;-0.02;0.0;0.0360555127546;0.0598847929222;
24;1055.0;699.0;-0.04;-0.01;-0.01;0.0424264068712;0.0596488687864;
24;964.0;698.0;-0.03;-0.03;-0.03;0.0519615242271;0.0595463708589;
24;1004.0;698.0;-0.01;0.0;-0.03;0.0316227766017;0.059178955145;
24;973.0;698.0;-0.06;-0.02;-0.05;0.080622577483;0.0594574437468;
24;920.0;698.0;-0.03;0.0;0.03;0.0424264068712;0.0592390971202;
24;992.0;697.0;-0.03;0.0;0.0;0.03;0.0588689819668;
24;954.0;697.0;-0.02;0.0;-0.05;0.0538516480713;0.0588062652931;
24;1016.0;701.0;-0.05;0.0;0.0;0.05;0.0586975459685;
24;996.0;699.0;-0.03;0.0;0.01;0.0316227766017;0.0583673658542;
24;939.0;698.0;-0.03;-0.03;0.01;0.0435889894354;0.0581893131263;
24;1012.0;701.0;-0.02;-0.02;-0.08;0.0848528137424;0.0585067357527;
24;986.0;699.0;-0.01;-0.03;0.02;0.0374165738677;0.0582586162011;
24;957.0;698.0;-0.06;-0.04;-0.02;0.0748331477355;0.058451343312;
24;907.0;700.0;-0.02;-0.02;-0.03;0.0412310562562;0.058253408978;
24;1047.0;699.0;-0.04;0.0;-0.04;0.0565685424949;0.0582342627679;
24;934.0;699.0;-0.03;-0.03;0.01;0.0435889894354;0.058069709135;
24;998.0;699.0;-0.06;-0.02;-0.06;0.0871779788708;0.0583931343543;
24;964.0;699.0;-0.02;-0.01;-0.04;0.0458257569496;0.0582550313059;
24;956.0;700.0;0.0;-0.02;0.02;0.0282842712475;0.0579292621748;
24;918.0;701.0;-0.05;-0.02;0.0;0.0538516480713;0.0578854168619;
24;950.0;701.0;-0.02;-0.01;-0.01;0.0244948974278;0.05753019857;
24;874.0;699.0;-0.04;-0.02;-0.05;0.067082039325;0.0576307442622;
24;1032.0;699.0;-0.03;-0.02;-0.05;0.0616441400297;0.0576725504681;
24;957.0;699.0;-0.03;-0.04;-0.01;0.0509901951359;0.0576036602069;
24;956.0;701.0;-0.02;0.0;-0.04;0.04472135955;0.0574722081594;
24;872.0;701.0;-0.02;-0.03;0.0;0.0360555127546;0.0572558779028;
24;978.0;699.0;-0.04;-0.01;-0.07;0.0812403840464;0.0574957229642;
24;957.0;699.0;-0.01;0.0;-0.01;0.0141421356237;0.0570664795252;
24;951.0;699.0;-0.04;-0.03;0.0;0.05;0.0535332397626;
24;970.0;701.0;-0.03;-0.02;0.0;0.0360555127546;0.04770733076;
24;957.0;699.0;0.0;0.0;0.01;0.01;0.03828049807;
24;902.0;699.0;-0.03;0.0;0.06;0.067082039325;0.044040806321;
24;906.0;698.0;-0.04;-0.01;-0.03;0.0509901951359;0.0451990377901;
24;989.0;698.0;-0.02;-0.04;-0.02;0.0489897948557;0.0457405745138;
24;875.0;701.0;-0.01;-0.03;0.05;0.059160797831;0.0474181024284;
24;973.0;699.0;-0.02;-0.01;-0.07;0.0734846922835;0.0503143901901;
24;957.0;699.0;-0.03;-0.03;0.0;0.0424264068712;0.0495255918582;
24;916.0;700.0;-0.02;-0.02;-0.05;0.0574456264654;0.0502455950043;
24;977.0;699.0;-0.04;-0.01;-0.09;0.0989949493661;0.0543080412011;
24;983.0;700.0;-0.03;-0.03;-0.05;0.065574385243;0.0551746830505;
24;1049.0;701.0;-0.04;-0.04;-0.06;0.0824621125124;0.0571237851549;
24;982.0;702.0;-0.04;-0.04;-0.06;0.0824621125124;0.0588130069788;
24;947.0;701.0;-0.02;-0.01;-0.03;0.0374165738677;0.0574757299093;
24;1051.0;699.0;-0.02;-0.04;-0.04;0.06;0.0576242163852;
24;949.0;699.0;-0.02;-0.01;-0.03;0.0374165738677;0.0565015695787;
24;995.0;702.0;-0.04;0.0;0.0;0.04;0.0556330659167;
24;958.0;700.0;-0.04;0.0;-0.01;0.0412310562562;0.0549129654337;
24;1037.0;701.0;-0.03;-0.05;-0.04;0.0707106781187;0.0556652374663;
24;1027.0;700.0;-0.03;-0.02;-0.03;0.0469041575982;0.0552670065632;
24;962.0;700.0;-0.05;-0.03;0.02;0.0616441400297;0.0555442732356;
24;863.0;701.0;-0.02;-0.03;-0.01;0.0374165738677;0.0547889524286;
24;897.0;701.0;-0.01;-0.01;-0.04;0.0424264068712;0.0542944506063;
24;1001.0;702.0;-0.05;0.0;-0.02;0.0538516480713;0.0542774197396;
24;958.0;700.0;-0.03;-0.02;0.0;0.0360555127546;0.0536025342957;
24;964.0;699.0;-0.03;-0.02;-0.02;0.0412310562562;0.0531606957943;
24;1010.0;702.0;-0.01;-0.01;0.02;0.0244948974278;0.0521722199886;
24;1063.0;700.0;-0.03;-0.02;-0.02;0.0412310562562;0.0518075145308;
24;904.0;699.0;-0.01;-0.01;-0.08;0.0812403840464;0.0527569619345;
24;984.0;701.0;-0.03;-0.04;0.0;0.05;0.0526708068741;
24;1049.0;701.0;-0.04;-0.03;0.01;0.0509901951359;0.0526198792457;
24;996.0;701.0;-0.04;0.0;0.01;0.0412310562562;0.0522849138636;
24;959.0;702.0;-0.04;-0.01;0.0;0.0412310562562;0.0519690893606;
24;927.0;702.0;-0.05;-0.04;-0.02;0.067082039325;0.0523888935262;
24;1048.0;702.0;-0.03;-0.03;-0.08;0.0905538513814;0.0534203788737;
24;997.0;701.0;-0.05;-0.03;-0.05;0.0768114574787;0.0540359335738;
24;1009.0;703.0;-0.02;-0.01;0.03;0.0374165738677;0.0536097961454;
24;1026.0;701.0;-0.04;-0.02;-0.1;0.109544511501;0.0550081640293;
24;915.0;702.0;-0.05;-0.03;0.02;0.0616441400297;0.0551700171025;
24;1008.0;703.0;-0.04;0.0;0.0;0.04;0.0548088262191;
24;965.0;702.0;-0.02;-0.02;-0.05;0.0574456264654;0.0548701471551;
24;941.0;699.0;-0.03;0.0;0.0;0.03;0.0543049165379;
24;1043.0;701.0;-0.04;-0.03;0.02;0.0538516480713;0.0542948439053;
24;956.0;701.0;-0.01;-0.03;-0.04;0.0509901951359;0.0542230037147;
24;951.0;702.0;-0.05;-0.04;0.02;0.067082039325;0.054496600217;
24;988.0;700.0;-0.03;-0.02;0.01;0.0374165738677;0.0541407663348;
24;962.0;701.0;-0.01;0.0;0.01;0.0141421356237;0.0533244677488;
24;953.0;702.0;-0.01;-0.04;-0.04;0.0574456264654;0.0534068909231;
24;1071.0;704.0;-0.03;0.0;-0.04;0.05;0.0533400891403;
24;897.0;703.0;-0.04;-0.03;0.05;0.0707106781187;0.0536741389284;
24;1054.0;702.0;-0.06;-0.01;-0.09;0.108627804912;0.0547110005507;
24;959.0;701.0;-0.02;0.0;-0.03;0.0360555127546;0.0543655285545;
24;935.0;702.0;-0.04;-0.02;-0.09;0.100498756211;0.0552043145119;
24;995.0;703.0;-0.02;-0.01;0.01;0.0244948974278;0.054655932064;
24;862.0;701.0;-0.03;-0.02;-0.03;0.0469041575982;0.0545199360207;
24;960.0;704.0;-0.03;-0.02;0.04;0.0538516480713;0.0545084138147;
24;924.0;702.0;-0.03;-0.02;0.04;0.0538516480713;0.0544972821919;
24;910.0;703.0;-0.03;-0.02;0.01;0.0374165738677;0.0542126037198;
24;1007.0;702.0;-0.02;-0.04;-0.04;0.06;0.0543074790687;
24;1083.0;704.0;-0.01;-0.02;0.0;0.022360679775;0.0537922081123;
24;960.0;707.0;-0.04;-0.02;-0.04;0.06;0.0538907444915;
24;974.0;703.0;-0.03;-0.03;0.04;0.0583095189485;0.0539597878424;
24;957.0;703.0;-0.02;-0.01;0.02;0.03;0.0535911757218;
24;888.0;704.0;-0.06;-0.01;-0.1;0.117046999107;0.0545526275912;
24;869.0;704.0;-0.02;0.0;0.0;0.02;0.0540369167317;
24;969.0;703.0;-0.04;-0.03;-0.04;0.0640312423743;0.0541838921088;
24;953.0;703.0;-0.04;-0.01;0.0;0.0412310562562;0.05399616985;
24;955.0;703.0;-0.02;0.0;-0.02;0.0282842712475;0.0536288570128;
24;1058.0;703.0;-0.04;-0.02;0.0;0.04472135955;0.0535033993021;
24;990.0;704.0;-0.02;-0.03;-0.03;0.0469041575982;0.0534117431673;
24;962.0;704.0;-0.04;-0.03;-0.04;0.0640312423743;0.0535572157592;
24;868.0;705.0;-0.03;-0.02;0.0;0.0360555127546;0.0533207062591;
24;988.0;705.0;-0.02;-0.02;0.0;0.0282842712475;0.0529868871256;
24;917.0;705.0;-0.02;-0.01;-0.02;0.03;0.0526844280845;
24;860.0;704.0;-0.04;-0.03;0.01;0.0509901951359;0.0526624250592;
24;958.0;703.0;-0.02;-0.02;0.0;0.0282842712475;0.0523498846257;
24;961.0;701.0;-0.02;-0.03;0.01;0.0374165738677;0.0521608553756;
24;956.0;704.0;-0.02;-0.01;-0.07;0.0734846922835;0.052427403337;
24;1051.0;705.0;-0.01;-0.03;-0.01;0.0331662479036;0.0521896112946;
24;958.0;704.0;-0.02;-0.03;-0.08;0.0877496438739;0.0526232702285;
24;941.0;705.0;-0.01;-0.03;0.02;0.0374165738677;0.0524400570193;
24;935.0;706.0;-0.01;-0.03;0.02;0.0374165738677;0.0522612060294;
24;952.0;704.0;-0.01;-0.03;-0.01;0.0331662479036;0.0520365594632;
24;863.0;706.0;-0.04;-0.02;0.0;0.04472135955;0.0519514989991;
24;1056.0;704.0;-0.05;0.0;-0.04;0.0640312423743;0.0520903466241;
24;986.0;704.0;-0.02;-0.01;0.03;0.0374165738677;0.0519235992064;
24;868.0;708.0;-0.04;0.0;-0.08;0.0894427191;0.0523451623513;
24;885.0;706.0;-0.03;0.0;-0.02;0.0360555127546;0.0521641662447;
24;1020.0;704.0;-0.03;-0.02;0.0;0.0360555127546;0.0519871480745;
24;958.0;704.0;-0.04;-0.02;0.0;0.04472135955;0.0519081721122;
24;952.0;705.0;-0.02;0.0;0.02;0.0282842712475;0.0516541516728;
24;890.0;706.0;-0.03;-0.01;0.0;0.0316227766017;0.051441051938;
24;998.0;706.0;-0.03;-0.03;-0.08;0.0905538513814;0.0518527656164;
24;956.0;706.0;-0.04;-0.02;-0.01;0.0458257569496;0.0517899842761;
24;903.0;706.0;-0.02;0.0;0.02;0.0282842712475;0.0515476573377;
24;966.0;705.0;-0.01;-0.02;-0.04;0.0458257569496;0.051489270599;
24;867.0;705.0;-0.04;-0.02;0.01;0.0458257569496;0.0514320633904;
24;876.0;706.0;-0.02;0.0;-0.07;0.0728010988928;0.0516457537455;
24;956.0;706.0;-0.03;-0.01;0.02;0.0374165738677;0.0515048707764;
24;1061.0;705.0;-0.04;-0.01;-0.02;0.0458257569496;0.048665313863;
24;953.0;704.0;-0.04;-0.03;-0.02;0.0538516480713;0.0503940919324;
24;960.0;704.0;-0.01;-0.01;0.0;0.0141421356237;0.0413311028553;
24;955.0;707.0;-0.01;0.0;-0.06;0.060827625303;0.0452304073448;
24;963.0;704.0;-0.02;-0.02;0.0;0.0282842712475;0.0424060513286;
24;883.0;707.0;-0.01;-0.03;-0.04;0.0509901951359;0.0436323575868;
24;974.0;706.0;-0.01;-0.01;0.01;0.0173205080757;0.0403433763979;
24;1030.0;706.0;-0.05;-0.04;-0.02;0.067082039325;0.0433143389453;
24;963.0;705.0;-0.01;0.0;-0.04;0.0412310562562;0.0431060106764;
24;909.0;708.0;-0.04;-0.01;-0.06;0.0728010988928;0.0458055641506;
24;909.0;706.0;-0.02;-0.01;-0.09;0.092736184955;0.0497164492177;
24;1012.0;705.0;-0.03;0.0;0.0;0.03;0.0481997992778;
24;907.0;706.0;-0.05;-0.01;-0.01;0.0519615242271;0.0484684939171;
24;1016.0;707.0;0.0;-0.01;-0.1;0.100498756211;0.05193717807;
24;953.0;708.0;-0.03;0.0;0.05;0.0583095189485;0.0523354493749;
24;876.0;707.0;-0.04;-0.02;-0.05;0.067082039325;0.0532028958426;
24;1062.0;706.0;-0.02;-0.02;0.0;0.0282842712475;0.0518185278095;
24;1062.0;706.0;-0.02;-0.02;0.05;0.0574456264654;0.0521146908967;
24;991.0;706.0;-0.04;-0.03;0.0;0.05;0.0520089563518;
24;960.0;705.0;-0.05;-0.04;0.0;0.0640312423743;0.0525814461624;
24;975.0;706.0;-0.03;-0.02;0.01;0.0374165738677;0.0518921337854;
24;914.0;706.0;-0.03;-0.01;-0.07;0.0768114574787;0.0529755826416;
24;863.0;707.0;-0.05;-0.01;-0.01;0.0519615242271;0.0529333302077;
24;882.0;705.0;-0.03;-0.01;0.0;0.0316227766017;0.0520809080634;
24;1007.0;706.0;0.0;-0.02;0.0;0.02;0.0508470269841;
24;1066.0;705.0;-0.03;-0.02;0.01;0.0374165738677;0.0503496027946;
24;959.0;706.0;-0.03;-0.01;-0.02;0.0374165738677;0.0498877089043;
24;954.0;705.0;-0.02;-0.01;-0.08;0.0830662386292;0.0510317961362;
24;868.0;706.0;-0.02;0.01;-0.05;0.0547722557505;0.0511564781234;
24;1008.0;707.0;-0.05;0.0;0.02;0.0538516480713;0.0512434190894;
24;916.0;705.0;-0.03;-0.02;0.0;0.0360555127546;0.0507687970165;
24;987.0;705.0;-0.02;-0.01;0.0;0.022360679775;0.0499079449789;
24;950.0;703.0;-0.02;-0.02;-0.04;0.0489897948557;0.0498809405635;
24;893.0;705.0;-0.02;-0.02;0.01;0.03;0.0493129136902;
24;957.0;706.0;-0.01;-0.02;-0.02;0.03;0.0487764438655;
24;957.0;705.0;-0.02;0.0;0.0;0.02;0.0479987021394;
24;975.0;703.0;-0.04;-0.02;-0.03;0.0538516480713;0.0481527270323;
24;966.0;704.0;-0.03;-0.02;0.01;0.0374165738677;0.0478774410538;
24;959.0;705.0;-0.05;-0.01;-0.05;0.0714142842854;0.0484658621346;
24;958.0;704.0;-0.07;-0.02;0.0;0.0728010988928;0.0490594044945;
24;890.0;705.0;-0.04;-0.02;-0.02;0.0489897948557;0.0490577471222;
24;988.0;707.0;-0.02;-0.02;0.03;0.0412310562562;0.0488757310555;
24;972.0;706.0;0.0;-0.01;0.03;0.0316227766017;0.0484836184543;
24;1061.0;703.0;-0.04;-0.02;0.01;0.0458257569496;0.0484245548653;
24;953.0;704.0;-0.04;-0.03;-0.04;0.0640312423743;0.0487638306807;
24;1029.0;704.0;-0.02;-0.01;0.0;0.022360679775;0.0482020615125;
24;955.0;705.0;-0.03;-0.01;0.01;0.0331662479036;0.0478888153956;
24;934.0;705.0;-0.04;-0.01;0.02;0.0458257569496;0.0478467121621;
24;1004.0;705.0;-0.03;-0.03;-0.02;0.0469041575982;0.0478278610708;
24;976.0;703.0;-0.03;-0.03;-0.05;0.065574385243;0.048175832133;
24;953.0;705.0;-0.03;0.0;-0.05;0.0583095189485;0.0483707107256;
24;879.0;705.0;-0.03;-0.01;-0.03;0.0435889894354;0.0482804895692;
24;1002.0;708.0;-0.01;-0.02;0.04;0.0458257569496;0.0482350315577;
24;1046.0;706.0;-0.03;-0.02;-0.01;0.0374165738677;0.048038332327;
24;971.0;705.0;-0.03;-0.01;-0.03;0.0435889894354;0.0479588797753;
24;867.0;708.0;-0.03;-0.02;-0.11;0.115758369028;0.0491483444991;
24;968.0;706.0;-0.04;-0.03;0.03;0.0583095189485;0.0493062957827;
24;952.0;705.0;-0.03;-0.03;-0.02;0.0469041575982;0.0492655815762;
24;972.0;705.0;0.0;-0.03;0.0;0.03;0.0489444885499;
24;1031.0;706.0;-0.01;-0.02;-0.03;0.0374165738677;0.048755506342;
24;954.0;706.0;-0.02;-0.01;0.05;0.0547722557505;0.0488525506873;
24;861.0;704.0;-0.03;-0.02;-0.1;0.106301458127;0.049764438107;
24;968.0;706.0;-0.06;-0.02;-0.04;0.0748331477355;0.0501561366949;
24;904.0;704.0;0.0;-0.03;-0.03;0.0424264068712;0.0500372177745;
24;956.0;705.0;-0.05;-0.02;0.01;0.0547722557505;0.0501089607742;
24;959.0;705.0;-0.03;-0.03;-0.04;0.0583095189485;0.0502313571648;
24;1059.0;704.0;-0.03;-0.01;0.0;0.0316227766017;0.0499577015683;
24;960.0;705.0;-0.02;-0.01;-0.1;0.10246950766;0.0507187422363;
24;866.0;708.0;-0.04;-0.03;-0.03;0.0583095189485;0.0508271819036;
24;877.0;706.0;-0.03;-0.02;0.0;0.0360555127546;0.0506191302255;
24;961.0;705.0;-0.06;-0.02;-0.02;0.0663324958071;0.0508373714141;
24;872.0;706.0;-0.01;0.0;-0.08;0.080622577483;0.0512453879356;
24;966.0;705.0;-0.01;-0.04;0.02;0.0458257569496;0.051172149679;
24;967.0;702.0;-0.01;0.0;-0.09;0.0905538513814;0.0516972390351;
24;942.0;702.0;0.0;-0.01;0.0;0.01;0.051148591153;
24;1025.0;705.0;-0.03;-0.04;0.02;0.0538516480713;0.0511836957883;
24;954.0;705.0;-0.03;-0.04;0.02;0.0538516480713;0.0512179003048;
24;897.0;704.0;-0.01;0.0;0.0;0.01;0.0506961547313;
24;920.0;706.0;-0.02;-0.01;-0.04;0.0458257569496;0.050635274759;
24;1048.0;705.0;-0.02;-0.03;0.0;0.0360555127546;0.0504552776972;
24;1054.0;703.0;-0.03;-0.01;-0.02;0.0374165738677;0.050296269114;
24;955.0;704.0;-0.01;-0.02;0.01;0.0244948974278;0.0499854092141;
24;903.0;705.0;-0.04;-0.04;0.03;0.0640312423743;0.0501526215136;
24;923.0;704.0;-0.03;-0.01;-0.04;0.0509901951359;0.050162475321;
24;921.0;704.0;-0.02;-0.02;-0.06;0.0663324958071;0.050350498815;
24;959.0;705.0;-0.04;-0.02;-0.04;0.06;0.0504614126217;
24;984.0;705.0;-0.04;0.0;0.0;0.04;0.0503425329328;
24;995.0;706.0;-0.01;-0.01;-0.04;0.0424264068712;0.0502535876962;
24;908.0;705.0;-0.05;-0.02;0.04;0.067082039325;0.0504405704921;
24;1003.0;707.0;-0.01;-0.06;-0.01;0.0616441400297;0.0505636866408;
24;990.0;705.0;-0.01;-0.02;-0.13;0.131909059583;0.0514478754772;
24;1043.0;705.0;-0.04;-0.01;-0.01;0.0424264068712;0.0513508704384;
24;960.0;706.0;0.0;-0.01;0.06;0.060827625303;0.0514516869795;
24;909.0;707.0;-0.02;0.0;0.02;0.0282842712475;0.0512078194455;
24;1003.0;707.0;-0.05;-0.02;0.0;0.0538516480713;0.051235359327;
24;981.0;707.0;-0.04;-0.03;0.03;0.0583095189485;0.0513082888076;
24;957.0;705.0;-0.03;-0.02;-0.05;0.0616441400297;0.0514137566772;
24;947.0;708.0;-0.01;-0.03;-0.05;0.059160797831;0.0514920096182;
24;907.0;707.0;-0.03;0.0;0.03;0.0424264068712;0.0514013535907;
24;949.0;707.0;-0.04;-0.03;0.01;0.0509901951359;0.0513972827149;
24;956.0;705.0;-0.03;-0.03;0.01;0.0435889894354;0.0474931360752;
24;952.0;708.0;-0.01;-0.01;-0.02;0.0244948974278;0.0398270565261;
24;883.0;710.0;-0.02;-0.03;0.03;0.0469041575982;0.0415963317941;
24;911.0;705.0;-0.05;0.0;0.01;0.0509901951359;0.0434751044625;
24;1027.0;707.0;-0.03;-0.01;0.03;0.0435889894354;0.0434940852913;
24;1058.0;706.0;-0.04;-0.02;0.0;0.04472135955;0.0436694101854;
24;951.0;707.0;-0.04;-0.03;0.02;0.0538516480713;0.0449421899211;
24;1005.0;707.0;-0.05;0.0;-0.02;0.0538516480713;0.0459321297156;
24;983.0;706.0;-0.02;-0.01;-0.07;0.0734846922835;0.0486873859724;
24;870.0;707.0;-0.03;-0.02;-0.01;0.0374165738677;0.0476627666902;
24;929.0;709.0;-0.01;-0.01;0.01;0.0173205080757;0.0451342451389;
24;958.0;708.0;-0.03;-0.04;0.03;0.0583095189485;0.0461477277397;
24;1012.0;707.0;-0.01;0.0;0.0;0.01;0.0435657471868;
24;954.0;705.0;-0.01;-0.01;-0.07;0.0714142842854;0.0454223163267;
24;1051.0;706.0;-0.02;-0.02;0.02;0.0346410161514;0.0447484850658;
24;952.0;707.0;-0.04;-0.02;0.01;0.0458257569496;0.0448118540001;
24;871.0;707.0;-0.06;-0.01;0.0;0.060827625303;0.0457016190725;
24;997.0;706.0;-0.02;-0.01;-0.02;0.03;0.0448752180687;
24;953.0;706.0;-0.04;-0.03;-0.02;0.0538516480713;0.0453240395688;
24;952.0;707.0;-0.01;0.0;0.0;0.01;0.0436419424465;
24;867.0;708.0;-0.04;-0.02;0.04;0.06;0.0443854905171;
24;1059.0;708.0;-0.04;-0.02;0.02;0.0489897948557;0.0445856776623;
24;953.0;709.0;-0.03;-0.02;0.03;0.0469041575982;0.0446822809929;
24;987.0;708.0;-0.03;-0.02;-0.04;0.0538516480713;0.0450490556761;
24;947.0;709.0;-0.04;-0.03;-0.05;0.0707106781187;0.0460360411546;
24;954.0;706.0;-0.01;0.0;0.05;0.0509901951359;0.0462195283391;
24;962.0;709.0;-0.03;-0.03;0.0;0.0424264068712;0.0460840597153;
24;875.0;708.0;-0.05;-0.02;-0.01;0.0547722557505;0.046383652682;
24;972.0;707.0;-0.03;-0.02;-0.03;0.0469041575982;0.0464010028459;
24;990.0;708.0;-0.02;-0.02;-0.04;0.0489897948557;0.0464845122655;
24;957.0;708.0;-0.03;-0.01;0.01;0.0331662479036;0.0460683165042;
24;950.0;707.0;-0.03;0.0;-0.02;0.0360555127546;0.0457648982088;
24;885.0;709.0;-0.03;0.0;-0.01;0.0316227766017;0.0453489534556;
24;944.0;703.0;-0.02;-0.01;-0.03;0.0374165738677;0.0451223140388;
24;900.0;702.0;-0.03;-0.02;0.04;0.0538516480713;0.0453647955397;
24;884.0;701.0;-0.03;-0.01;0.05;0.059160797831;0.0457376604665;
24;903.0;701.0;-0.06;-0.03;0.05;0.0836660026534;0.0467357747346;
24;952.0;699.0;-0.02;-0.01;-0.05;0.0547722557505;0.0469418383504;
24;953.0;698.0;-0.04;-0.02;-0.01;0.0458257569496;0.0469139363154;
24;919.0;699.0;-0.03;-0.01;0.02;0.0374165738677;0.0466822933289;
24;988.0;697.0;-0.02;-0.04;-0.03;0.0538516480713;0.0468529922513;
24;954.0;698.0;-0.02;-0.03;0.03;0.0469041575982;0.0468541821431;
24;948.0;697.0;-0.03;-0.04;0.0;0.05;0.0469256780035;
24;870.0;695.0;-0.04;-0.02;0.02;0.0489897948557;0.0469715472669;
24;1078.0;698.0;-0.04;-0.01;-0.06;0.0728010988928;0.0475330592587;
24;940.0;697.0;-0.02;-0.01;-0.01;0.0244948974278;0.0470428856027;
24;885.0;697.0;-0.03;-0.03;-0.02;0.0469041575982;0.047039995436;
24;940.0;696.0;-0.05;-0.01;-0.03;0.059160797831;0.0472873587502;
24;887.0;697.0;-0.01;-0.04;0.0;0.0412310562562;0.0471662327003;
24;987.0;696.0;-0.02;-0.01;0.0;0.022360679775;0.0466798493096;
